Referendum: 6 November 1999									
		
Referendum Results										
	
By Division by Polling Place									
		

"A proposed law for the Alteration of the Constitution, entitled"			
								
   the Constitutional Alteration (Preamble) 1999					
						
											
											
Queensland											
Maranoa (83216)											

		Yes		No		Formal		Informal		Total	
Polling Place		                                                             
Votes	%	Votes	%	Votes	%	Votes	%	Votes	%
Allora	No	223	21.18	830	78.82	1053	99.34	7	0.66	1060	1.34
Amby	No	12	21.05	45	78.95	57	98.28	1	1.72	58	0.07
Amiens	No	71	28.63	177	71.37	248	99.60	1	0.40	249	0.32
Anakie	No	25	25.00	75	75.00	100	100.00	0	0.00	100
	0.13
Applethorpe	No	90	26.71	247	73.29	337	98.83	4	1.17	341	0.43
Augathella	No	78	24.76	237	75.24	315	98.75	4	1.25	319	0.40
Ballandean	No	104	34.67	196	65.33	300	99.01	3	0.99	303	0.38
Bauhinia Downs	No	34	22.52	117	77.48	151	100.00	0	0.00
	151	0.19
Bedourie	No	6	15.00	34	85.00	40	95.24	2	4.76	42	0.05
Bell	No	68	17.04	331	82.96	399	99.50	2	0.50	401	0.51
Birdsville	Yes	20	54.05	17	45.95	37	94.87	2	5.13	39	0.05
Blackall	No	156	18.35	694	81.65	850	99.77	2	0.23	852	1.08
Blackwater	No	292	23.95	927	76.05	1219	99.43	7	0.57	1226	1.55
Blackwater North	No	230	29.45	551	70.55	781	99.87	1	0.13	782
	0.99
Bluff	No	58	23.48	189	76.52	247	99.20	2	0.80	249	0.32
Bollon	No	25	17.12	121	82.88	146	100.00	0	0.00	146
	0.18
Brigalow	No	36	20.22	142	79.78	178	100.00	0	0.00	178
	0.23
Bringalily South	No	15	15.00	85	85.00	100	100.00	0	0.00
	100	0.13
Brisbane City (Maranoa)	No	27	29.03	66	70.97	93	100.00	0
	0.00	93	0.12
Broadwater Crossing	No	91	25.63	264	74.37	355	99.16	3	0.84
	358	0.45
Bungunya	No	6	9.09	60	90.91	66	97.06	2	2.94	68	0.09
Burra Burri	No	8	10.96	65	89.04	73	98.65	1	1.35	74	0.09
Canaga	No	5	7.81	59	92.19	64	98.46	1	1.54	65	0.08
Cecil Plains	No	50	17.92	229	82.08	279	99.64	1	0.36	280
	0.35
Charleville	No	345	22.50	1188	77.50	1533	99.48	8	0.52	1541	1.95
Charleville Hospital	No	56	17.13	271	82.87	327	99.09	3	0.91
	330	0.42
Chinchilla	No	365	18.32	1627	81.68	1992	99.55	9	0.45	2001	2.53
Chinchilla Hospital	No	87	13.41	562	86.59	649	99.69	2	0.31
	651	0.82
Clintonvale	No	14	13.46	90	86.54	104	100.00	0	0.00	104
	0.13
Comet	No	19	18.27	85	81.73	104	100.00	0	0.00	104	0.13
Condamine	No	39	19.70	159	80.30	198	100.00	0	0.00	198
	0.25
Cooranga North	No	11	15.07	62	84.93	73	98.65	1	1.35	74
	0.09
Cottonvale	No	76	28.46	191	71.54	267	99.26	2	0.74	269	0.34
Cunnamulla	No	162	21.46	593	78.54	755	99.47	4	0.53	759	0.96
Dalby	No	476	22.71	1620	77.29	2096	99.48	11	0.52	2107	2.67
Dalby North	No	265	21.39	974	78.61	1239	99.52	6	0.48	1245	1.58
Dalby South	No	306	22.72	1041	77.28	1347	99.34	9	0.66	1356	1.72
Dalveen	No	25	20.00	100	80.00	125	99.21	1	0.79	126	0.16
Dingo	No	34	20.12	135	79.88	169	99.41	1	0.59	170	0.22
Dirranbandi	No	102	32.38	213	67.62	315	99.37	2	0.63	317	0.40
Drillham	No	23	18.40	102	81.60	125	100.00	0	0.00	125
	0.16
Duaringa	No	41	17.60	192	82.40	233	100.00	0	0.00	233
	0.29
Dulacca	No	23	14.56	135	85.44	158	99.37	1	0.63	159	0.20
Emerald	No	758	26.54	2098	73.46	2856	98.89	32	1.11	2888	3.66
Emerald North	No	336	30.27	774	69.73	1110	99.55	5	0.45	1115
	1.41
Emerald South	No	111	28.91	273	71.09	384	99.74	1	0.26	385
	0.49
Eukey	No	37	30.83	83	69.17	120	100.00	0	0.00	120	0.15
Eulo	No	11	20.00	44	80.00	55	98.21	1	1.79	56	0.07
Eumamurrin	No	6	8.82	62	91.18	68	100.00	0	0.00	68
	0.09
Gindie	No	29	31.52	63	68.48	92	100.00	0	0.00	92
	0.12
Glen Aplin	No	66	23.57	214	76.43	280	99.29	2	0.71	282	0.36
Glennie Heights	No	183	19.85	739	80.15	922	99.35	6	0.65	928
	1.17
Goomburra	No	25	17.73	116	82.27	141	99.30	1	0.70	142	0.18
Goondiwindi	No	344	19.93	1382	80.07	1726	99.65	6	0.35	1732	2.19
Goondiwindi West	No	287	20.57	1108	79.43	1395	99.36	9	0.64	1404
	1.78
Guluguba	No	5	7.14	65	92.86	70	100.00	0	0.00	70
	0.09
Hannaford	No	17	34.00	33	66.00	50	100.00	0	0.00	50
	0.06
Hebel	No	7	13.21	46	86.79	53	100.00	0	0.00	53	0.07
Inglestone	No	24	19.83	97	80.17	121	100.00	0	0.00	121
	0.15
Inglewood	No	210	27.34	558	72.66	768	99.87	1	0.13	769	0.97
Injune	No	38	12.42	268	87.58	306	97.76	7	2.24	313	0.40
Isisford	No	13	19.12	55	80.88	68	100.00	0	0.00	68
	0.09
Jandowae	No	120	16.76	596	83.24	716	99.44	4	0.56	720	0.91
Jimbour	No	25	19.84	101	80.16	126	100.00	0	0.00	126
	0.16
Jundah	No	19	24.36	59	75.64	78	100.00	0	0.00	78
	0.10
Kaimkillenbun	No	33	14.60	193	85.40	226	99.12	2	0.88	228
	0.29
Karara	No	20	19.23	84	80.77	104	100.00	0	0.00	104
	0.13
Killarney	No	120	15.48	655	84.52	775	99.87	1	0.13	776	0.98
Kindon	No	7	13.46	45	86.54	52	100.00	0	0.00	52
	0.07
Kogan	No	17	16.67	85	83.33	102	99.03	1	0.97	103	0.13
Kupunn	No	37	30.33	85	69.67	122	100.00	0	0.00	122
	0.15
Leyburn	No	39	23.21	129	76.79	168	99.41	1	0.59	169	0.21
Macalister	No	25	21.01	94	78.99	119	100.00	0	0.00	119
	0.15
Maryvale	No	38	22.09	134	77.91	172	99.42	1	0.58	173	0.22
Massie	No	39	18.48	172	81.52	211	99.53	1	0.47	212	0.27
Meandarra	No	32	13.28	209	86.72	241	99.59	1	0.41	242	0.31
Miles	No	131	14.36	781	85.64	912	99.78	2	0.22	914	1.16
Millmerran	No	182	17.19	877	82.81	1059	98.79	13	1.21	1072	1.36
Mitchell	No	116	18.41	514	81.59	630	99.37	4	0.63	634	0.80
Moonie	No	28	18.67	122	81.33	150	100.00	0	0.00	150
	0.19
Morven	No	27	18.62	118	81.38	145	100.00	0	0.00	145
	0.18
Muckadilla	No	5	10.00	45	90.00	50	100.00	0	0.00	50
	0.06
Mungallala	No	12	15.58	65	84.42	77	100.00	0	0.00	77
	0.10
Mungindi	No	17	20.48	66	79.52	83	100.00	0	0.00	83
	0.11
Murrays Bridge	No	24	16.90	118	83.10	142	100.00	0	0.00
	142	0.18
Pratten	No	19	15.70	102	84.30	121	100.00	0	0.00	121
	0.15
Quilpie	No	65	18.06	295	81.94	360	99.17	3	0.83	363	0.46
Rolleston	No	24	16.55	121	83.45	145	99.32	1	0.68	146	0.18
Roma	No	336	20.24	1324	79.76	1660	99.22	13	0.78	1673	2.12
Roma School	No	366	21.42	1343	78.58	1709	98.62	24	1.38	1733	2.19
Roma West	No	99	18.40	439	81.60	538	99.08	5	0.92	543	0.69
Rubyvale	No	67	24.36	208	75.64	275	99.64	1	0.36	276	0.35
St George	No	340	22.14	1196	77.86	1536	98.97	16	1.03	1552	1.96
St Ruth	No	12	23.53	39	76.47	51	100.00	0	0.00	51
	0.06
Sapphire	No	38	16.96	186	83.04	224	98.68	3	1.32	227	0.29
Springsure	No	125	17.86	575	82.14	700	99.57	3	0.43	703	0.89
Stanthorpe	No	561	28.90	1380	71.10	1941	98.58	28	1.42	1969	2.49
Stanthorpe South	No	146	27.55	384	72.45	530	99.25	4	0.75	534
	0.68
Stanthorpe West	No	170	28.52	426	71.48	596	98.35	10	1.65	606
	0.77
Surat	No	81	20.77	309	79.23	390	99.24	3	0.76	393	0.50
Talwood	No	24	17.91	110	82.09	134	99.26	1	0.74	135	0.17
Tambo	No	48	16.22	248	83.78	296	99.66	1	0.34	297	0.38
Tara	No	166	17.77	768	82.23	934	99.79	2	0.21	936	1.18
Taroom	No	96	15.84	510	84.16	606	99.67	2	0.33	608	0.77
Texas	No	105	17.16	507	82.84	612	98.39	10	1.61	622	0.79
Thallon	No	35	25.36	103	74.64	138	100.00	0	0.00	138
	0.17
Thargomindah	No	18	15.93	95	84.07	113	100.00	0	0.00
	113	0.14
The Gums	No	10	10.31	87	89.69	97	98.98	1	1.02	98	0.12
The Summit	No	82	25.62	238	74.38	320	99.38	2	0.62	322	0.41
Toobeah	No	31	21.38	114	78.62	145	99.32	1	0.68	146	0.18
Wallangarra	No	47	17.22	226	82.78	273	98.20	5	1.80	278	0.35
Wallumbilla	No	41	13.71	258	86.29	299	99.34	2	0.66	301	0.38
Wandoan	No	51	10.49	435	89.51	486	99.79	1	0.21	487	0.62
Warra	No	31	17.82	143	82.18	174	100.00	0	0.00	174	0.22
Warwick	No	449	21.35	1654	78.65	2103	99.29	15	0.71	2118	2.68
Warwick East	No	414	20.24	1631	79.76	2045	99.37	13	0.63	2058
	2.60
Warwick South	No	63	14.55	370	85.45	433	99.77	1	0.23	434
	0.55
Warwick West	No	360	18.87	1548	81.13	1908	99.37	12	0.63	1920
	2.43
Willows Gemfields	No	23	30.26	53	69.74	76	100.00	0	0.00	76
	0.10
Windorah	No	10	12.82	68	87.18	78	100.00	0	0.00	78
	0.10
Woorabinda	No	87	33.46	173	66.54	260	98.48	4	1.52	264	0.33
Wyandra	No	4	7.69	48	92.31	52	100.00	0	0.00	52
	0.07
Yangan	No	88	19.51	363	80.49	451	100.00	0	0.00	451
	0.57
Yelarbon	No	47	20.09	187	79.91	234	100.00	0	0.00	234
	0.30
Yuleba	No	16	10.60	135	89.40	151	100.00	0	0.00	151
	0.19
Yumborra	No	230	21.20	855	78.80	1085	99.54	5	0.46	1090	1.38
Special Hospitals	No	44	22.56	151	77.44	195	98.48	3	1.52	198
	0.25
Total Ordinary	No	12888	21.19	47928	78.81	60816	99.34	403	0.66	61219
	77.48
ABSENT	No	1788	26.63	4926	73.37	6714	99.48	35	0.52	6749	8.54
POSTAL	No	1704	20.06	6789	79.94	8493	99.50	43	0.50	8536	10.80
PRE_POLL	No	609	28.03	1564	71.97	2173	99.72	6	0.28	2179	2.76
PROVISIONAL	No	88	26.67	242	73.33	330	100.00	0	0.00	330
	0.42
Division Summary	No	17077	21.75	61449	78.25	78526	99.38	487	0.62	79013
	94.95
