Referendum: 6 November 1999									
		
Referendum Results										
	
By Division by Polling Place									
		

"A proposed law for the Alteration of the Constitution, entitled"			
								
   the Constitutional Alteration (Preamble) 1999					
						
											
											
Victoria											
Wills (88211)											

		Yes		No		Formal		Informal		Total	
Polling Place		                                                             
Votes	%	Votes	%	Votes	%	Votes	%	Votes	%
Anstey	Yes	335	55.74	266	44.26	601	98.85	7	1.15	608	0.73
Brunswick North	Yes	2116	54.71	1752	45.29	3868	98.10	75	1.90	3943
	4.75
Brunswick North East	Yes	1041	55.55	833	44.45	1874	98.01	38	1.99
	1912	2.31
Brunswick North West	No	649	50.00	649	50.00	1298	98.04	26	1.96
	1324	1.60
Coburg	Yes	1212	53.82	1040	46.18	2252	97.79	51	2.21	2303	2.78
Coburg East	Yes	1117	53.57	968	46.43	2085	98.12	40	1.88	2125	2.56
Coburg North	Yes	1426	53.95	1217	46.05	2643	98.51	40	1.49	2683
	3.24
Coburg South	Yes	423	53.07	374	46.93	797	97.91	17	2.09	814
	0.98
Coburg West	Yes	2153	55.46	1729	44.54	3882	98.53	58	1.47	3940	4.75
Essendon	No	533	49.77	538	50.23	1071	99.35	7	0.65	1078	1.30
Essendon North	No	538	46.10	629	53.90	1167	98.48	18	1.52	1185
	1.43
Essendon South	Yes	1520	50.99	1461	49.01	2981	99.14	26	0.86	3007
	3.63
Fawkner East	Yes	993	50.38	978	49.62	1971	98.35	33	1.65	2004
	2.42
Fawkner North	Yes	1666	58.42	1186	41.58	2852	98.11	55	1.89	2907
	3.51
Gaffney	No	479	46.87	543	53.13	1022	99.13	9	0.87	1031	1.24
Glenbervie	No	333	42.31	454	57.69	787	99.49	4	0.51	791	0.95
Glenroy	No	771	47.59	849	52.41	1620	98.36	27	1.64	1647	1.99
Glenroy Central	Yes	885	51.30	840	48.70	1725	98.74	22	1.26	1747
	2.11
Glenroy East	Yes	1082	53.07	957	46.93	2039	98.93	22	1.07	2061
	2.49
Glenroy North	No	814	43.46	1059	56.54	1873	98.01	38	1.99	1911
	2.30
Gowrie Park	Yes	791	53.96	675	46.04	1466	98.65	20	1.35	1486	1.79
Hadfield	No	612	47.96	664	52.04	1276	98.76	16	1.24	1292	1.56
Lake Park	Yes	225	60.98	144	39.02	369	97.62	9	2.38	378	0.46
Melbourne (Wills)	No	80	47.62	88	52.38	168	96.55	6	3.45	174
	0.21
Melville	Yes	527	54.90	433	45.10	960	99.07	9	0.93	969	1.17
Merlynston	No	610	48.03	660	51.97	1270	98.99	13	1.01	1283	1.55
Mitchell	Yes	934	57.94	678	42.06	1612	98.35	27	1.65	1639	1.98
Moomba Park	Yes	1097	57.19	821	42.81	1918	98.31	33	1.69	1951	2.35
Moonee Ponds North	Yes	927	50.77	899	49.23	1826	98.44	29	1.56
	1855	2.24
Moreland	Yes	1224	54.23	1033	45.77	2257	98.56	33	1.44	2290	2.76
Pascoe Vale	No	1295	49.92	1299	50.08	2594	98.07	51	1.93	2645	3.19
Pascoe Vale Central	Yes	444	53.69	383	46.31	827	98.34	14	1.66
	841	1.01
Pascoe Vale North	No	1122	48.80	1177	51.20	2299	98.50	35	1.50	2334
	2.81
Pascoe Vale South	No	1418	49.27	1460	50.73	2878	98.80	35	1.20	2913
	3.51
Pascoe Vale West	No	633	45.97	744	54.03	1377	99.28	10	0.72	1387
	1.67
Strathmore	No	1227	46.81	1394	53.19	2621	99.09	24	0.91	2645	3.19
Strathmore North	Yes	1069	50.02	1068	49.98	2137	98.89	24	1.11	2161
	2.61
Strathmore South	No	426	49.25	439	50.75	865	99.43	5	0.57	870
	1.05
Westgate	No	789	48.67	832	51.33	1621	98.18	30	1.82	1651	1.99
Special Hospitals	No	9	37.50	15	62.50	24	96.00	1	4.00	25
	0.03
Total Ordinary	Yes	35545	51.68	33228	48.32	68773	98.51	1037	1.49	69810
	84.18
ABSENT	No	2992	48.20	3215	51.80	6207	99.06	59	0.94	6266	7.56
POSTAL	No	875	34.19	1684	65.81	2559	99.11	23	0.89	2582	3.11
PRE_POLL	No	1590	42.07	2189	57.93	3779	99.29	27	0.71	3806	4.59
PROVISIONAL	Yes	234	50.11	233	49.89	467	99.57	2	0.43	469	0.57
Division Summary	Yes	41236	50.42	40549	49.58	81785	98.62	1148	1.38	82933
	94.02
