Referendum: 6 November 1999									
		
Referendum Results										
	
By Division by Polling Place									
		

"A proposed law for the Alteration of the Constitution, entitled"			
								
   the Constitutional Alteration (Establishment of Republic) 1999			
								
											
											
Victoria											
Higgins (87395)											

		Yes		No		Formal		Informal		Total	
Polling Place		Votes	%	Votes	%	Votes	%	Votes	%	Votes	%
Alamein	Yes	541	58.05	391	41.95	932	99.47	5	0.53	937	1.14
Armadale	Yes	1123	66.33	570	33.67	1693	99.30	12	0.70	1705	2.08
Ashburton	Yes	1540	62.58	921	37.42	2461	99.39	15	0.61	2476	3.02
Burwood	Yes	608	60.50	397	39.50	1005	99.21	8	0.79	1013	1.23
Burwood West	Yes	809	63.80	459	36.20	1268	99.06	12	0.94	1280
	1.56
Camberwell	Yes	839	66.64	420	33.36	1259	99.60	5	0.40	1264	1.54
Camberwell Middle	Yes	793	63.49	456	36.51	1249	99.84	2	0.16	1251
	1.52
Camberwell South	Yes	1542	65.17	824	34.83	2366	99.45	13	0.55	2379
	2.90
Carnegie North	Yes	1001	60.30	659	39.70	1660	99.34	11	0.66	1671
	2.04
Carnegie Upper	Yes	583	63.23	339	36.77	922	98.09	18	1.91	940
	1.15
Chadstone	Yes	1141	57.77	834	42.23	1975	98.65	27	1.35	2002	2.44
Darling	Yes	1243	66.65	622	33.35	1865	99.36	12	0.64	1877	2.29
Fawkner Park (Higgins)	Yes	1106	72.76	414	27.24	1520	99.09	14	0.91
	1534	1.87
Ferndale	Yes	274	64.93	148	35.07	422	99.06	4	0.94	426	0.52
Gardiner	Yes	1144	62.86	676	37.14	1820	99.18	15	0.82	1835	2.24
Glen Iris	Yes	1916	67.42	926	32.58	2842	99.37	18	0.63	2860	3.49
Glen Iris South	Yes	901	60.19	596	39.81	1497	99.67	5	0.33	1502
	1.83
Hartwell West	Yes	252	60.29	166	39.71	418	99.52	2	0.48	420
	0.51
Hawksburn	Yes	1923	64.14	1075	35.86	2998	98.85	35	1.15	3033	3.70
Hawksburn Central	Yes	638	58.21	458	41.79	1096	99.19	9	0.81	1105
	1.35
Hughesdale North	Yes	242	62.37	146	37.63	388	98.48	6	1.52	394
	0.48
Kooyong Park	Yes	779	60.76	503	39.24	1282	99.46	7	0.54	1289
	1.57
Malvern	Yes	1746	65.64	914	34.36	2660	98.81	32	1.19	2692	3.28
Malvern Central	Yes	903	60.36	593	39.64	1496	99.01	15	0.99	1511
	1.84
Malvern East	Yes	2553	68.65	1166	31.35	3719	98.99	38	1.01	3757
	4.58
Malvern Lower	Yes	1136	62.97	668	37.03	1804	99.34	12	0.66	1816
	2.21
Malvern South	Yes	2384	68.43	1100	31.57	3484	99.23	27	0.77	3511
	4.28
Malvern West	Yes	741	68.74	337	31.26	1078	99.45	6	0.55	1084
	1.32
Melbourne (Higgins)	Yes	172	68.80	78	31.20	250	98.81	3	1.19
	253	0.31
Murrumbeena	Yes	1024	62.10	625	37.90	1649	98.74	21	1.26	1670	2.04
Orrong	Yes	1132	67.34	549	32.66	1681	98.82	20	1.18	1701	2.07
Prahran	Yes	1538	69.28	682	30.72	2220	98.32	38	1.68	2258	2.75
Prahran East	Yes	2027	70.53	847	29.47	2874	98.90	32	1.10	2906
	3.54
South Yarra	Yes	429	64.51	236	35.49	665	99.25	5	0.75	670	0.82
Toorak	Yes	1734	58.46	1232	41.54	2966	99.23	23	0.77	2989	3.64
Toorak Central	Yes	952	62.06	582	37.94	1534	99.74	4	0.26	1538
	1.87
Toorak West	Yes	858	57.70	629	42.30	1487	99.07	14	0.93	1501	1.83
Windsor	Yes	619	71.23	250	28.77	869	98.97	9	1.03	878	1.07
Special Hospitals	No	110	35.83	197	64.17	307	98.40	5	1.60	312
	0.38
Total Ordinary	Yes	40996	64.38	22685	35.62	63681	99.13	559	0.87	64240
	78.29
ABSENT	Yes	6162	64.91	3331	35.09	9493	99.34	63	0.66	9556	11.65
POSTAL	No	1311	47.85	1429	52.15	2740	99.60	11	0.40	2751	3.35
PRE_POLL	Yes	3082	61.38	1939	38.62	5021	99.47	27	0.53	5048	6.15
PROVISIONAL	Yes	262	57.96	190	42.04	452	98.69	6	1.31	458	0.56
Division Summary	Yes	51813	63.66	29574	36.34	81387	99.19	666	0.81	82053
	93.89
