Referendum: 6 November 1999									
		
Referendum Results										
	
By Division by Polling Place									
		

"A proposed law for the Alteration of the Constitution, entitled"			
								
   the Constitutional Alteration (Establishment of Republic) 1999			
								
											
											
Queensland											
Maranoa (83216)											

		Yes		No		Formal		Informal		Total	
Polling Place		Votes	%	Votes	%	Votes	%	Votes	%	Votes	%
Allora	No	237	22.51	816	77.49	1053	99.34	7	0.66	1060	1.34
Amby	No	7	12.28	50	87.72	57	98.28	1	1.72	58	0.07
Amiens	No	67	27.02	181	72.98	248	99.60	1	0.40	249	0.32
Anakie	No	28	28.00	72	72.00	100	100.00	0	0.00	100
	0.13
Applethorpe	No	98	29.08	239	70.92	337	98.83	4	1.17	341	0.43
Augathella	No	66	20.95	249	79.05	315	98.75	4	1.25	319	0.40
Ballandean	No	118	39.33	182	60.67	300	99.01	3	0.99	303	0.38
Bauhinia Downs	No	18	11.92	133	88.08	151	100.00	0	0.00
	151	0.19
Bedourie	No	14	33.33	28	66.67	42	100.00	0	0.00	42
	0.05
Bell	No	72	18.05	327	81.95	399	99.50	2	0.50	401	0.51
Birdsville	No	14	37.84	23	62.16	37	94.87	2	5.13	39	0.05
Blackall	No	180	21.20	669	78.80	849	99.53	4	0.47	853	1.08
Blackwater	No	378	31.01	841	68.99	1219	99.43	7	0.57	1226	1.55
Blackwater North	No	299	38.28	482	61.72	781	99.87	1	0.13	782
	0.99
Bluff	No	77	31.05	171	68.95	248	99.60	1	0.40	249	0.32
Bollon	No	27	18.49	119	81.51	146	100.00	0	0.00	146
	0.18
Brigalow	No	36	20.22	142	79.78	178	100.00	0	0.00	178
	0.23
Bringalily South	No	13	13.00	87	87.00	100	100.00	0	0.00
	100	0.13
Brisbane City (Maranoa)	No	34	36.56	59	63.44	93	100.00	0
	0.00	93	0.12
Broadwater Crossing	No	100	28.17	255	71.83	355	99.16	3	0.84
	358	0.45
Bungunya	No	1	1.47	67	98.53	68	100.00	0	0.00	68
	0.09
Burra Burri	No	3	4.11	70	95.89	73	98.65	1	1.35	74	0.09
Canaga	No	2	3.12	62	96.88	64	98.46	1	1.54	65	0.08
Cecil Plains	No	46	16.61	231	83.39	277	99.28	2	0.72	279
	0.35
Charleville	No	395	25.78	1137	74.22	1532	99.29	11	0.71	1543	1.95
Charleville Hospital	No	67	20.55	259	79.45	326	98.79	4	1.21
	330	0.42
Chinchilla	No	381	19.18	1605	80.82	1986	99.25	15	0.75	2001	2.53
Chinchilla Hospital	No	94	14.48	555	85.52	649	99.85	1	0.15
	650	0.82
Clintonvale	No	17	16.35	87	83.65	104	100.00	0	0.00	104
	0.13
Comet	No	15	14.42	89	85.58	104	100.00	0	0.00	104	0.13
Condamine	No	33	16.67	165	83.33	198	100.00	0	0.00	198
	0.25
Cooranga North	No	8	10.81	66	89.19	74	100.00	0	0.00	74
	0.09
Cottonvale	No	89	33.09	180	66.91	269	99.63	1	0.37	270	0.34
Cunnamulla	No	185	24.50	570	75.50	755	99.47	4	0.53	759	0.96
Dalby	No	462	22.12	1627	77.88	2089	99.19	17	0.81	2106	2.67
Dalby North	No	263	21.16	980	78.84	1243	99.68	4	0.32	1247	1.58
Dalby South	No	306	22.68	1043	77.32	1349	99.41	8	0.59	1357	1.72
Dalveen	No	27	21.60	98	78.40	125	99.21	1	0.79	126	0.16
Dingo	No	28	16.47	142	83.53	170	98.84	2	1.16	172	0.22
Dirranbandi	No	91	28.98	223	71.02	314	99.05	3	0.95	317	0.40
Drillham	No	22	17.60	103	82.40	125	100.00	0	0.00	125
	0.16
Duaringa	No	35	15.09	197	84.91	232	100.00	0	0.00	232
	0.29
Dulacca	No	29	18.24	130	81.76	159	100.00	0	0.00	159
	0.20
Emerald	No	783	27.39	2076	72.61	2859	99.00	29	1.00	2888	3.66
Emerald North	No	343	30.90	767	69.10	1110	99.55	5	0.45	1115
	1.41
Emerald South	No	117	30.55	266	69.45	383	99.74	1	0.26	384
	0.49
Eukey	No	32	26.89	87	73.11	119	99.17	1	0.83	120	0.15
Eulo	No	7	12.28	50	87.72	57	100.00	0	0.00	57	0.07
Eumamurrin	No	9	13.24	59	86.76	68	100.00	0	0.00	68
	0.09
Gindie	No	28	30.43	64	69.57	92	100.00	0	0.00	92
	0.12
Glen Aplin	No	77	27.50	203	72.50	280	99.29	2	0.71	282	0.36
Glennie Heights	No	235	25.43	689	74.57	924	99.57	4	0.43	928
	1.17
Goomburra	No	26	18.31	116	81.69	142	100.00	0	0.00	142
	0.18
Goondiwindi	No	401	23.27	1322	76.73	1723	99.54	8	0.46	1731	2.19
Goondiwindi West	No	313	22.49	1079	77.51	1392	99.36	9	0.64	1401
	1.77
Guluguba	No	7	10.00	63	90.00	70	100.00	0	0.00	70
	0.09
Hannaford	No	14	28.00	36	72.00	50	100.00	0	0.00	50
	0.06
Hebel	No	8	15.09	45	84.91	53	100.00	0	0.00	53	0.07
Inglestone	No	15	12.40	106	87.60	121	100.00	0	0.00	121
	0.15
Inglewood	No	227	29.63	539	70.37	766	99.61	3	0.39	769	0.97
Injune	No	41	13.49	263	86.51	304	97.12	9	2.88	313	0.40
Isisford	No	17	25.00	51	75.00	68	100.00	0	0.00	68
	0.09
Jandowae	No	109	15.22	607	84.78	716	99.44	4	0.56	720	0.91
Jimbour	No	20	15.87	106	84.13	126	100.00	0	0.00	126
	0.16
Jundah	No	16	20.51	62	79.49	78	100.00	0	0.00	78
	0.10
Kaimkillenbun	No	20	8.89	205	91.11	225	98.68	3	1.32	228
	0.29
Karara	No	22	21.15	82	78.85	104	100.00	0	0.00	104
	0.13
Killarney	No	119	15.37	655	84.63	774	99.74	2	0.26	776	0.98
Kindon	No	9	17.31	43	82.69	52	100.00	0	0.00	52
	0.07
Kogan	No	16	15.53	87	84.47	103	100.00	0	0.00	103	0.13
Kupunn	No	14	11.48	108	88.52	122	100.00	0	0.00	122
	0.15
Leyburn	No	43	25.44	126	74.56	169	100.00	0	0.00	169
	0.21
Macalister	No	23	19.33	96	80.67	119	100.00	0	0.00	119
	0.15
Maryvale	No	52	29.89	122	70.11	174	100.00	0	0.00	174
	0.22
Massie	No	42	19.91	169	80.09	211	99.53	1	0.47	212	0.27
Meandarra	No	29	11.98	213	88.02	242	100.00	0	0.00	242
	0.31
Miles	No	164	17.96	749	82.04	913	99.78	2	0.22	915	1.16
Millmerran	No	190	18.01	865	81.99	1055	98.51	16	1.49	1071	1.36
Mitchell	No	126	20.03	503	79.97	629	99.21	5	0.79	634	0.80
Moonie	No	28	18.67	122	81.33	150	100.00	0	0.00	150
	0.19
Morven	No	26	17.93	119	82.07	145	100.00	0	0.00	145
	0.18
Muckadilla	No	3	6.00	47	94.00	50	100.00	0	0.00	50
	0.06
Mungallala	No	7	9.09	70	90.91	77	100.00	0	0.00	77
	0.10
Mungindi	No	17	20.73	65	79.27	82	100.00	0	0.00	82
	0.10
Murrays Bridge	No	27	19.01	115	80.99	142	100.00	0	0.00
	142	0.18
Pratten	No	17	14.05	104	85.95	121	100.00	0	0.00	121
	0.15
Quilpie	No	87	24.17	273	75.83	360	99.17	3	0.83	363	0.46
Rolleston	No	21	14.48	124	85.52	145	99.32	1	0.68	146	0.18
Roma	No	330	19.80	1337	80.20	1667	99.52	8	0.48	1675	2.12
Roma School	No	346	20.21	1366	79.79	1712	98.96	18	1.04	1730	2.19
Roma West	No	102	18.96	436	81.04	538	99.08	5	0.92	543	0.69
Rubyvale	No	90	32.73	185	67.27	275	99.64	1	0.36	276	0.35
St George	No	319	20.70	1222	79.30	1541	99.29	11	0.71	1552	1.96
St Ruth	No	13	25.49	38	74.51	51	100.00	0	0.00	51
	0.06
Sapphire	No	50	22.32	174	77.68	224	98.68	3	1.32	227	0.29
Springsure	No	117	16.67	585	83.33	702	99.72	2	0.28	704	0.89
Stanthorpe	No	638	32.73	1311	67.27	1949	98.93	21	1.07	1970	2.49
Stanthorpe South	No	160	30.19	370	69.81	530	99.25	4	0.75	534
	0.68
Stanthorpe West	No	169	28.31	428	71.69	597	98.51	9	1.49	606
	0.77
Surat	No	76	19.49	314	80.51	390	99.24	3	0.76	393	0.50
Talwood	No	14	10.53	119	89.47	133	99.25	1	0.75	134	0.17
Tambo	No	53	17.91	243	82.09	296	99.66	1	0.34	297	0.38
Tara	No	171	18.31	763	81.69	934	99.79	2	0.21	936	1.18
Taroom	No	85	13.98	523	86.02	608	100.00	0	0.00	608
	0.77
Texas	No	103	16.83	509	83.17	612	98.39	10	1.61	622	0.79
Thallon	No	29	21.01	109	78.99	138	100.00	0	0.00	138
	0.17
Thargomindah	No	17	15.04	96	84.96	113	100.00	0	0.00
	113	0.14
The Gums	No	8	8.25	89	91.75	97	98.98	1	1.02	98	0.12
The Summit	No	95	29.60	226	70.40	321	99.69	1	0.31	322	0.41
Toobeah	No	29	20.00	116	80.00	145	99.32	1	0.68	146	0.18
Wallangarra	No	52	18.98	222	81.02	274	98.56	4	1.44	278	0.35
Wallumbilla	No	48	16.00	252	84.00	300	99.67	1	0.33	301	0.38
Wandoan	No	49	10.08	437	89.92	486	99.79	1	0.21	487	0.62
Warra	No	40	22.99	134	77.01	174	100.00	0	0.00	174	0.22
Warwick	No	570	27.09	1534	72.91	2104	99.34	14	0.66	2118	2.68
Warwick East	No	508	24.74	1545	75.26	2053	99.47	11	0.53	2064
	2.61
Warwick South	No	82	18.94	351	81.06	433	100.00	0	0.00
	433	0.55
Warwick West	No	446	23.42	1458	76.58	1904	99.32	13	0.68	1917
	2.43
Willows Gemfields	No	32	42.11	44	57.89	76	100.00	0	0.00	76
	0.10
Windorah	No	7	9.09	70	90.91	77	98.72	1	1.28	78	0.10
Woorabinda	No	86	32.95	175	67.05	261	98.86	3	1.14	264	0.33
Wyandra	No	7	13.46	45	86.54	52	100.00	0	0.00	52
	0.07
Yangan	No	74	16.44	376	83.56	450	99.78	1	0.22	451	0.57
Yelarbon	No	22	9.36	213	90.64	235	100.00	0	0.00	235
	0.30
Yuleba	No	20	13.33	130	86.67	150	100.00	0	0.00	150
	0.19
Yumborra	No	218	20.07	868	79.93	1086	99.63	4	0.37	1090	1.38
Special Hospitals	No	37	18.78	160	81.22	197	99.49	1	0.51	198
	0.25
Total Ordinary	No	13741	22.58	47102	77.42	60843	99.38	379	0.62	61222
	77.49
ABSENT	No	1838	27.38	4874	72.62	6712	99.51	33	0.49	6745	8.54
POSTAL	No	1657	19.50	6841	80.50	8498	99.68	27	0.32	8525	10.79
PRE_POLL	No	632	29.10	1540	70.90	2172	99.63	8	0.37	2180	2.76
PROVISIONAL	No	76	23.10	253	76.90	329	99.70	1	0.30	330	0.42
Division Summary	No	17944	22.84	60610	77.16	78554	99.43	448	0.57	79002
	94.94
