Referendum: 6 November 1999									
		
Referendum Results										
	
By Division by Polling Place									
		

"A proposed law for the Alteration of the Constitution, entitled"			
								
   the Constitutional Alteration (Preamble) 1999					
						
											
											
New South Wales											
Riverina (80610)											

		Yes		No		Formal		Informal		Total	
Polling Place		                                                             
Votes	%	Votes	%	Votes	%	Votes	%	Votes	%
Ardlethan	No	86	18.30	384	81.70	470	99.37	3	0.63	473	0.61
Ashmont	No	574	28.19	1462	71.81	2036	98.31	35	1.69	2071	2.68
Barellan	No	85	19.36	354	80.64	439	99.55	2	0.45	441	0.57
Beckom	No	21	21.87	75	78.13	96	100.00	0	0.00	96
	0.12
Beelbangera	No	117	34.51	222	65.49	339	98.26	6	1.74	345	0.45
Bethungra	No	28	28.00	72	72.00	100	100.00	0	0.00	100
	0.13
Bilbul	No	54	42.19	74	57.81	128	96.24	5	3.76	133	0.17
Binya	No	24	27.91	62	72.09	86	100.00	0	0.00	86	0.11
Booligal	No	13	19.70	53	80.30	66	100.00	0	0.00	66
	0.09
Carrathool	No	23	26.14	65	73.86	88	96.70	3	3.30	91	0.12
Charles Sturt University	No	50	38.46	80	61.54	130	100.00	0
	0.00	130	0.17
Coleambally	No	198	29.60	471	70.40	669	99.41	4	0.59	673	0.87
Collingullie	No	79	37.44	132	62.56	211	100.00	0	0.00
	211	0.27
Coolamon	No	263	25.34	775	74.66	1038	99.14	9	0.86	1047	1.35
Currawarna	No	27	22.31	94	77.69	121	100.00	0	0.00	121
	0.16
Darlington Point	No	258	36.13	456	63.87	714	98.48	11	1.52	725
	0.94
Driver	No	502	44.00	639	56.00	1141	99.05	11	0.95	1152	1.49
Euberta	No	30	28.04	77	71.96	107	99.07	1	0.93	108	0.14
Forest Hill	No	288	28.80	712	71.20	1000	98.81	12	1.19	1012	1.31
Galore	No	30	26.79	82	73.21	112	100.00	0	0.00	112
	0.14
Ganmain	No	128	27.41	339	72.59	467	100.00	0	0.00	467
	0.60
Glenfield Park	No	621	34.81	1163	65.19	1784	99.11	16	0.89	1800
	2.33
Goolgowi	No	74	26.52	205	73.48	279	98.94	3	1.06	282	0.36
Gralee	No	338	32.19	712	67.81	1050	98.87	12	1.13	1062	1.37
Griffith	No	1078	38.01	1758	61.99	2836	98.20	52	1.80	2888	3.74
Griffith East	No	539	40.96	777	59.04	1316	98.50	20	1.50	1336
	1.73
Griffith North	No	710	38.73	1123	61.27	1833	99.30	13	0.70	1846
	2.39
Griffith West	No	484	35.12	894	64.88	1378	98.71	18	1.29	1396
	1.81
Grong Grong	No	43	23.12	143	76.88	186	98.94	2	1.06	188	0.24
Gumly Gumly	No	80	26.58	221	73.42	301	98.69	4	1.31	305	0.39
Hanwood	No	410	42.71	550	57.29	960	98.26	17	1.74	977	1.26
Hay	No	506	37.32	850	62.68	1356	98.98	14	1.02	1370	1.77
Hay Hospital	No	169	30.29	389	69.71	558	99.29	4	0.71	562
	0.73
Hillston	No	224	26.89	609	73.11	833	99.40	5	0.60	838	1.08
Illabo	No	32	19.51	132	80.49	164	100.00	0	0.00	164
	0.21
Junee	No	657	26.82	1793	73.18	2450	99.31	17	0.69	2467	3.19
Kapooka	No	42	31.34	92	68.66	134	99.26	1	0.74	135	0.17
Kooringal	No	1023	36.93	1747	63.07	2770	99.43	16	0.57	2786	3.60
Ladysmith	No	74	28.91	182	71.09	256	98.84	3	1.16	259	0.34
Lake Albert	No	729	33.61	1440	66.39	2169	99.22	17	0.78	2186	2.83
Lake Wyangan	No	152	36.63	263	63.37	415	98.34	7	1.66	422
	0.55
Leeton	No	742	31.01	1651	68.99	2393	99.05	23	0.95	2416	3.13
Leeton Hospital	No	93	34.07	180	65.93	273	99.27	2	0.73	275
	0.36
Mangoplah	No	58	24.79	176	75.21	234	99.15	2	0.85	236	0.31
Marrar	No	72	26.87	196	73.13	268	100.00	0	0.00	268
	0.35
Matong	No	36	23.68	116	76.32	152	100.00	0	0.00	152
	0.20
Merriwagga	No	28	25.45	82	74.55	110	100.00	0	0.00	110
	0.14
Milbrulong	No	24	33.33	48	66.67	72	100.00	0	0.00	72
	0.09
Mirrool	No	25	27.17	67	72.83	92	100.00	0	0.00	92
	0.12
Mount Austin	No	660	29.36	1588	70.64	2248	98.73	29	1.27	2277
	2.95
Murrami	No	30	22.06	106	77.94	136	99.27	1	0.73	137	0.18
Narrandera	No	485	25.91	1387	74.09	1872	99.05	18	0.95	1890	2.45
Narrandera East	No	176	29.58	419	70.42	595	99.83	1	0.17	596
	0.77
Narrandera West	No	97	27.56	255	72.44	352	99.44	2	0.56	354
	0.46
Parkview	No	287	30.34	659	69.66	946	98.64	13	1.36	959	1.24
Pleasant Hills	No	24	31.17	53	68.83	77	100.00	0	0.00	77
	0.10
Rankins Springs	No	56	31.11	124	68.89	180	98.90	2	1.10	182
	0.24
San Isidore	No	78	39.39	120	60.61	198	99.00	2	1.00	200	0.26
Sturt	No	894	37.17	1511	62.83	2405	99.38	15	0.62	2420	3.13
Sydney (Riverina)	Yes	27	56.25	21	43.75	48	100.00	0	0.00	48
	0.06
Tallimba	No	31	21.23	115	78.77	146	97.99	3	2.01	149	0.19
Tatton	No	303	39.71	460	60.29	763	99.35	5	0.65	768	0.99
Tharbogang	No	109	43.08	144	56.92	253	99.22	2	0.78	255	0.33
The Rock	No	173	25.67	501	74.33	674	99.26	5	0.74	679	0.88
Tolland	No	484	32.25	1017	67.75	1501	99.40	9	0.60	1510	1.95
Turvey Park	No	608	33.46	1209	66.54	1817	98.70	24	1.30	1841	2.38
Ungarie	No	47	12.98	315	87.02	362	99.72	1	0.28	363	0.47
Uranquinty	No	126	28.64	314	71.36	440	99.77	1	0.23	441	0.57
Wagga Wagga	No	623	37.80	1025	62.20	1648	99.04	16	0.96	1664	2.15
Wagga Wagga High	No	227	37.15	384	62.85	611	99.51	3	0.49	614
	0.79
Wagga Wagga Hospital	No	64	32.00	136	68.00	200	100.00	0
	0.00	200	0.26
Wagga Wagga North	No	499	32.30	1046	67.70	1545	99.23	12	0.77	1557
	2.01
Wagga Wagga South	No	487	35.84	872	64.16	1359	98.62	19	1.38	1378
	1.78
Wagga Wagga West	No	706	33.08	1428	66.92	2134	99.12	19	0.88	2153
	2.79
Wamoon	No	81	31.03	180	68.97	261	98.86	3	1.14	264	0.34
Wantabadgery	No	27	29.03	66	70.97	93	100.00	0	0.00	93
	0.12
Weethalle	No	74	28.03	190	71.97	264	100.00	0	0.00	264
	0.34
West Wyalong	No	474	27.32	1261	72.68	1735	98.75	22	1.25	1757
	2.27
Whitton	No	136	32.77	279	67.23	415	99.28	3	0.72	418	0.54
Wyalong	No	164	26.93	445	73.07	609	98.23	11	1.77	620	0.80
Yanco	No	181	29.62	430	70.38	611	98.71	8	1.29	619	0.80
Yenda	No	330	34.30	632	65.70	962	99.18	8	0.82	970	1.25
Yerong Creek	No	73	32.88	149	67.12	222	99.55	1	0.45	223
	0.29
Yoogali	No	278	41.55	391	58.45	669	98.67	9	1.33	678	0.88
Special Hospitals	No	127	29.06	310	70.94	437	97.76	10	2.24	447
	0.58
Total Ordinary	No	21187	32.61	43781	67.39	64968	99.01	647	0.99	65615
	84.89
ABSENT	No	1340	38.11	2176	61.89	3516	99.46	19	0.54	3535	4.57
POSTAL	No	600	29.91	1406	70.09	2006	99.26	15	0.74	2021	2.61
PRE_POLL	No	2056	36.34	3601	63.66	5657	99.67	19	0.33	5676	7.34
PROVISIONAL	No	162	36.57	281	63.43	443	99.33	3	0.67	446	0.58
Division Summary	No	25345	33.09	51245	66.91	76590	99.09	703	0.91	77293
	95.89
