Referendum: 6 November 1999									
		
Referendum Results										
	
By Division by Polling Place									
		

"A proposed law for the Alteration of the Constitution, entitled"			
								
   the Constitutional Alteration (Establishment of Republic) 1999			
								
											
											
South Australia											
Sturt (85629)											

		Yes		No		Formal		Informal		Total	
Polling Place		Votes	%	Votes	%	Votes	%	Votes	%	Votes	%
Adelaide (Sturt)	Yes	77	54.23	65	45.77	142	99.30	1	0.70	143
	0.17
Beaumont	Yes	1205	52.51	1090	47.49	2295	99.35	15	0.65	2310	2.83
Beulah Park	Yes	870	63.18	507	36.82	1377	98.99	14	1.01	1391	1.70
Burnside	Yes	2079	57.40	1543	42.60	3622	99.23	28	0.77	3650	4.47
Campbelltown	No	1453	47.99	1575	52.01	3028	98.60	43	1.40	3071
	3.76
Dernancourt	No	911	49.89	915	50.11	1826	99.19	15	0.81	1841	2.25
Felixstow	Yes	566	52.36	515	47.64	1081	99.45	6	0.55	1087	1.33
Gilles Plains	No	305	48.72	321	51.28	626	98.43	10	1.57	636
	0.78
Gilles Plains East	No	580	40.67	846	59.33	1426	98.75	18	1.25
	1444	1.77
Glen Osmond	Yes	433	56.97	327	43.03	760	99.48	4	0.52	764	0.93
Glenunga	Yes	616	53.38	538	46.62	1154	99.74	3	0.26	1157	1.42
Glenunga North	Yes	862	54.97	706	45.03	1568	99.05	15	0.95	1583
	1.94
Glynde	Yes	810	52.53	732	47.47	1542	98.78	19	1.22	1561	1.91
Hectorville North	Yes	1264	55.63	1008	44.37	2272	98.40	37	1.60	2309
	2.82
Highbury East	No	657	46.33	761	53.67	1418	99.09	13	0.91	1431
	1.75
Highbury South (Sturt)	No	866	48.41	923	51.59	1789	99.22	14	0.78
	1803	2.21
Hillcrest	No	936	44.17	1183	55.83	2119	98.70	28	1.30	2147	2.63
Holden Hill	No	1140	46.64	1304	53.36	2444	98.83	29	1.17	2473	3.03
Kensington Gardens	Yes	865	53.66	747	46.34	1612	99.57	7	0.43
	1619	1.98
Kensington Park	Yes	873	63.86	494	36.14	1367	99.64	5	0.36	1372
	1.68
Klemzig	No	1216	49.59	1236	50.41	2452	98.63	34	1.37	2486	3.04
Linden Park	Yes	747	54.53	623	45.47	1370	99.85	2	0.15	1372	1.68
Magill (Sturt)	Yes	1471	59.08	1019	40.92	2490	99.32	17	0.68	2507
	3.07
Magill North	No	981	48.71	1033	51.29	2014	99.11	18	0.89	2032
	2.49
Marden	Yes	188	54.49	157	45.51	345	99.42	2	0.58	347	0.42
Marden West (Sturt)	Yes	1062	54.63	882	45.37	1944	98.68	26	1.32
	1970	2.41
Marryatville	Yes	560	59.51	381	40.49	941	99.68	3	0.32	944
	1.15
Maylands	Yes	1101	67.09	540	32.91	1641	98.92	18	1.08	1659	2.03
Norwood	Yes	1299	66.21	663	33.79	1962	99.24	15	0.76	1977	2.42
Norwood West	Yes	1296	69.30	574	30.70	1870	99.20	15	0.80	1885
	2.31
Paradise West	Yes	609	53.99	519	46.01	1128	98.95	12	1.05	1140
	1.39
Rose Park	Yes	279	61.05	178	38.95	457	100.00	0	0.00	457
	0.56
St Morris	Yes	740	57.28	552	42.72	1292	98.78	16	1.22	1308	1.60
Stonyfell	Yes	983	52.85	877	47.15	1860	99.31	13	0.69	1873	2.29
Toorak Gardens	Yes	1380	64.22	769	35.78	2149	99.35	14	0.65	2163
	2.65
Tranmere	Yes	950	56.35	736	43.65	1686	99.23	13	0.77	1699	2.08
Trinity Gardens	Yes	1066	59.29	732	40.71	1798	98.90	20	1.10	1818
	2.22
Tusmore	Yes	1151	58.04	832	41.96	1983	99.75	5	0.25	1988	2.43
Vale Park	Yes	959	52.95	852	47.05	1811	99.12	16	0.88	1827	2.24
Windsor Gardens East	No	460	49.84	463	50.16	923	99.57	4	0.43
	927	1.13
Windsor Gardens West	No	577	45.50	691	54.50	1268	99.06	12	0.94
	1280	1.57
Special Hospitals	No	197	30.21	455	69.79	652	98.19	12	1.81	664
	0.81
Total Ordinary	Yes	36640	54.28	30864	45.72	67504	99.10	611	0.90	68115
	83.33
ABSENT	Yes	3573	53.78	3071	46.22	6644	99.06	63	0.94	6707	8.20
POSTAL	No	1026	36.76	1765	63.24	2791	99.57	12	0.43	2803	3.43
PRE_POLL	Yes	2109	56.33	1635	43.67	3744	99.71	11	0.29	3755	4.59
PROVISIONAL	Yes	196	54.75	162	45.25	358	98.35	6	1.65	364	0.45
Division Summary	Yes	43544	53.73	37497	46.27	81041	99.14	703	0.86	81744
	95.46
