Referendum: 6 November 1999									
		
Referendum Results										
	
By Division by Polling Place									
		

"A proposed law for the Alteration of the Constitution, entitled"			
								
   the Constitutional Alteration (Preamble) 1999					
						
											
											
New South Wales											
Dobell (86105)											

		Yes		No		Formal		Informal		Total	
Polling Place		                                                             
Votes	%	Votes	%	Votes	%	Votes	%	Votes	%
Bateau Bay Central	No	323	40.12	482	59.88	805	99.51	4	0.49
	809	0.98
Bateau Bay East	No	801	42.00	1106	58.00	1907	99.37	12	0.63	1919
	2.34
Bateau Bay South	No	494	41.97	683	58.03	1177	99.66	4	0.34	1181
	1.44
Bateau Bay West	No	153	35.25	281	64.75	434	99.54	2	0.46	436
	0.53
Berkeley Vale	No	1066	37.52	1775	62.48	2841	98.58	41	1.42	2882
	3.51
Berkeley Vale North	No	545	39.44	837	60.56	1382	99.00	14	1.00
	1396	1.70
Blue Haven	No	612	36.04	1086	63.96	1698	99.12	15	0.88	1713	2.09
Charmhaven	No	439	34.95	817	65.05	1256	99.68	4	0.32	1260	1.53
Chittaway Bay	No	1060	39.22	1643	60.78	2703	99.12	24	0.88	2727
	3.32
Chittaway Point	No	147	36.12	260	63.88	407	99.75	1	0.25	408
	0.50
Dooralong	No	50	38.76	79	61.24	129	100.00	0	0.00	129
	0.16
Erina Heights (Dobell)	Yes	387	51.06	371	48.94	758	99.21	6	0.79
	764	0.93
Forresters Beach	No	485	41.07	696	58.93	1181	98.91	13	1.09	1194
	1.45
Gorokan	No	564	37.35	946	62.65	1510	99.08	14	0.92	1524	1.86
Gorokan North	No	968	36.24	1703	63.76	2671	99.15	23	0.85	2694
	3.28
Holgate	No	292	45.27	353	54.73	645	98.62	9	1.38	654	0.80
Jilliby	No	151	39.12	235	60.88	386	99.23	3	0.77	389	0.47
Kanwal	No	937	35.85	1677	64.15	2614	98.75	33	1.25	2647	3.22
Killarney Vale	No	582	40.56	853	59.44	1435	99.17	12	0.83	1447
	1.76
Killarney Vale South	No	1388	38.46	2221	61.54	3609	98.63	50	1.37
	3659	4.45
Kulnura	No	113	31.30	248	68.70	361	99.45	2	0.55	363	0.44
Lake Haven	No	554	36.91	947	63.09	1501	99.34	10	0.66	1511	1.84
Lisarow	No	737	44.45	921	55.55	1658	99.22	13	0.78	1671	2.03
Long Jetty	No	569	34.78	1067	65.22	1636	98.73	21	1.27	1657	2.02
Long Jetty East	No	468	39.26	724	60.74	1192	98.76	15	1.24	1207
	1.47
Mardi	No	315	38.32	507	61.68	822	99.76	2	0.24	824	1.00
Narara	No	403	38.05	656	61.95	1059	99.34	7	0.66	1066	1.30
Niagara Park (Dobell)	No	1113	41.13	1593	58.87	2706	98.94	29	1.06
	2735	3.33
Ourimbah	No	779	39.70	1183	60.30	1962	99.14	17	0.86	1979	2.41
San Remo (Dobell)	No	56	42.75	75	57.25	131	96.32	5	3.68	136
	0.17
Shelly Beach	No	1038	42.93	1380	57.07	2418	98.94	26	1.06	2444
	2.98
Sydney (Dobell)	Yes	41	52.56	37	47.44	78	97.50	2	2.50	80
	0.10
Tacoma	No	202	40.56	296	59.44	498	98.81	6	1.19	504	0.61
Terrigal (Dobell)	No	265	42.54	358	57.46	623	98.58	9	1.42	632
	0.77
Terrigal Lagoon	No	409	41.06	587	58.94	996	99.40	6	0.60	1002
	1.22
The Entrance	No	703	36.29	1234	63.71	1937	98.93	21	1.07	1958
	2.38
The Entrance North	No	284	42.14	390	57.86	674	98.68	9	1.32
	683	0.83
Tuggerah	No	282	41.96	390	58.04	672	99.12	6	0.88	678	0.83
Tuggerawong	No	195	35.01	362	64.99	557	98.93	6	1.07	563	0.69
Tumbi Umbi	No	430	40.41	634	59.59	1064	99.16	9	0.84	1073	1.31
Valley View	No	182	48.79	191	51.21	373	99.20	3	0.80	376	0.46
Wamberal	No	1052	44.92	1290	55.08	2342	99.11	21	0.89	2363	2.88
Wamberal North	No	364	44.99	445	55.01	809	98.66	11	1.34	820
	1.00
Warnervale	No	458	39.21	710	60.79	1168	98.73	15	1.27	1183	1.44
Watanobbi	No	414	32.09	876	67.91	1290	99.08	12	0.92	1302	1.59
Wyoming (Dobell)	No	1000	39.14	1555	60.86	2555	98.95	27	1.05	2582
	3.14
Wyoming Central	No	946	42.25	1293	57.75	2239	99.03	22	0.97	2261
	2.75
Wyong	No	662	37.07	1124	62.93	1786	98.95	19	1.05	1805	2.20
Wyongah	No	370	36.38	647	63.62	1017	99.32	7	0.68	1024	1.25
Wyong Creek	No	65	47.10	73	52.90	138	100.00	0	0.00	138
	0.17
Wyong East	No	259	38.20	419	61.80	678	99.71	2	0.29	680	0.83
Yarramalong	Yes	112	51.14	107	48.86	219	99.10	2	0.90	221	0.27
Special Hospitals	No	258	39.33	398	60.67	656	98.50	10	1.50	666
	0.81
Total Ordinary	No	26542	39.40	40821	60.60	67363	99.04	656	0.96	68019
	82.80
ABSENT	No	2457	41.72	3432	58.28	5889	99.26	44	0.74	5933	7.22
POSTAL	No	894	35.34	1636	64.66	2530	99.14	22	0.86	2552	3.11
PRE_POLL	No	2108	39.50	3229	60.50	5337	99.74	14	0.26	5351	6.51
PROVISIONAL	No	120	41.52	169	58.48	289	99.66	1	0.34	290	0.35
Division Summary	No	32121	39.46	49287	60.54	81408	99.10	737	0.90	82145
	95.40
