Referendum: 6 November 1999									
		
Referendum Results										
	
By Division by Polling Place									
		

"A proposed law for the Alteration of the Constitution, entitled"			
								
   the Constitutional Alteration (Preamble) 1999					
						
											
											
New South Wales											
Hughes (89630)											

		Yes		No		Formal		Informal		Total	
Polling Place		                                                             
Votes	%	Votes	%	Votes	%	Votes	%	Votes	%
Alfords Point	Yes	940	52.05	866	47.95	1806	98.47	28	1.53	1834
	2.13
Bangor	No	1906	45.50	2283	54.50	4189	99.01	42	0.99	4231	4.91
Barden Ridge	No	678	47.05	763	52.95	1441	99.31	10	0.69	1451
	1.68
Bonnet Bay	No	697	47.51	770	52.49	1467	99.19	12	0.81	1479	1.72
Bundeena	No	494	43.56	640	56.44	1134	99.21	9	0.79	1143	1.33
Caravan Head	No	354	48.69	373	51.31	727	99.05	7	0.95	734
	0.85
Chipping Norton	No	1225	47.46	1356	52.54	2581	99.19	21	0.81	2602
	3.02
Coalcliff	No	56	48.28	60	51.72	116	99.15	1	0.85	117	0.14
Como	No	367	45.25	444	54.75	811	99.51	4	0.49	815	0.95
Como West	No	895	46.28	1039	53.72	1934	99.23	15	0.77	1949	2.26
Engadine	No	1285	41.91	1781	58.09	3066	98.97	32	1.03	3098	3.59
Engadine East	No	289	42.01	399	57.99	688	99.71	2	0.29	690
	0.80
Engadine South	No	763	45.12	928	54.88	1691	99.00	17	1.00	1708
	1.98
Engadine West	No	1286	42.11	1768	57.89	3054	99.41	18	0.59	3072
	3.56
Hammondville	No	621	39.38	956	60.62	1577	98.87	18	1.13	1595
	1.85
Heathcote	No	862	41.64	1208	58.36	2070	99.33	14	0.67	2084	2.42
Heathcote East	No	540	41.28	768	58.72	1308	99.17	11	0.83	1319
	1.53
Helensburgh	No	1021	43.65	1318	56.35	2339	99.28	17	0.72	2356	2.73
Helensburgh North	No	349	45.80	413	54.20	762	99.74	2	0.26	764
	0.89
Holsworthy	No	494	41.97	683	58.03	1177	98.82	14	1.18	1191	1.38
Illawong	No	1562	49.63	1585	50.37	3147	99.15	27	0.85	3174	3.68
Jannali East	No	757	43.01	1003	56.99	1760	98.82	21	1.18	1781
	2.07
Jannali West	No	505	43.95	644	56.05	1149	98.80	14	1.20	1163
	1.35
Loftus	No	949	41.60	1332	58.40	2281	99.43	13	0.57	2294	2.66
Maianbar	No	133	48.72	140	51.28	273	99.27	2	0.73	275	0.32
Marton	No	780	39.78	1181	60.22	1961	98.99	20	1.01	1981	2.30
Menai	No	981	47.46	1086	52.54	2067	98.62	29	1.38	2096	2.43
Menai Central	Yes	928	51.44	876	48.56	1804	99.34	12	0.66	1816
	2.11
Menai North	Yes	697	50.58	681	49.42	1378	99.28	10	0.72	1388	1.61
Moorebank	No	1630	40.60	2385	59.40	4015	98.75	51	1.25	4066	4.72
Newbridge Heights	No	951	43.99	1211	56.01	2162	98.50	33	1.50	2195
	2.55
Otford	No	88	44.90	108	55.10	196	99.49	1	0.51	197	0.23
Oyster Bay	No	1004	46.44	1158	53.56	2162	99.36	14	0.64	2176	2.52
Prince Edward Park	No	284	46.41	328	53.59	612	98.87	7	1.13
	619	0.72
Sandy Point	No	149	48.22	160	51.78	309	99.36	2	0.64	311	0.36
Stanwell Park	No	311	47.77	340	52.23	651	99.09	6	0.91	657
	0.76
Sutherland	No	784	45.06	956	54.94	1740	98.75	22	1.25	1762	2.04
Sutherland East (Hughes)	No	194	46.19	226	53.81	420	99.53	2
	0.47	422	0.49
Sutherland North (Hughes)	No	349	42.30	476	57.70	825	98.68	11
	1.32	836	0.97
Sutherland West	No	333	38.72	527	61.28	860	99.19	7	0.81	867
	1.01
Sydney (Hughes)	No	49	42.24	67	57.76	116	97.48	3	2.52	119
	0.14
Waterfall	No	110	39.57	168	60.43	278	97.89	6	2.11	284	0.33
Wattle Grove	No	2005	46.68	2290	53.32	4295	98.92	47	1.08	4342
	5.04
Woronora Heights	No	616	47.64	677	52.36	1293	99.46	7	0.54	1300
	1.51
Woronora River	Yes	257	57.49	190	42.51	447	99.55	2	0.45	449
	0.52
Yarrawarrah	No	724	44.39	907	55.61	1631	98.97	17	1.03	1648	1.91
Special Hospitals	No	165	47.69	181	52.31	346	98.30	6	1.70	352
	0.41
Total Ordinary	No	32417	44.95	39699	55.05	72116	99.06	686	0.94	72802
	84.47
ABSENT	No	2798	45.50	3351	54.50	6149	99.32	42	0.68	6191	7.18
POSTAL	No	830	37.61	1377	62.39	2207	99.55	10	0.45	2217	2.57
PRE_POLL	No	1991	41.98	2752	58.02	4743	99.66	16	0.34	4759	5.52
PROVISIONAL	Yes	108	50.70	105	49.30	213	98.61	3	1.39	216	0.25
Division Summary	No	38144	44.65	47284	55.35	85428	99.12	757	0.88	86185
	96.16
