Referendum: 6 November 1999									
		
Referendum Results										
	
By Division by Polling Place									
		

"A proposed law for the Alteration of the Constitution, entitled"			
								
   the Constitutional Alteration (Establishment of Republic) 1999			
								
											
New South Wales											
Parkes (78598)											
*the results for Tilpa have been merged with Louth polling place			
								

		Yes		No		Formal		Informal		Total	
Polling Place		Votes	%	Votes	%	Votes	%	Votes	%	Votes	%
Albert	No	14	17.95	64	82.05	78	100.00	0	0.00	78
	0.10
Alectown	No	35	24.31	109	75.69	144	98.63	2	1.37	146	0.20
Alma	No	811	41.72	1133	58.28	1944	98.43	31	1.57	1975	2.64
Ballimore	No	21	24.14	66	75.86	87	98.86	1	1.14	88	0.12
Bedgerebong	No	29	19.59	119	80.41	148	100.00	0	0.00	148
	0.20
Bogan Gate	No	35	18.04	159	81.96	194	100.00	0	0.00	194
	0.26
Bourke	No	376	26.18	1060	73.82	1436	98.97	15	1.03	1451	1.94
Brewarrina	No	173	30.73	390	69.27	563	98.43	9	1.57	572	0.77
Broken Hill	No	581	42.50	786	57.50	1367	98.91	15	1.09	1382	1.85
Broken Hill Hospital	No	150	41.90	208	58.10	358	99.72	1	0.28
	359	0.48
Broken Hill North	No	839	35.69	1512	64.31	2351	99.16	20	0.84	2371
	3.17
Broken Hill West	No	432	38.81	681	61.19	1113	99.64	4	0.36	1117
	1.50
Burcher	No	6	8.82	62	91.18	68	100.00	0	0.00	68
	0.09
Churchill Gardens	No	432	28.76	1070	71.24	1502	98.88	17	1.12	1519
	2.03
Cobar	No	580	25.65	1681	74.35	2261	99.21	18	0.79	2279	3.05
Collie	No	15	20.83	57	79.17	72	100.00	0	0.00	72
	0.10
Condobolin	No	532	26.81	1452	73.19	1984	99.05	19	0.95	2003	2.68
Cookamidgera	No	19	27.94	49	72.06	68	100.00	0	0.00	68
	0.09
Coolabah	No	4	8.00	46	92.00	50	100.00	0	0.00	50
	0.07
Dubbo	No	786	33.72	1545	66.28	2331	99.36	15	0.64	2346	3.14
Dubbo East	No	911	33.24	1830	66.76	2741	99.20	22	0.80	2763	3.70
Dubbo Grove	No	693	27.43	1833	72.57	2526	99.41	15	0.59	2541	3.40
Dubbo Hospital	No	49	24.87	148	75.13	197	99.49	1	0.51	198
	0.27
Dubbo North	No	566	26.22	1593	73.78	2159	99.45	12	0.55	2171	2.91
Dubbo South	No	551	31.32	1208	68.68	1759	99.66	6	0.34	1765	2.36
Dubbo West	No	532	27.16	1427	72.84	1959	98.69	26	1.31	1985	2.66
Emmagool	No	19	17.59	89	82.41	108	100.00	0	0.00	108
	0.14
Enngonia	No	15	24.19	47	75.81	62	98.41	1	1.59	63	0.08
Euabalong	No	29	21.97	103	78.03	132	98.51	2	1.49	134	0.18
Eumungerie	No	24	16.90	118	83.10	142	100.00	0	0.00	142
	0.19
Excelsior	No	542	35.82	971	64.18	1513	99.08	14	0.92	1527	2.04
Fifield	No	14	22.22	49	77.78	63	100.00	0	0.00	63
	0.08
Forbes	No	1007	29.70	2384	70.30	3391	98.75	43	1.25	3434	4.60
Forbes Hospital	No	105	33.87	205	66.13	310	99.68	1	0.32	311
	0.42
Forbes North	No	374	31.14	827	68.86	1201	98.60	17	1.40	1218
	1.63
Forbes South	No	116	28.86	286	71.14	402	99.75	1	0.25	403
	0.54
Garema	No	10	13.33	65	86.67	75	100.00	0	0.00	75
	0.10
Girilambone	No	17	25.37	50	74.63	67	100.00	0	0.00	67
	0.09
Goodooga	No	36	24.66	110	75.34	146	99.32	1	0.68	147	0.20
Gunningbland	No	11	16.92	54	83.08	65	100.00	0	0.00	65
	0.09
Hermidale	No	12	14.46	71	85.54	83	100.00	0	0.00	83
	0.11
Hillside	No	596	37.02	1014	62.98	1610	98.71	21	1.29	1631	2.18
Ivanhoe	No	34	22.08	120	77.92	154	100.00	0	0.00	154
	0.21
Lake Cargelligo	No	238	27.84	617	72.16	855	98.96	9	1.04	864
	1.16
Lourdes Hospital	No	146	32.59	302	67.41	448	98.90	5	1.10	453
	0.61
Louth	No	10	12.99	67	87.01	77	100.00	0	0.00	77	0.10
Menindee	No	136	35.05	252	64.95	388	98.73	5	1.27	393	0.53
Morgan Street	No	541	39.17	840	60.83	1381	98.78	17	1.22	1398
	1.87
Murrin Bridge	No	22	37.93	36	62.07	58	100.00	0	0.00	58
	0.08
Narromine	No	652	25.85	1870	74.15	2522	99.29	18	0.71	2540	3.40
Nevertire	No	46	30.26	106	69.74	152	98.70	2	1.30	154	0.21
Nymagee	No	12	15.00	68	85.00	80	100.00	0	0.00	80
	0.11
Nyngan	No	353	23.47	1151	76.53	1504	98.95	16	1.05	1520	2.03
Ootha	No	4	9.30	39	90.70	43	100.00	0	0.00	43	0.06
Orana Heights	No	879	31.79	1886	68.21	2765	99.32	19	0.68	2784
	3.73
Parkes	No	625	29.89	1466	70.11	2091	99.38	13	0.62	2104	2.82
Parkes East	No	351	32.62	725	67.38	1076	99.54	5	0.46	1081	1.45
Parkes High	No	174	31.24	383	68.76	557	99.46	3	0.54	560	0.75
Parkes Hospital	No	238	32.69	490	67.31	728	99.59	3	0.41	731
	0.98
Parkes South	No	215	29.74	508	70.26	723	99.59	3	0.41	726
	0.97
Peak Hill	No	194	25.43	569	74.57	763	99.87	1	0.13	764	1.02
Rees Avenue	No	250	27.11	672	72.89	922	99.35	6	0.65	928	1.24
Sydney (Parkes)	No	24	45.28	29	54.72	53	98.15	1	1.85	54
	0.07
Tibooburra	No	21	25.30	62	74.70	83	100.00	0	0.00	83
	0.11
Tilpa		0	0.00	0	0.00	0	0.00	0	0.00	0	0.00
Tomingley	No	44	20.75	168	79.25	212	100.00	0	0.00	212
	0.28
Tottenham	No	90	22.67	307	77.33	397	99.00	4	1.00	401	0.54
Trangie	No	180	22.11	634	77.89	814	99.39	5	0.61	819	1.10
Trundle	No	113	22.51	389	77.49	502	99.80	1	0.20	503	0.67
Tullamore	No	70	23.49	228	76.51	298	99.67	1	0.33	299	0.40
Tullibigeal	No	33	16.67	165	83.33	198	99.50	1	0.50	199	0.27
Wanaaring	No	5	9.80	46	90.20	51	100.00	0	0.00	51
	0.07
Warren	No	390	26.26	1095	73.74	1485	99.46	8	0.54	1493	2.00
Warroo	No	24	29.63	57	70.37	81	100.00	0	0.00	81
	0.11
Weilmoringle	No	6	13.64	38	86.36	44	100.00	0	0.00	44
	0.06
White Cliffs	No	25	26.88	68	73.12	93	100.00	0	0.00	93
	0.12
Wilcannia	No	103	32.91	210	67.09	313	98.74	4	1.26	317	0.42
Wirrinya	No	5	9.62	47	90.38	52	100.00	0	0.00	52
	0.07
Wongarbon	No	87	27.53	229	72.47	316	100.00	0	0.00	316
	0.42
Special Hospitals	No	142	32.35	297	67.65	439	97.77	10	2.23	449
	0.60
Total Ordinary	No	18581	30.19	42967	69.81	61548	99.18	510	0.82	62058
	83.07
ABSENT	No	1569	35.29	2877	64.71	4446	99.69	14	0.31	4460	5.97
POSTAL	No	657	22.61	2249	77.39	2906	99.66	10	0.34	2916	3.90
PRE_POLL	No	1618	34.44	3080	65.56	4698	99.39	29	0.61	4727	6.33
PROVISIONAL	No	167	30.76	376	69.24	543	99.27	4	0.73	547	0.73
Division Summary	No	22592	30.47	51549	69.53	74141	99.24	567	0.76	74708
	95.05
