Referendum: 6 November 1999									
		
Referendum Results										
	
By Division by Polling Place									
		

"A proposed law for the Alteration of the Constitution, entitled"			
								
   the Constitutional Alteration (Establishment of Republic) 1999			
								
											
											
Victoria											
Wannon (82147)											

		Yes		No		Formal		Informal		Total	
Polling Place		Votes	%	Votes	%	Votes	%	Votes	%	Votes	%
Allansford	No	258	33.08	522	66.92	780	99.49	4	0.51	784	0.99
Ararat	No	1067	33.74	2095	66.26	3162	99.28	23	0.72	3185	4.01
Ararat West	No	627	38.94	983	61.06	1610	99.44	9	0.56	1619	2.04
Balmoral	No	128	40.00	192	60.00	320	100.00	0	0.00	320
	0.40
Beaufort	No	385	31.22	848	68.78	1233	98.88	14	1.12	1247	1.57
Bolwarra	No	149	42.45	202	57.55	351	100.00	0	0.00	351
	0.44
Branxholme	No	67	26.91	182	73.09	249	100.00	0	0.00	249
	0.31
Buangor	No	54	37.50	90	62.50	144	99.31	1	0.69	145	0.18
Byaduk	No	47	27.01	127	72.99	174	100.00	0	0.00	174
	0.22
Camperdown	No	873	32.33	1827	67.67	2700	99.26	20	0.74	2720	3.42
Cape Clear	No	97	40.76	141	59.24	238	98.76	3	1.24	241	0.30
Caramut	No	94	41.41	133	58.59	227	100.00	0	0.00	227
	0.29
Carpendeit	No	44	27.50	116	72.50	160	98.77	2	1.23	162	0.20
Casterton	No	466	27.43	1233	72.57	1699	99.59	7	0.41	1706	2.15
Cavendish	No	111	30.66	251	69.34	362	99.45	2	0.55	364	0.46
Cobden	No	367	24.32	1142	75.68	1509	99.15	13	0.85	1522	1.92
Coleraine	No	347	31.46	756	68.54	1103	99.19	9	0.81	1112	1.40
Condah	No	51	24.17	160	75.83	211	99.06	2	0.94	213	0.27
Dartmoor	No	105	27.56	276	72.44	381	99.48	2	0.52	383	0.48
Dergholm	No	29	25.66	84	74.34	113	98.26	2	1.74	115	0.14
Derrinallum	No	140	29.98	327	70.02	467	99.79	1	0.21	468	0.59
Dunkeld	No	150	28.96	368	71.04	518	99.42	3	0.58	521	0.66
Ecklin South	No	56	24.45	173	75.55	229	98.71	3	1.29	232
	0.29
Elmhurst	No	39	27.27	104	72.73	143	99.31	1	0.69	144	0.18
Glenthompson	No	67	30.04	156	69.96	223	99.11	2	0.89	225
	0.28
Hamilton	No	1092	36.52	1898	63.48	2990	99.40	18	0.60	3008	3.79
Hamilton Central	No	460	33.24	924	66.76	1384	99.43	8	0.57	1392
	1.75
Hamilton East	No	105	34.09	203	65.91	308	100.00	0	0.00
	308	0.39
Hamilton North	No	80	27.97	206	72.03	286	98.96	3	1.04	289
	0.36
Hawkesdale	No	140	37.63	232	62.37	372	100.00	0	0.00	372
	0.47
Heywood	No	368	30.07	856	69.93	1224	98.79	15	1.21	1239	1.56
Kennedy Street	No	536	36.41	936	63.59	1472	98.99	15	1.01	1487
	1.87
Kings College	No	508	41.78	708	58.22	1216	99.10	11	0.90	1227
	1.54
Koroit	No	520	37.68	860	62.32	1380	98.92	15	1.08	1395	1.76
Lake Bolac	No	105	30.17	243	69.83	348	98.58	5	1.42	353	0.44
Linton	No	152	38.48	243	61.52	395	99.00	4	1.00	399	0.50
Lismore	No	112	25.40	329	74.60	441	99.32	3	0.68	444	0.56
Lyndoch	No	70	37.04	119	62.96	189	98.95	2	1.05	191	0.24
Macarthur	No	119	26.80	325	73.20	444	99.33	3	0.67	447	0.56
Mailors Flat	No	133	30.16	308	69.84	441	99.32	3	0.68	444
	0.56
Melbourne (Wannon)	Yes	43	61.43	27	38.57	70	100.00	0
	0.00	70	0.09
Merino	No	99	27.97	255	72.03	354	98.88	4	1.12	358	0.45
Merrivale	No	212	37.39	355	62.61	567	98.78	7	1.22	574	0.72
Mortlake	No	346	30.98	771	69.02	1117	99.47	6	0.53	1123	1.41
Moyston	No	75	33.04	152	66.96	227	100.00	0	0.00	227
	0.29
Naringal	No	50	27.17	134	72.83	184	99.46	1	0.54	185	0.23
Narrawong	No	91	39.22	141	60.78	232	99.57	1	0.43	233	0.29
Nelson	No	52	32.30	109	67.70	161	99.38	1	0.62	162	0.20
Noorat	No	155	32.70	319	67.30	474	99.79	1	0.21	475	0.60
Nullawarre	No	106	25.48	310	74.52	416	98.58	6	1.42	422	0.53
Orford	No	23	18.55	101	81.45	124	100.00	0	0.00	124
	0.16
Panmure	No	108	26.15	305	73.85	413	98.80	5	1.20	418	0.53
Patterson Park	No	429	33.20	863	66.80	1292	99.16	11	0.84	1303
	1.64
Penshurst	No	179	32.37	374	67.63	553	99.82	1	0.18	554	0.70
Peterborough	No	45	28.30	114	71.70	159	99.37	1	0.63	160
	0.20
Pirron Yallock (Wannon)	No	47	35.88	84	64.12	131	100.00	0
	0.00	131	0.16
Pomonal	No	78	37.86	128	62.14	206	98.10	4	1.90	210	0.26
Port Campbell	No	111	40.07	166	59.93	277	99.28	2	0.72	279
	0.35
Port Fairy	No	809	41.25	1152	58.75	1961	99.44	11	0.56	1972	2.48
Portland Central	No	950	41.20	1356	58.80	2306	99.40	14	0.60	2320
	2.92
Portland North	No	78	38.81	123	61.19	201	100.00	0	0.00
	201	0.25
Portland South	No	596	42.75	798	57.25	1394	99.57	6	0.43	1400
	1.76
Purnim	No	107	36.64	185	63.36	292	98.98	3	1.02	295	0.37
Scotts Creek	No	40	21.05	150	78.95	190	100.00	0	0.00
	190	0.24
Simpson (Wannon)	No	94	22.93	316	77.07	410	99.03	4	0.97	414
	0.52
Skipton	No	125	25.99	356	74.01	481	98.97	5	1.03	486	0.61
Smythesdale	No	301	38.20	487	61.80	788	99.24	6	0.76	794	1.00
Snake Valley	No	160	31.56	347	68.44	507	98.64	7	1.36	514
	0.65
Streatham	No	49	22.17	172	77.83	221	99.55	1	0.45	222	0.28
Tarrington	No	61	25.31	180	74.69	241	100.00	0	0.00	241
	0.30
Tatyoon	No	52	35.86	93	64.14	145	100.00	0	0.00	145
	0.18
Terang	No	472	29.54	1126	70.46	1598	98.89	18	1.11	1616	2.03
Timboon	No	356	33.68	701	66.32	1057	99.44	6	0.56	1063	1.34
Tower Square	No	356	42.63	479	57.37	835	99.40	5	0.60	840
	1.06
Tyrendarra	No	50	29.07	122	70.93	172	99.42	1	0.58	173	0.22
Wangoom	No	83	37.39	139	62.61	222	100.00	0	0.00	222
	0.28
Warrnambool	No	1961	41.23	2795	58.77	4756	99.31	33	0.69	4789	6.03
Warrnambool Base Hospital	No	140	42.68	188	57.32	328	99.70	1
	0.30	329	0.41
Warrnambool East	No	836	40.41	1233	59.59	2069	99.14	18	0.86	2087
	2.63
Warrnambool Education Centre	No	557	44.24	702	55.76	1259	99.29	9
	0.71	1268	1.60
Warrnambool North	No	547	46.20	637	53.80	1184	99.16	10	0.84	1194
	1.50
Warrnambool South	No	185	46.48	213	53.52	398	98.76	5	1.24	403
	0.51
Warrnambool West	No	904	37.46	1509	62.54	2413	98.97	25	1.03	2438
	3.07
Willaura	No	76	21.78	273	78.22	349	99.15	3	0.85	352	0.44
Wiridjil (Wannon)	No	40	32.00	85	68.00	125	100.00	0	0.00
	125	0.16
Woodford	No	152	40.21	226	59.79	378	99.21	3	0.79	381	0.48
Woolsthorpe	No	118	34.60	223	65.40	341	98.84	4	1.16	345	0.43
Woorndoo	No	12	33.33	24	66.67	36	100.00	0	0.00	36
	0.05
Yambuk	No	72	34.45	137	65.55	209	99.52	1	0.48	210	0.26
Special Hospitals	No	71	25.09	212	74.91	283	99.30	2	0.70	285
	0.36
Total Ordinary	No	22977	35.19	42325	64.81	65302	99.27	480	0.73	65782
	82.79
ABSENT	No	1997	47.05	2247	52.95	4244	99.55	19	0.45	4263	5.37
POSTAL	No	778	27.44	2057	72.56	2835	99.61	11	0.39	2846	3.58
PRE_POLL	No	2189	34.82	4098	65.18	6287	99.45	35	0.55	6322	7.96
PROVISIONAL	No	100	42.02	138	57.98	238	99.58	1	0.42	239	0.30
Division Summary	No	28041	35.54	50865	64.46	78906	99.31	546	0.69	79452
	96.72
