Referendum: 6 November 1999									
		
Referendum Results										
	
By Division by Polling Place									
		

"A proposed law for the Alteration of the Constitution, entitled"			
								
   the Constitutional Alteration (Preamble) 1999					
						
											
											
Queensland											
Hinkler (79052)											

		Yes		No		Formal		Informal		Total	
Polling Place		                                                             
Votes	%	Votes	%	Votes	%	Votes	%	Votes	%
Agnes Water	No	190	28.96	466	71.04	656	99.85	1	0.15	657	0.87
Alloway	No	128	29.22	310	70.78	438	99.77	1	0.23	439	0.58
Ambrose	No	52	24.53	160	75.47	212	100.00	0	0.00	212
	0.28
Apple Tree Creek	No	83	20.15	329	79.85	412	98.80	5	1.20	417
	0.55
Avoca	No	833	27.70	2174	72.30	3007	99.37	19	0.63	3026	4.01
Avondale	No	76	27.44	201	72.56	277	100.00	0	0.00	277
	0.37
Bajool	No	43	16.35	220	83.65	263	100.00	0	0.00	263
	0.35
Baree	No	47	18.58	206	81.42	253	100.00	0	0.00	253	0.34
Bargara	No	898	32.28	1884	67.72	2782	99.53	13	0.47	2795	3.70
Benaraby	No	114	23.85	364	76.15	478	97.75	11	2.25	489	0.65
Booyal	No	27	23.08	90	76.92	117	98.32	2	1.68	119	0.16
Bororen	No	65	20.38	254	79.62	319	100.00	0	0.00	319
	0.42
Boyne Island	No	682	31.27	1499	68.73	2181	99.45	12	0.55	2193
	2.90
Bracewell	No	5	8.33	55	91.67	60	100.00	0	0.00	60
	0.08
Branyan	No	180	27.91	465	72.09	645	99.23	5	0.77	650	0.86
Brisbane City (Hinkler)	No	29	36.71	50	63.29	79	98.75	1	1.25	80
	0.11
Builyan	No	7	10.45	60	89.55	67	100.00	0	0.00	67
	0.09
Bundaberg	No	490	27.07	1320	72.93	1810	99.40	11	0.60	1821	2.41
Bundaberg Base Hospital	No	108	30.59	245	69.41	353	98.60	5	1.40
	358	0.47
Bundaberg Central	No	122	24.85	369	75.15	491	99.39	3	0.61	494
	0.65
Bundaberg East	No	455	24.95	1369	75.05	1824	99.40	11	0.60	1835
	2.43
Bundaberg North	No	324	25.23	960	74.77	1284	98.92	14	1.08	1298
	1.72
Bundaberg North West	No	330	22.96	1107	77.04	1437	99.31	10	0.69
	1447	1.92
Bundaberg South	No	636	28.10	1627	71.90	2263	98.91	25	1.09	2288
	3.03
Bundaberg West	No	470	24.23	1470	75.77	1940	99.13	17	0.87	1957
	2.59
Burnett Heads	No	320	25.95	913	74.05	1233	99.60	5	0.40	1238
	1.64
Calliope	No	296	20.48	1149	79.52	1445	99.31	10	0.69	1455	1.93
Childers	No	362	21.19	1346	78.81	1708	99.24	13	0.76	1721	2.28
Clinton	No	505	27.15	1355	72.85	1860	98.88	21	1.12	1881	2.49
Clinton St John's	No	546	31.76	1173	68.24	1719	99.83	3	0.17	1722
	2.28
Cordalba	No	89	22.03	315	77.97	404	99.02	4	0.98	408	0.54
Elliott Heads	No	189	31.40	413	68.60	602	99.18	5	0.82	607
	0.80
Givelda	No	33	16.42	168	83.58	201	98.05	4	1.95	205	0.27
Gladstone	No	485	31.29	1065	68.71	1550	99.49	8	0.51	1558	2.06
Gladstone South	No	523	24.81	1585	75.19	2108	99.01	21	0.99	2129
	2.82
Gladstone Valley	No	235	30.05	547	69.95	782	99.36	5	0.64	787
	1.04
Gladstone West	No	431	26.03	1225	73.97	1656	98.98	17	1.02	1673
	2.22
Gooburrum	No	127	23.01	425	76.99	552	99.28	4	0.72	556	0.74
Goodwood	No	21	13.91	130	86.09	151	98.05	3	1.95	154	0.20
Kalkie	No	169	24.89	510	75.11	679	98.69	9	1.31	688	0.91
Kepnock	No	339	24.25	1059	75.75	1398	99.22	11	0.78	1409	1.87
Kin Kora	No	481	21.65	1741	78.35	2222	99.46	12	0.54	2234	2.96
Lowmead	No	14	15.05	79	84.95	93	100.00	0	0.00	93
	0.12
Millbank	No	357	25.02	1070	74.98	1427	99.17	12	0.83	1439	1.91
Miriam Vale	No	74	16.74	368	83.26	442	99.33	3	0.67	445	0.59
Moore Park	No	264	31.96	562	68.04	826	99.40	5	0.60	831	1.10
Mount Larcom	No	71	20.58	274	79.42	345	99.71	1	0.29	346
	0.46
Mount Morgan	No	290	21.48	1060	78.52	1350	99.05	13	0.95	1363
	1.81
Norville	No	627	26.55	1735	73.45	2362	99.04	23	0.96	2385	3.16
Oakwood	No	158	24.38	490	75.62	648	100.00	0	0.00	648
	0.86
Rosedale	No	70	18.52	308	81.48	378	98.95	4	1.05	382	0.51
Sharon	No	141	23.66	455	76.34	596	99.17	5	0.83	601	0.80
South Kolan	No	113	18.74	490	81.26	603	99.50	3	0.50	606	0.80
Tannum Sands	No	489	35.18	901	64.82	1390	99.29	10	0.71	1400
	1.85
Thabeban	No	487	24.20	1525	75.80	2012	99.36	13	0.64	2025	2.68
Toolooa	No	116	28.64	289	71.36	405	100.00	0	0.00	405
	0.54
Ubobo	No	18	17.82	83	82.18	101	100.00	0	0.00	101	0.13
Walkervale	No	536	25.20	1591	74.80	2127	98.98	22	1.02	2149	2.85
Wartburg	No	67	28.63	167	71.37	234	100.00	0	0.00	234
	0.31
Woodgate	No	113	25.45	331	74.55	444	99.78	1	0.22	445	0.59
Woongarra	No	211	27.30	562	72.70	773	99.61	3	0.39	776	1.03
Yandaran	No	86	20.87	326	79.13	412	99.04	4	0.96	416	0.55
Yarroon	No	376	26.44	1046	73.56	1422	99.37	9	0.63	1431	1.90
Yarwun	No	74	22.77	251	77.23	325	100.00	0	0.00	325
	0.43
Special Hospitals	No	92	19.01	392	80.99	484	97.38	13	2.62	497
	0.66
Total Ordinary	No	16389	25.97	46728	74.03	63117	99.27	465	0.73	63582
	84.22
ABSENT	No	1344	29.66	3187	70.34	4531	99.30	32	0.70	4563	6.04
POSTAL	No	533	23.39	1746	76.61	2279	99.35	15	0.65	2294	3.04
PRE_POLL	No	1406	30.38	3222	69.62	4628	99.72	13	0.28	4641	6.15
PROVISIONAL	No	129	31.08	286	68.92	415	99.52	2	0.48	417	0.55
Division Summary	No	19801	26.41	55169	73.59	74970	99.30	527	0.70	75497
	95.50
