Referendum: 6 November 1999									
			
Referendum Results										
		
By Division by Polling Place									
			

"A proposed law for the Alteration of the Constitution, entitled"			
									
   the Constitutional Alteration (Establishment of Republic) 1999			
									
												
												
South Australia											
	
Adelaide (86272)											
	
												
		Yes		No		Formal		Informal		Total	
	
Polling Place		Votes	%	Votes	%	Votes	%	Votes	%	Votes	%
	
Adelaide (Adelaide)	Yes	282	61.44	177	38.56	459	98.71	6	1.29
	465	0.57	
Adelaide East	Yes	465	67.00	229	33.00	694	99.14	6	0.86	700
	0.86	
Adelaide Hospital	Yes	187	61.72	116	38.28	303	98.06	6	1.94	309
	0.38	
Adelaide South	Yes	1056	64.67	577	35.33	1633	99.03	16	0.97	1649
	2.02
Adelaide West	Yes	205	64.87	111	35.13	316	98.75	4	1.25	320
	0.39
Black Forest East	Yes	1206	60.09	801	39.91	2007	98.58	29	1.42	2036
	2.50
Blair Athol North	No	628	41.02	903	58.98	1531	99.22	12	0.78	1543
	1.89
Broadview	No	971	47.93	1055	52.07	2026	99.46	11	0.54	2037	2.50
Brompton	Yes	581	61.09	370	38.91	951	98.96	10	1.04	961	1.18
Clarence Park	Yes	661	56.69	505	43.31	1166	99.32	8	0.68	1174
	1.44
College Park	Yes	765	67.22	373	32.78	1138	99.39	7	0.61	1145
	1.40
Croydon (Adelaide)	Yes	256	54.82	211	45.18	467	98.94	5	1.06
	472	0.58
Croydon Park	No	819	48.81	859	51.19	1678	98.88	19	1.12	1697
	2.08
Croydon Park West (Adelaide)	No	234	48.35	250	51.65	484	99.18	4
	0.82	488	0.60
Enfield	No	554	41.28	788	58.72	1342	98.32	23	1.68	1365	1.67
Enfield North (Adelaide)	No	548	43.74	705	56.26	1253	98.90	14
	1.10	1267	1.55
Enfield South	No	470	46.63	538	53.37	1008	98.82	12	1.18	1020
	1.25
Everard Park	Yes	396	53.66	342	46.34	738	99.06	7	0.94	745
	0.91
Fullarton	Yes	1365	60.03	909	39.97	2274	99.30	16	0.70	2290	2.81
Goodwood	Yes	1334	67.07	655	32.93	1989	99.05	19	0.95	2008	2.46
Goodwood Park	Yes	393	68.47	181	31.53	574	98.63	8	1.37	582
	0.71
Greenacres	No	609	43.19	801	56.81	1410	99.09	13	0.91	1423	1.74
Hampstead Gardens	No	422	44.99	516	55.01	938	99.36	6	0.64	944
	1.16
Hindmarsh	Yes	81	60.00	54	40.00	135	97.83	3	2.17	138	0.17
Hyde Park	Yes	1038	63.92	586	36.08	1624	99.45	9	0.55	1633	2.00
Kent Town	Yes	249	61.33	157	38.67	406	98.78	5	1.22	411	0.50
Keswick	Yes	366	53.67	316	46.33	682	99.42	4	0.58	686	0.84
Kilburn	No	564	43.35	737	56.65	1301	98.34	22	1.66	1323	1.62
Kilburn South	No	445	44.15	563	55.85	1008	98.15	19	1.85	1027
	1.26
Lower North Adelaide	Yes	660	66.60	331	33.40	991	99.30	7	0.70
	998	1.22
Malvern	Yes	940	61.08	599	38.92	1539	99.94	1	0.06	1540	1.89
Marden West (Adelaide)	Yes	179	63.48	103	36.52	282	98.60	4	1.40
	286	0.35
Mile End	Yes	1126	65.73	587	34.27	1713	98.50	26	1.50	1739	2.13
Myrtle Bank	Yes	1060	57.80	774	42.20	1834	99.19	15	0.81	1849	2.27
Nailsworth	Yes	878	58.42	625	41.58	1503	99.01	15	0.99	1518	1.86
North Adelaide	Yes	1560	63.96	879	36.04	2439	99.31	17	0.69	2456
	3.01
Northfield	No	369	36.43	644	63.57	1013	98.83	12	1.17	1025	1.26
Northfield South	No	604	39.04	943	60.96	1547	98.54	23	1.46	1570
	1.93
Parkside East	Yes	1530	67.02	753	32.98	2283	99.17	19	0.83	2302
	2.82
Prospect	Yes	1241	64.07	696	35.93	1937	99.28	14	0.72	1951	2.39
Prospect Estate	Yes	448	53.21	394	46.79	842	98.71	11	1.29	853
	1.05
Prospect North	Yes	952	52.71	854	47.29	1806	99.07	17	0.93	1823
	2.24
Prospect South	Yes	767	62.26	465	37.74	1232	99.35	8	0.65	1240
	1.52
Prospect West	Yes	1444	60.75	933	39.25	2377	99.12	21	0.88	2398
	2.94
Renown Park	Yes	999	52.91	889	47.09	1888	98.54	28	1.46	1916	2.35
St Peters	Yes	386	60.98	247	39.02	633	99.53	3	0.47	636	0.78
St Peters East	Yes	1116	63.05	654	36.95	1770	99.10	16	0.90	1786
	2.19
Unley	Yes	2050	68.36	949	31.64	2999	99.50	15	0.50	3014	3.70
Walkerville	Yes	1329	57.73	973	42.27	2302	99.44	13	0.56	2315	2.84
Walkerville North	Yes	527	53.23	463	46.77	990	99.70	3	0.30	993
	1.22
Wayville	Yes	402	70.28	170	29.72	572	98.28	10	1.72	582	0.71
Special Hospitals	No	259	30.91	579	69.09	838	98.13	16	1.87	854
	1.05	
Total Ordinary	Yes	37976	56.80	28889	43.20	66865	99.06	637	0.94	67502
	82.77	
ABSENT	Yes	3935	57.61	2895	42.39	6830	99.23	53	0.77	6883	8.44	
POSTAL	No	1127	38.15	1827	61.85	2954	99.56	13	0.44	2967	3.64	
PRE_POLL	Yes	2251	62.25	1365	37.75	3616	99.61	14	0.39	3630	4.45	
PROVISIONAL	Yes	291	51.32	276	48.68	567	98.95	6	1.05	573	0.70	
Division Summary	Yes	45580	56.39	35252	43.61	80832	99.11	723	0.89	81555
	94.53	
