Referendum: 6 November 1999									
		
Referendum Results										
	
By Division by Polling Place									
		

"A proposed law for the Alteration of the Constitution, entitled"			
								
   the Constitutional Alteration (Preamble) 1999					
						
											
											
New South Wales											
Calare (79082)											

				The Preamble							
		Yes		No		Formal		Informal		Total	
Polling Place		                                                             
Votes	%	Votes	%	Votes	%	Votes	%	Votes	%
Barry	No	36	32.73	74	67.27	110	100.00	0	0.00	110	0.14
Bathurst	No	1023	37.80	1683	62.20	2706	99.05	26	0.95	2732	3.58
Bathurst Central	No	266	42.63	358	57.37	624	99.05	6	0.95	630
	0.83
Bathurst City	No	768	38.34	1235	61.66	2003	99.01	20	0.99	2023
	2.65
Bathurst High	No	383	37.33	643	62.67	1026	99.23	8	0.77	1034
	1.35
Bathurst Hospital	No	286	35.88	511	64.12	797	99.38	5	0.62	802
	1.05
Bathurst St Vincents	No	84	32.56	174	67.44	258	98.85	3	1.15
	261	0.34
Bathurst South	No	421	33.12	850	66.88	1271	98.99	13	1.01	1284
	1.68
Bathurst West	No	894	38.62	1421	61.38	2315	99.06	22	0.94	2337
	3.06
Black Springs	No	58	24.17	182	75.83	240	100.00	0	0.00
	240	0.31
Blayney	No	519	29.51	1240	70.49	1759	99.15	15	0.85	1774	2.32
Bletchington	No	887	32.46	1846	67.54	2733	98.91	30	1.09	2763
	3.62
Bloomfield Hospital	No	45	33.58	89	66.42	134	99.26	1	0.74
	135	0.18
Borenore	No	94	35.21	173	64.79	267	99.63	1	0.37	268	0.35
Bowen	No	739	31.02	1643	68.98	2382	99.13	21	0.87	2403	3.15
Bowenfels South	No	46	31.51	100	68.49	146	100.00	0	0.00
	146	0.19
Burraga	No	18	22.78	61	77.22	79	98.75	1	1.25	80	0.10
Bylong	No	21	28.77	52	71.23	73	100.00	0	0.00	73
	0.10
Calare School	No	665	36.64	1150	63.36	1815	99.18	15	0.82	1830
	2.40
Canobolas	No	50	32.68	103	67.32	153	99.35	1	0.65	154	0.20
Canowindra	No	349	27.57	917	72.43	1266	98.67	17	1.33	1283	1.68
Capertee	No	33	26.19	93	73.81	126	99.21	1	0.79	127	0.17
Carcoar	No	66	33.17	133	66.83	199	99.50	1	0.50	200	0.26
Cargo	No	70	26.82	191	73.18	261	99.62	1	0.38	262	0.34
Cooerwull	No	755	33.71	1485	66.29	2240	99.20	18	0.80	2258	2.96
Cudal	No	152	33.48	302	66.52	454	99.34	3	0.66	457	0.60
Cullen Bullen	No	38	22.89	128	77.11	166	100.00	0	0.00
	166	0.22
Cumnock	No	89	26.81	243	73.19	332	100.00	0	0.00	332
	0.43
Eglinton	No	442	31.78	949	68.22	1391	99.43	8	0.57	1399	1.83
Errowanbang	No	11	17.46	52	82.54	63	100.00	0	0.00	63
	0.08
Euchareena	No	18	15.79	96	84.21	114	99.13	1	0.87	115	0.15
Eugowra	No	154	30.99	343	69.01	497	99.40	3	0.60	500	0.66
Glen Alice	No	20	31.75	43	68.25	63	98.44	1	1.56	64	0.08
Glenroi	No	512	28.02	1315	71.98	1827	99.35	12	0.65	1839	2.41
Hampton	No	23	19.01	98	80.99	121	100.00	0	0.00	121
	0.16
Hartley	No	101	32.79	207	67.21	308	99.68	1	0.32	309	0.40
Hermitage	No	183	29.05	447	70.95	630	99.37	4	0.63	634	0.83
Hill End	No	25	30.12	58	69.88	83	100.00	0	0.00	83
	0.11
Ilford	No	50	26.32	140	73.68	190	99.48	1	0.52	191	0.25
Jenolan Caves	No	15	50.00	15	50.00	30	100.00	0	0.00	30
	0.04
Kandos	No	329	31.45	717	68.55	1046	99.15	9	0.85	1055	1.38
Kelso	No	870	34.29	1667	65.71	2537	99.26	19	0.74	2556	3.35
Kirkconnell	No	50	36.76	86	63.24	136	100.00	0	0.00	136
	0.18
Lithgow	No	558	33.19	1123	66.81	1681	98.82	20	1.18	1701	2.23
Lithgow Hospital	No	54	43.55	70	56.45	124	100.00	0	0.00
	124	0.16
Littleton	No	214	32.67	441	67.33	655	99.09	6	0.91	661	0.87
Lucknow	No	69	33.82	135	66.18	204	100.00	0	0.00	204
	0.27
Lyndhurst	No	57	25.68	165	74.32	222	99.55	1	0.45	223	0.29
Mandurama	No	60	28.71	149	71.29	209	99.52	1	0.48	210	0.28
Manildra	No	162	30.51	369	69.49	531	99.07	5	0.93	536	0.70
March	No	42	23.73	135	76.27	177	99.44	1	0.56	178	0.23
Meadow Flat	No	51	31.29	112	68.71	163	99.39	1	0.61	164	0.21
Millthorpe	No	222	32.50	461	67.50	683	99.42	4	0.58	687	0.90
Mitchell Campus	No	62	48.06	67	51.94	129	99.23	1	0.77	130
	0.17
Molong	No	358	27.10	963	72.90	1321	98.73	17	1.27	1338	1.75
Morts Estate	No	128	30.33	294	69.67	422	99.29	3	0.71	425
	0.56
Mullion Creek	No	70	26.32	196	73.68	266	99.63	1	0.37	267
	0.35
Mumbil	No	40	25.00	120	75.00	160	99.38	1	0.62	161	0.21
Nashdale	No	107	36.27	188	63.73	295	98.99	3	1.01	298	0.39
Neurea	No	14	31.82	30	68.18	44	100.00	0	0.00	44
	0.06
Neville	No	39	31.97	83	68.03	122	100.00	0	0.00	122
	0.16
Newbridge	No	35	27.13	94	72.87	129	99.23	1	0.77	130	0.17
O'Connell	No	78	33.19	157	66.81	235	99.58	1	0.42	236	0.31
Oakey Park	No	64	29.63	152	70.37	216	97.30	6	2.70	222	0.29
Oberon	No	572	29.62	1359	70.38	1931	98.57	28	1.43	1959	2.57
Orange	No	823	36.05	1460	63.95	2283	98.87	26	1.13	2309	3.03
Orange East	No	615	33.12	1242	66.88	1857	99.09	17	0.91	1874	2.46
Orange Hospital	No	157	31.53	341	68.47	498	99.40	3	0.60	501
	0.66
Orange North	No	145	29.53	346	70.47	491	99.59	2	0.41	493
	0.65
Orange South	No	605	35.26	1111	64.74	1716	98.73	22	1.27	1738
	2.28
Orange West	No	1265	37.99	2065	62.01	3330	98.84	39	1.16	3369	4.41
Peel	No	38	40.43	56	59.57	94	98.95	1	1.05	95	0.12
Perthville	No	160	32.19	337	67.81	497	98.42	8	1.58	505	0.66
Portland	No	348	27.75	906	72.25	1254	99.29	9	0.71	1263	1.65
Raglan	No	224	28.21	570	71.79	794	99.62	3	0.38	797	1.04
Rockley	No	47	19.11	199	80.89	246	100.00	0	0.00	246
	0.32
Rydal	No	28	28.00	72	72.00	100	100.00	0	0.00	100	0.13
Rylstone	No	244	32.71	502	67.29	746	99.20	6	0.80	752	0.99
Sofala	No	18	20.45	70	79.55	88	100.00	0	0.00	88
	0.12
Spring Hill	No	71	31.98	151	68.02	222	99.55	1	0.45	223	0.29
Spring Terrace	No	64	34.04	124	65.96	188	100.00	0	0.00
	188	0.25
Stuart Town	No	51	26.70	140	73.30	191	99.48	1	0.52	192	0.25
Sydney (Calare)	No	21	40.38	31	59.62	52	100.00	0	0.00	52
	0.07
Tarana	No	24	30.38	55	69.62	79	100.00	0	0.00	79
	0.10
The Lagoon	No	17	16.04	89	83.96	106	99.07	1	0.93	107	0.14
Trunkey Creek	No	37	26.24	104	73.76	141	100.00	0	0.00
	141	0.18
Tweed Mills	No	120	22.26	419	77.74	539	99.08	5	0.92	544	0.71
Vale Of Clwydd	No	206	33.01	418	66.99	624	99.21	5	0.79	629
	0.82
Wallerawang	No	306	24.58	939	75.42	1245	99.52	6	0.48	1251	1.64
Wattle Flat	No	67	29.26	162	70.74	229	98.71	3	1.29	232	0.30
Yeoval	No	121	25.10	361	74.90	482	99.59	2	0.41	484	0.63
Special Hospitals	No	170	37.04	289	62.96	459	96.63	16	3.37	475
	0.62
Prison Mobiles	Yes	4	66.67	2	33.33	6	100.00	0	0.00	6
	0.01
Total Ordinary	No	20710	32.64	42737	67.36	63447	99.12	565	0.88	64012
	83.86
ABSENT	No	1794	38.80	2830	61.20	4624	99.55	21	0.45	4645	6.09
POSTAL	No	706	30.83	1584	69.17	2290	99.39	14	0.61	2304	3.02
PRE_POLL	No	1792	36.53	3113	63.47	4905	99.43	28	0.57	4933	6.46
PROVISIONAL	No	151	34.79	283	65.21	434	100.00	0	0.00	434
	0.57
Division Summary	No	25153	33.23	50547	66.77	75700	99.18	628	0.82	76328
	96.52
