Referendum: 6 November 1999									
		
Referendum Results										
	
By Division by Polling Place									
		

"A proposed law for the Alteration of the Constitution, entitled"			
								
   the Constitutional Alteration (Preamble) 1999					
						
											
											
New South Wales											
Page (81079)											

		Yes		No		Formal		Informal		Total	
Polling Place		                                                             
Votes	%	Votes	%	Votes	%	Votes	%	Votes	%
Baryulgil	No	22	34.92	41	65.08	63	100.00	0	0.00	63
	0.08
Bentley	No	79	37.62	131	62.38	210	100.00	0	0.00	210
	0.27
Bexhill	No	172	35.98	306	64.02	478	100.00	0	0.00	478
	0.61
Bonalbo	No	100	23.53	325	76.47	425	98.84	5	1.16	430	0.55
Broadwater	No	123	33.98	239	66.02	362	99.18	3	0.82	365	0.47
Brooms Head	No	70	38.25	113	61.75	183	100.00	0	0.00	183
	0.24
Caniaba	No	67	27.80	174	72.20	241	99.18	2	0.82	243	0.31
Casino	No	1080	29.40	2593	70.60	3673	98.76	46	1.24	3719	4.78
Casino High	No	209	25.12	623	74.88	832	99.40	5	0.60	837	1.08
Casino Hospital	No	142	24.27	443	75.73	585	99.49	3	0.51	588
	0.76
Casino South	No	265	27.60	695	72.40	960	98.77	12	1.23	972
	1.25
Casino West	No	190	25.54	554	74.46	744	99.60	3	0.40	747	0.96
Cawongla	No	155	40.05	232	59.95	387	99.49	2	0.51	389	0.50
Chatsworth Island	No	112	30.35	257	69.65	369	100.00	0	0.00
	369	0.47
Clovass	No	60	25.64	174	74.36	234	100.00	0	0.00	234
	0.30
Clunes	No	146	41.36	207	58.64	353	99.72	1	0.28	354	0.46
Copmanhurst	No	94	29.37	226	70.63	320	99.69	1	0.31	321	0.41
Coraki	No	268	28.94	658	71.06	926	99.36	6	0.64	932	1.20
Corindi	No	230	37.28	387	62.72	617	99.84	1	0.16	618	0.80
Corndale	No	47	36.43	82	63.57	129	99.23	1	0.77	130	0.17
Coutts Crossing	No	197	26.41	549	73.59	746	99.47	4	0.53	750
	0.96
Cowper	No	114	31.40	249	68.60	363	98.91	4	1.09	367	0.47
Drake	No	43	29.45	103	70.55	146	99.32	1	0.68	147	0.19
Dundurrabin	No	37	28.03	95	71.97	132	99.25	1	0.75	133	0.17
Dunoon	No	227	37.83	373	62.17	600	99.67	2	0.33	602	0.77
Eltham	No	64	32.65	132	67.35	196	98.99	2	1.01	198	0.25
Evans Head	No	546	34.56	1034	65.44	1580	99.31	11	0.69	1591	2.05
Fairy Hill	No	91	22.52	313	77.48	404	99.75	1	0.25	405	0.52
Gillwinga	No	238	36.96	406	63.04	644	99.54	3	0.46	647	0.83
Glenreagh	No	141	32.49	293	67.51	434	97.75	10	2.25	444	0.57
Goolmangar	No	129	30.35	296	69.65	425	99.53	2	0.47	427	0.55
Goonellabah	No	879	35.44	1601	64.56	2480	99.48	13	0.52	2493	3.21
Goonellabah South	No	645	34.94	1201	65.06	1846	99.62	7	0.38	1853
	2.38
Grafton	No	689	35.22	1267	64.78	1956	98.94	21	1.06	1977	2.54
Grafton East	No	500	33.90	975	66.10	1475	98.99	15	1.01	1490
	1.92
Grafton Hospital	No	92	29.11	224	70.89	316	99.06	3	0.94	319
	0.41
Grafton North	No	629	32.12	1329	67.88	1958	99.34	13	0.66	1971
	2.54
Grafton South	No	340	28.89	837	71.11	1177	99.24	9	0.76	1186
	1.53
Grevillia	No	38	22.35	132	77.65	170	100.00	0	0.00	170
	0.22
Gulmarrad	No	153	39.74	232	60.26	385	99.23	3	0.77	388	0.50
Gundurimba South	No	24	20.34	94	79.66	118	100.00	0	0.00
	118	0.15
Harwood Island	No	89	29.57	212	70.43	301	99.67	1	0.33	302
	0.39
Horseshoe Creek	No	42	27.81	109	72.19	151	98.69	2	1.31	153
	0.20
Iluka	No	356	30.82	799	69.18	1155	99.40	7	0.60	1162	1.49
Jiggi	No	89	37.55	148	62.45	237	99.16	2	0.84	239	0.31
Junction Hill	No	231	31.69	498	68.31	729	99.45	4	0.55	733
	0.94
Kyogle	No	650	29.15	1580	70.85	2230	99.51	11	0.49	2241	2.88
Kyogle Hospital	No	114	32.20	240	67.80	354	98.61	5	1.39	359
	0.46
Lawrence	No	176	31.32	386	68.68	562	99.12	5	0.88	567	0.73
Leeville	No	87	28.62	217	71.38	304	98.06	6	1.94	310	0.40
Legume	No	34	22.97	114	77.03	148	98.67	2	1.33	150	0.19
Lismore	No	910	37.08	1544	62.92	2454	99.03	24	0.97	2478	3.19
Lismore Central	No	654	39.19	1015	60.81	1669	99.05	16	0.95	1685
	2.17
Lismore East	No	614	35.91	1096	64.09	1710	99.42	10	0.58	1720
	2.21
Lismore Heights	No	304	37.86	499	62.14	803	99.63	3	0.37	806
	1.04
Lismore Hospital	No	107	32.92	218	67.08	325	99.09	3	0.91	328
	0.42
Lismore North	No	172	31.85	368	68.15	540	99.82	1	0.18	541
	0.70
Lismore St Vincents Hospital	No	218	36.39	381	63.61	599	99.50	3
	0.50	602	0.77
Lismore South	No	569	33.27	1141	66.73	1710	98.90	19	1.10	1729
	2.22
Liston	No	35	25.36	103	74.64	138	100.00	0	0.00	138
	0.18
Maclean	No	578	33.09	1169	66.91	1747	99.43	10	0.57	1757	2.26
Maclean Hospital	No	156	28.78	386	71.22	542	99.63	2	0.37	544
	0.70
Mallanganee	No	61	25.52	178	74.48	239	98.76	3	1.24	242	0.31
Modanville	No	105	37.63	174	62.37	279	99.64	1	0.36	280	0.36
Nimbin	No	385	40.70	561	59.30	946	97.43	25	2.57	971	1.25
Nymboida	No	28	23.14	93	76.86	121	99.18	1	0.82	122	0.16
Palmers Island	No	186	31.00	414	69.00	600	99.50	3	0.50	603
	0.78
Pound Hill	No	469	32.57	971	67.43	1440	99.04	14	0.96	1454	1.87
Rappville	No	28	19.05	119	80.95	147	98.66	2	1.34	149	0.19
Red Rock	No	51	31.29	112	68.71	163	100.00	0	0.00	163
	0.21
Rosebank	No	103	45.58	123	54.42	226	99.12	2	0.88	228	0.29
Southgate	No	41	35.65	74	64.35	115	100.00	0	0.00	115
	0.15
Sydney (Page)	No	8	33.33	16	66.67	24	96.00	1	4.00	25
	0.03
Tabulam	No	96	26.37	268	73.63	364	99.45	2	0.55	366	0.47
The Channon	No	158	37.62	262	62.38	420	98.59	6	1.41	426	0.55
Tregeagle	No	141	35.43	257	64.57	398	100.00	0	0.00	398
	0.51
Tucabia	No	104	31.61	225	68.39	329	99.70	1	0.30	330	0.42
Ulmarra	No	142	24.19	445	75.81	587	99.66	2	0.34	589	0.76
Urbenville	No	38	16.59	191	83.41	229	99.57	1	0.43	230	0.30
Vere Street	No	720	29.48	1722	70.52	2442	98.83	29	1.17	2471	3.18
Waterview Heights	No	261	29.66	619	70.34	880	98.99	9	1.01	889
	1.14
Westlawn	No	272	28.72	675	71.28	947	99.27	7	0.73	954	1.23
Whiporie	No	32	27.83	83	72.17	115	98.29	2	1.71	117	0.15
Wiangaree	No	89	27.47	235	72.53	324	97.89	7	2.11	331	0.43
Woodburn	No	233	28.07	597	71.93	830	99.64	3	0.36	833	1.07
Woodenbong	No	67	19.20	282	80.80	349	100.00	0	0.00	349
	0.45
Wooli	No	134	27.80	348	72.20	482	99.59	2	0.41	484	0.62
Woombah	No	127	35.28	233	64.72	360	99.17	3	0.83	363	0.47
Wyrallah	No	115	32.67	237	67.33	352	99.44	2	0.56	354	0.46
Yamba	No	748	36.03	1328	63.97	2076	99.76	5	0.24	2081	2.68
Yamba West	No	293	34.27	562	65.73	855	99.07	8	0.93	863	1.11
Special Hospitals	No	164	37.19	277	62.81	441	95.45	21	4.55	462
	0.59
Total Ordinary	No	21031	32.29	44099	67.71	65130	99.22	514	0.78	65644
	84.45
ABSENT	No	1517	39.72	2302	60.28	3819	99.32	26	0.68	3845	4.95
POSTAL	No	824	29.06	2012	70.94	2836	99.58	12	0.42	2848	3.66
PRE_POLL	No	1826	37.43	3052	62.57	4878	99.55	22	0.45	4900	6.30
PROVISIONAL	No	185	37.83	304	62.17	489	98.99	5	1.01	494	0.64
Division Summary	No	25383	32.90	51769	67.10	77152	99.26	579	0.74	77731
	95.87
