Referendum: 6 November 1999									
		
Referendum Results										
	
By Division by Polling Place									
		

"A proposed law for the Alteration of the Constitution, entitled"			
								
   the Constitutional Alteration (Preamble) 1999					
						
											
											
Queensland											
Kennedy (84541)											

		Yes		No		Formal		Informal		Total	
Polling Place		                                                             
Votes	%	Votes	%	Votes	%	Votes	%	Votes	%
Abergowrie	No	44	21.15	164	78.85	208	99.52	1	0.48	209	0.26
Aloomba	No	35	14.89	200	85.11	235	98.74	3	1.26	238	0.30
Atherton	No	535	22.52	1841	77.48	2376	99.12	21	0.88	2397	3.04
Atherton North	No	287	24.59	880	75.41	1167	98.73	15	1.27	1182
	1.50
Babinda	No	199	23.09	663	76.91	862	99.19	7	0.81	869	1.10
Bambaroo	No	49	19.76	199	80.24	248	97.25	7	2.75	255	0.32
Bellenden Ker	No	18	16.07	94	83.93	112	100.00	0	0.00
	112	0.14
Biboohra	No	51	19.92	205	80.08	256	96.97	8	3.03	264	0.33
Bluewater	No	336	26.25	944	73.75	1280	99.46	7	0.54	1287	1.63
Boulia	No	34	24.64	104	75.36	138	97.87	3	2.13	141	0.18
Bramston Beach	No	14	22.22	49	77.78	63	100.00	0	0.00	63
	0.08
Brisbane City (Kennedy)	No	20	36.36	35	63.64	55	100.00	0
	0.00	55	0.07
Burketown	No	30	30.00	70	70.00	100	100.00	0	0.00	100
	0.13
Butchers Creek	No	26	16.77	129	83.23	155	100.00	0	0.00
	155	0.20
Camooweal	No	18	18.95	77	81.05	95	98.96	1	1.04	96	0.12
Cardwell	No	165	22.12	581	77.88	746	98.81	9	1.19	755	0.96
Charters Towers	No	294	28.99	720	71.01	1014	98.93	11	1.07	1025
	1.30
Charters Towers Central	No	233	25.00	699	75.00	932	99.68	3	0.32
	935	1.18
Charters Towers Hospital	No	153	26.89	416	73.11	569	98.78	7
	1.22	576	0.73
Chillagoe	No	26	17.33	124	82.67	150	99.34	1	0.66	151	0.19
Cloncurry	No	257	22.52	884	77.48	1141	99.74	3	0.26	1144	1.45
Croydon	No	31	24.22	97	75.78	128	99.22	1	0.78	129	0.16
Dajarra	No	33	32.35	69	67.65	102	99.03	1	0.97	103	0.13
Dimbulah	No	226	37.23	381	62.77	607	98.54	9	1.46	616	0.78
Doomadgee (Kennedy)	No	55	19.71	224	80.29	279	98.24	5	1.76
	284	0.36
East Palmerston	No	41	21.13	153	78.87	194	98.98	2	1.02	196
	0.25
Einasleigh	No	8	28.57	20	71.43	28	100.00	0	0.00	28
	0.04
El Arish	No	121	28.40	305	71.60	426	98.38	7	1.62	433	0.55
Emerald Creek	No	63	26.92	171	73.08	234	99.15	2	0.85	236
	0.30
Euramo	No	23	24.21	72	75.79	95	100.00	0	0.00	95
	0.12
Evelyn Central	No	13	15.66	70	84.34	83	100.00	0	0.00	83
	0.11
Eventide	No	90	25.57	262	74.43	352	98.88	4	1.12	356	0.45
Feluga	No	60	25.86	172	74.14	232	100.00	0	0.00	232
	0.29
Flying Fish Point	No	86	27.04	232	72.96	318	99.37	2	0.63	320
	0.41
Forrest Beach	No	162	26.78	443	73.22	605	99.83	1	0.17	606
	0.77
Forsayth	No	15	23.81	48	76.19	63	100.00	0	0.00	63
	0.08
Garradunga	No	71	28.63	177	71.37	248	98.80	3	1.20	251	0.32
Georgetown	No	24	19.20	101	80.80	125	100.00	0	0.00	125
	0.16
Goondi	No	315	26.36	880	73.64	1195	99.67	4	0.33	1199	1.52
Gordonvale	No	689	25.91	1970	74.09	2659	99.11	24	0.89	2683	3.40
Greenvale	No	14	15.56	76	84.44	90	96.77	3	3.23	93	0.12
Halifax	No	130	21.10	486	78.90	616	100.00	0	0.00	616
	0.78
Happy Valley	No	230	26.62	634	73.38	864	99.08	8	0.92	872
	1.10
Hawkins Creek	No	33	18.97	141	81.03	174	100.00	0	0.00
	174	0.22
Healy	No	410	32.75	842	67.25	1252	98.51	19	1.49	1271	1.61
Herberton	No	116	18.77	502	81.23	618	99.52	3	0.48	621	0.79
Homestead	No	10	13.16	66	86.84	76	100.00	0	0.00	76
	0.10
Hughenden	No	128	18.26	573	81.74	701	99.57	3	0.43	704	0.89
Ingham	No	553	25.09	1651	74.91	2204	98.57	32	1.43	2236	2.83
Ingham Hospital	No	304	24.26	949	75.74	1253	99.44	7	0.56	1260
	1.60
Innisfail	No	616	28.05	1580	71.95	2196	99.01	22	0.99	2218	2.81
Innisfail East	No	276	21.96	981	78.04	1257	99.29	9	0.71	1266
	1.60
Innisfail Hospital	No	137	24.46	423	75.54	560	99.12	5	0.88
	565	0.72
Innot Hot Springs	No	20	16.81	99	83.19	119	100.00	0	0.00
	119	0.15
Irvinebank	No	16	24.62	49	75.38	65	100.00	0	0.00	65
	0.08
Julia Creek	No	57	20.14	226	79.86	283	99.65	1	0.35	284	0.36
Kairi	No	78	18.93	334	81.07	412	99.76	1	0.24	413	0.52
Kalkadoon	No	195	30.81	438	69.19	633	98.60	9	1.40	642	0.81
Karumba	No	69	28.40	174	71.60	243	98.38	4	1.62	247	0.31
Kennedy	No	44	21.89	157	78.11	201	99.01	2	0.99	203	0.26
Kurrimine Beach	No	80	20.83	304	79.17	384	100.00	0	0.00
	384	0.49
Long Pocket	No	30	20.55	116	79.45	146	100.00	0	0.00	146
	0.18
Lower Tully	No	60	20.34	235	79.66	295	99.66	1	0.34	296	0.38
Lucinda	No	74	23.12	246	76.88	320	99.69	1	0.31	321	0.41
Mcdonnell Creek	No	43	19.91	173	80.09	216	100.00	0	0.00
	216	0.27
Mckinlay	No	2	7.69	24	92.31	26	100.00	0	0.00	26
	0.03
Macknade	No	66	22.15	232	77.85	298	98.68	4	1.32	302	0.38
Malanda	No	378	20.47	1469	79.53	1847	99.25	14	0.75	1861	2.36
Mareeba	No	657	22.75	2231	77.25	2888	99.04	28	0.96	2916	3.69
Mareeba Hospital	No	154	21.07	577	78.93	731	98.65	10	1.35	741
	0.94
Mareeba West	No	270	22.08	953	77.92	1223	99.51	6	0.49	1229
	1.56
Mena Creek	No	105	28.38	265	71.62	370	99.46	2	0.54	372	0.47
Millaa Millaa	No	80	17.39	380	82.61	460	99.57	2	0.43	462
	0.59
Mingela	No	4	9.52	38	90.48	42	100.00	0	0.00	42
	0.05
Miriwinni	No	99	20.50	384	79.50	483	99.38	3	0.62	486	0.62
Mission Beach	No	246	32.16	519	67.84	765	98.71	10	1.29	775
	0.98
Moresby	No	62	23.05	207	76.95	269	100.00	0	0.00	269
	0.34
Mornington Island	No	191	42.26	261	57.74	452	98.69	6	1.31	458
	0.58
Mount Garnet	No	60	19.67	245	80.33	305	100.00	0	0.00
	305	0.39
Mount Isa	No	595	30.04	1386	69.96	1981	98.56	29	1.44	2010	2.55
Mount Isa Hospital	No	128	38.32	206	61.68	334	100.00	0
	0.00	334	0.42
Mount Isa West	No	126	29.65	299	70.35	425	98.61	6	1.39	431
	0.55
Mount Surprise	No	13	20.00	52	80.00	65	100.00	0	0.00	65
	0.08
Mourilyan	No	159	20.25	626	79.75	785	98.87	9	1.13	794	1.01
Murray Upper	No	72	27.17	193	72.83	265	98.88	3	1.12	268
	0.34
Mutchilba	No	69	27.94	178	72.06	247	99.20	2	0.80	249	0.32
Normanton	No	171	29.53	408	70.47	579	99.14	5	0.86	584	0.74
Pentland	No	21	14.58	123	85.42	144	99.31	1	0.69	145	0.18
Prairie	No	7	12.96	47	87.04	54	100.00	0	0.00	54
	0.07
Queenton	No	276	22.38	957	77.62	1233	99.44	7	0.56	1240	1.57
Ravenshoe	No	256	22.13	901	77.87	1157	99.23	9	0.77	1166	1.48
Ravenswood	No	27	19.71	110	80.29	137	99.28	1	0.72	138	0.17
Richmond	No	64	16.80	317	83.20	381	99.74	1	0.26	382	0.48
Richmond Hill	No	209	23.64	675	76.36	884	99.33	6	0.67	890
	1.13
Rollingstone	No	153	27.47	404	72.53	557	99.82	1	0.18	558
	0.71
Silkwood	No	86	21.39	316	78.61	402	96.87	13	3.13	415	0.53
Soldiers Hill	No	290	28.86	715	71.14	1005	98.63	14	1.37	1019
	1.29
South Johnstone	No	111	25.75	320	74.25	431	98.85	5	1.15	436
	0.55
South Mission Beach	No	134	31.60	290	68.40	424	98.83	5	1.17
	429	0.54
Sunset	No	412	28.51	1033	71.49	1445	98.84	17	1.16	1462	1.85
Tolga	No	238	19.52	981	80.48	1219	99.19	10	0.81	1229	1.56
Toobanna	No	61	16.71	304	83.29	365	98.38	6	1.62	371	0.47
Townview	No	301	30.07	700	69.93	1001	99.60	4	0.40	1005	1.27
Trebonne	No	73	16.74	363	83.26	436	99.32	3	0.68	439	0.56
Tully	No	382	26.02	1086	73.98	1468	99.12	13	0.88	1481	1.88
Tully Hospital	No	140	24.05	442	75.95	582	98.64	8	1.36	590
	0.75
Upper Barron	No	20	14.39	119	85.61	139	99.29	1	0.71	140
	0.18
Upper Stone	No	10	14.49	59	85.51	69	98.57	1	1.43	70	0.09
Victoria Estate	No	93	17.71	432	82.29	525	99.81	1	0.19	526
	0.67
Walkamin	No	67	25.48	196	74.52	263	99.25	2	0.75	265	0.34
Wangan	No	129	25.85	370	74.15	499	99.80	1	0.20	500	0.63
Wondecla	No	42	17.72	195	82.28	237	98.75	3	1.25	240	0.30
Yungaburra	No	242	23.22	800	76.78	1042	99.33	7	0.67	1049	1.33
Special Hospitals	No	85	29.01	208	70.99	293	97.02	9	2.98	302
	0.38
Total Ordinary	No	16309	24.60	49976	75.40	66285	99.12	590	0.88	66875
	84.73
ABSENT	No	1680	29.59	3998	70.41	5678	99.46	31	0.54	5709	7.23
POSTAL	No	770	21.44	2822	78.56	3592	99.67	12	0.33	3604	4.57
PRE_POLL	No	682	32.60	1410	67.40	2092	99.48	11	0.52	2103	2.66
PROVISIONAL	No	179	28.32	453	71.68	632	99.53	3	0.47	635	0.80
Division Summary	No	19620	25.06	58659	74.94	78279	99.18	647	0.82	78926
	93.36
