Referendum: 6 November 1999									
		
Referendum Results										
	
By Division by Polling Place									
		

"A proposed law for the Alteration of the Constitution, entitled"			
								
   the Constitutional Alteration (Establishment of Republic) 1999			
								
											
											
South Australia											
Mayo (83585)											

		Yes		No		Formal		Informal		Total	
Polling Place		Votes	%	Votes	%	Votes	%	Votes	%	Votes	%
Aberfoyle Park	No	1767	51.89	1638	48.11	3405	99.36	22	0.64	3427
	4.25
Aberfoyle Park North (Mayo)	No	1125	52.35	1024	47.65	2149	99.17	18
	0.83	2167	2.69
Aberfoyle Park South	No	443	50.92	427	49.08	870	99.09	8	0.91
	878	1.09
Adelaide (Mayo)	No	64	58.72	45	41.28	109	100.00	0	0.00
	109	0.14
Aldgate	No	1238	61.14	787	38.86	2025	99.31	14	0.69	2039	2.53
Athelstone	No	1998	51.95	1848	48.05	3846	99.02	38	0.98	3884	4.82
Athelstone West	Yes	1921	58.94	1338	41.06	3259	98.46	51	1.54	3310
	4.10
Balhannah	No	683	46.02	801	53.98	1484	99.53	7	0.47	1491	1.85
Basket Range	No	84	64.12	47	35.88	131	100.00	0	0.00
	131	0.16
Bridgewater	No	888	55.88	701	44.12	1589	99.00	16	1.00	1605	1.99
Brukunga	No	56	32.75	115	67.25	171	98.84	2	1.16	173	0.21
Callington	No	94	32.41	196	67.59	290	99.32	2	0.68	292	0.36
Charleston	No	68	28.45	171	71.55	239	99.17	2	0.83	241	0.30
Cherry Gardens	No	238	49.28	245	50.72	483	98.98	5	1.02	488
	0.61
Clarendon	No	210	46.46	242	53.54	452	99.12	4	0.88	456	0.57
Coromandel Valley (Mayo)	No	654	58.13	471	41.87	1125	99.56	5
	0.44	1130	1.40
Crafers	No	789	59.82	530	40.18	1319	99.62	5	0.38	1324	1.64
Cudlee Creek	No	71	39.89	107	60.11	178	97.80	4	2.20	182
	0.23
Echunga	No	346	43.30	453	56.70	799	98.89	9	1.11	808	1.00
Hahndorf	No	737	44.59	916	55.41	1653	99.16	14	0.84	1667	2.07
Happy Valley (Mayo)	No	624	45.51	747	54.49	1371	99.20	11	0.80
	1382	1.71
Harrogate	No	46	41.82	64	58.18	110	100.00	0	0.00	110
	0.14
Highbury South (Mayo)	No	1236	51.74	1153	48.26	2389	99.17	20	0.83
	2409	2.99
Houghton	No	249	42.64	335	57.36	584	99.32	4	0.68	588	0.73
Kangarilla	No	231	45.74	274	54.26	505	99.41	3	0.59	508	0.63
Langhorne Creek	No	78	33.05	158	66.95	236	98.33	4	1.67	240
	0.30
Lenswood	No	180	40.54	264	59.46	444	99.55	2	0.45	446	0.55
Littlehampton	No	668	47.65	734	52.35	1402	99.08	13	0.92	1415
	1.75
Lobethal	No	443	35.21	815	64.79	1258	99.13	11	0.87	1269	1.57
Longwood	No	178	54.60	148	45.40	326	99.09	3	0.91	329	0.41
Macclesfield	No	350	46.48	403	53.52	753	99.47	4	0.53	757
	0.94
Mclaren Flat	No	294	45.37	354	54.63	648	98.78	8	1.22	656
	0.81
Mclaren Vale	No	826	40.77	1200	59.23	2026	99.51	10	0.49	2036
	2.52
Magill (Mayo)	Yes	885	56.23	689	43.77	1574	98.81	19	1.19	1593
	1.98
Meadows	No	398	42.98	528	57.02	926	99.25	7	0.75	933	1.16
Montacute	No	70	40.94	101	59.06	171	100.00	0	0.00	171
	0.21
Mount Barker	No	1922	41.48	2711	58.52	4633	99.10	42	0.90	4675
	5.80
Mylor	No	436	60.14	289	39.86	725	99.32	5	0.68	730	0.91
Nairne	No	734	41.26	1045	58.74	1779	98.78	22	1.22	1801	2.23
Newton	Yes	955	56.38	739	43.62	1694	98.43	27	1.57	1721	2.13
Norton Summit	No	321	58.47	228	41.53	549	98.56	8	1.44	557
	0.69
Old Noarlunga	No	227	36.61	393	63.39	620	98.73	8	1.27	628
	0.78
Paracombe	No	123	42.12	169	57.88	292	98.98	3	1.02	295	0.37
Paradise	No	926	54.15	784	45.85	1710	98.56	25	1.44	1735	2.15
Piccadilly	No	273	58.21	196	41.79	469	98.74	6	1.26	475	0.59
Prospect Hill	Yes	56	40.58	82	59.42	138	99.28	1	0.72	139
	0.17
Rostrevor	No	1667	54.05	1417	45.95	3084	99.10	28	0.90	3112	3.86
Stirling East	Yes	734	62.74	436	37.26	1170	99.49	6	0.51	1176
	1.46
Stirling West	No	1255	61.94	771	38.06	2026	99.46	11	0.54	2037
	2.53
Strathalbyn	No	826	33.08	1671	66.92	2497	99.17	21	0.83	2518	3.12
Summertown	No	463	57.44	343	42.56	806	99.51	4	0.49	810	1.00
Upper Sturt	Yes	302	57.52	223	42.48	525	99.62	2	0.38	527	0.65
Uraidla	No	267	50.76	259	49.24	526	99.43	3	0.57	529	0.66
Willunga	No	775	43.74	997	56.26	1772	99.44	10	0.56	1782	2.21
Woodchester	No	90	32.14	190	67.86	280	99.64	1	0.36	281	0.35
Woodforde	No	246	59.42	168	40.58	414	99.52	2	0.48	416	0.52
Woodside	No	458	35.98	815	64.02	1273	98.91	14	1.09	1287	1.60
Special Hospitals	No	74	25.08	221	74.92	295	98.99	3	1.01	298
	0.37
Total Ordinary	No	33360	49.37	34216	50.63	67576	99.12	597	0.88	68173
	84.54
ABSENT	No	3622	52.51	3276	47.49	6898	99.47	37	0.53	6935	8.60
POSTAL	No	755	35.35	1381	64.65	2136	99.63	8	0.37	2144	2.66
PRE_POLL	No	1514	48.71	1594	51.29	3108	99.78	7	0.22	3115	3.86
PROVISIONAL	No	140	51.47	132	48.53	272	100.00	0	0.00	272
	0.34
Division Summary	No	39391	49.24	40599	50.76	79990	99.20	649	0.80	80639
	96.48
