Referendum: 6 November 1999									
		
Referendum Results										
	
By Division by Polling Place									
		

"A proposed law for the Alteration of the Constitution, entitled"			
								
   the Constitutional Alteration (Preamble) 1999					
						
											
											
Victoria											
Bendigo (85625)											

		Yes		No		Formal		Informal		Total	
Polling Place		                                                             
Votes	%	Votes	%	Votes	%	Votes	%	Votes	%
Axedale	No	184	35.80	330	64.20	514	99.81	1	0.19	515	0.62
Bealiba	No	60	33.15	121	66.85	181	100.00	0	0.00	181
	0.22
Bendigo Base Hospital	No	100	38.31	161	61.69	261	98.86	3	1.14
	264	0.32
Bendigo Central	No	913	37.65	1512	62.35	2425	98.94	26	1.06	2451
	2.97
Bendigo East	No	187	31.11	414	68.89	601	98.69	8	1.31	609
	0.74
Bendigo North	No	213	25.36	627	74.64	840	99.41	5	0.59	845
	1.02
Big Hill	No	172	32.21	362	67.79	534	99.44	3	0.56	537	0.65
Bowenvale	No	59	23.32	194	76.68	253	99.61	1	0.39	254	0.31
Bridgewater	No	96	23.24	317	76.76	413	99.28	3	0.72	416	0.50
California Gully	No	275	25.72	794	74.28	1069	99.17	9	0.83	1078
	1.31
Campbells Creek	No	309	32.49	642	67.51	951	99.27	7	0.73	958
	1.16
Carisbrook	No	240	30.19	555	69.81	795	99.13	7	0.87	802	0.97
Castlemaine	No	1042	34.42	1985	65.58	3027	99.41	18	0.59	3045	3.69
Castlemaine North	No	444	35.69	800	64.31	1244	99.28	9	0.72	1253
	1.52
Central Deborah	No	171	46.59	196	53.41	367	98.66	5	1.34	372
	0.45
Chewton	No	148	35.66	267	64.34	415	99.28	3	0.72	418	0.51
Comet Hill	No	411	27.42	1088	72.58	1499	99.07	14	0.93	1513	1.83
Dunolly	No	202	24.54	621	75.46	823	99.28	6	0.72	829	1.00
Eaglehawk	No	823	30.59	1867	69.41	2690	99.34	18	0.66	2708	3.28
Eaglehawk North	No	106	28.73	263	71.27	369	99.46	2	0.54	371
	0.45
Elmore	No	134	23.63	433	76.37	567	99.65	2	0.35	569	0.69
Elphinstone	No	95	29.97	222	70.03	317	99.06	3	0.94	320	0.39
Eppalock	No	50	27.17	134	72.83	184	100.00	0	0.00	184
	0.22
Epsom	No	370	30.11	859	69.89	1229	99.27	9	0.73	1238	1.50
Flora Hill	No	850	36.53	1477	63.47	2327	99.23	18	0.77	2345	2.84
Golden Square	No	1125	33.69	2214	66.31	3339	99.05	32	0.95	3371
	4.08
Golden Square South	No	340	29.31	820	70.69	1160	99.40	7	0.60
	1167	1.41
Goornong	No	100	31.25	220	68.75	320	98.77	4	1.23	324	0.39
Guildford	No	58	23.48	189	76.52	247	99.20	2	0.80	249	0.30
Harcourt	No	291	36.01	517	63.99	808	99.14	7	0.86	815	0.99
Heathcote	No	582	29.95	1361	70.05	1943	99.28	14	0.72	1957	2.37
Huntly	No	333	32.94	678	67.06	1011	99.41	6	0.59	1017	1.23
Inglewood	No	186	25.51	543	74.49	729	99.32	5	0.68	734	0.89
Ironbark	No	377	33.75	740	66.25	1117	99.02	11	0.98	1128	1.37
Jobs Gully	No	344	27.76	895	72.24	1239	98.88	14	1.12	1253	1.52
Junortoun	No	133	37.05	226	62.95	359	99.45	2	0.55	361	0.44
Kangaroo Flat	No	1168	31.18	2578	68.82	3746	99.31	26	0.69	3772
	4.57
Kangaroo Flat South	No	365	32.02	775	67.98	1140	98.87	13	1.13
	1153	1.40
Kennington	No	608	35.74	1093	64.26	1701	99.24	13	0.76	1714	2.08
Korong Vale	No	50	23.92	159	76.08	209	99.05	2	0.95	211	0.26
Laanecoorie	No	36	27.27	96	72.73	132	100.00	0	0.00	132
	0.16
Lockwood	No	233	30.82	523	69.18	756	99.34	5	0.66	761	0.92
Long Gully	No	301	30.22	695	69.78	996	99.01	10	0.99	1006	1.22
Maiden Gully	No	402	31.26	884	68.74	1286	99.54	6	0.46	1292
	1.56
Maldon	No	447	33.21	899	66.79	1346	99.12	12	0.88	1358	1.64
Mandurang	No	105	38.46	168	61.54	273	100.00	0	0.00	273
	0.33
Marong	No	145	29.53	346	70.47	491	99.59	2	0.41	493	0.60
Maryborough	No	966	30.24	2228	69.76	3194	99.35	21	0.65	3215	3.89
Maryborough East	No	581	27.69	1517	72.31	2098	99.06	20	0.94	2118
	2.57
Melbourne (Bendigo)	No	37	56.06	29	43.94	66	100.00	0
	0.00	66	0.08
Newbridge	No	54	22.22	189	77.78	243	100.00	0	0.00	243
	0.29
Newstead	No	208	31.28	457	68.72	665	99.55	3	0.45	668	0.81
Quarry Hill	No	384	39.26	594	60.74	978	99.29	7	0.71	985	1.19
Raywood	No	96	27.43	254	72.57	350	99.72	1	0.28	351	0.43
Redesdale	No	73	28.08	187	71.92	260	100.00	0	0.00	260
	0.31
St Laurence	No	59	28.23	150	71.77	209	98.58	3	1.42	212	0.26
Sparrowhawk	No	155	24.11	488	75.89	643	98.47	10	1.53	653	0.79
Spring Gully	No	667	37.68	1103	62.32	1770	99.27	13	0.73	1783
	2.16
Strathdale	No	724	38.68	1148	61.32	1872	99.21	15	0.79	1887	2.29
Strathfieldsaye	No	691	38.91	1085	61.09	1776	98.72	23	1.28	1799
	2.18
Strath Hill	No	835	37.71	1379	62.29	2214	99.15	19	0.85	2233	2.70
Taradale	No	117	34.41	223	65.59	340	100.00	0	0.00	340
	0.41
Tarnagulla	No	69	32.39	144	67.61	213	99.07	2	0.93	215	0.26
Tooborac	No	32	27.12	86	72.88	118	97.52	3	2.48	121	0.15
Wedderburn	No	198	23.32	651	76.68	849	99.30	6	0.70	855	1.04
Weeroona	No	697	34.61	1317	65.39	2014	99.02	20	0.98	2034	2.46
White Hills	No	465	32.43	969	67.57	1434	98.96	15	1.04	1449	1.75
Winters Flat	No	154	31.82	330	68.18	484	99.79	1	0.21	485
	0.59
Woodvale	No	61	26.41	170	73.59	231	100.00	0	0.00	231
	0.28
Special Hospitals	No	239	33.66	471	66.34	710	96.86	23	3.14	733
	0.89
Total Ordinary	No	22945	32.33	48029	67.67	70974	99.19	578	0.81	71552
	86.65
ABSENT	No	1631	38.21	2637	61.79	4268	99.33	29	0.67	4297	5.20
POSTAL	No	728	26.85	1983	73.15	2711	99.60	11	0.40	2722	3.30
PRE_POLL	No	1321	34.61	2496	65.39	3817	99.35	25	0.65	3842	4.65
PROVISIONAL	No	53	33.33	106	66.67	159	99.37	1	0.63	160	0.19
Division Summary	No	26678	32.56	55251	67.44	81929	99.22	644	0.78	82573
	96.44
