Referendum: 6 November 1999									
		
Referendum Results										
	
By Division by Polling Place									
		

"A proposed law for the Alteration of the Constitution, entitled"			
								
   the Constitutional Alteration (Establishment of Republic) 1999			
								
											
											
Queensland											
Dawson (85664)											

		Yes		No		Formal		Informal		Total	
Polling Place		Votes	%	Votes	%	Votes	%	Votes	%	Votes	%
Airlie Beach	No	331	42.65	445	57.35	776	99.61	3	0.39	779
	0.95
Airville	No	64	15.76	342	84.24	406	99.51	2	0.49	408	0.50
Alligator Creek	No	286	25.91	818	74.09	1104	99.64	4	0.36	1108
	1.36
Andergrove	No	701	30.94	1565	69.06	2266	99.08	21	0.92	2287	2.80
Ayr	No	624	27.31	1661	72.69	2285	99.35	15	0.65	2300	2.82
Ayr North	No	185	32.29	388	67.71	573	98.96	6	1.04	579	0.71
Bloomsbury	No	82	21.47	300	78.53	382	98.71	5	1.29	387	0.47
Bowen	No	880	33.37	1757	66.63	2637	99.28	19	0.72	2656	3.25
Bowen Hospital	No	84	42.00	116	58.00	200	99.50	1	0.50	201
	0.25
Brandon	No	216	26.37	603	73.63	819	100.00	0	0.00	819
	1.00
Brisbane City (Dawson)	Yes	38	55.07	31	44.93	69	100.00	0
	0.00	69	0.08
Bucasia	No	504	36.26	886	63.74	1390	99.71	4	0.29	1394	1.71
Calen	No	97	18.83	418	81.17	515	99.42	3	0.58	518	0.63
Cannonvale Beach	No	945	42.24	1292	57.76	2237	99.20	18	0.80	2255
	2.76
Carmila	No	54	19.93	217	80.07	271	99.63	1	0.37	272	0.33
Chelona	No	74	16.55	373	83.45	447	99.33	3	0.67	450	0.55
Clare	No	66	22.07	233	77.93	299	99.67	1	0.33	300	0.37
Coningsby	No	159	25.52	464	74.48	623	99.68	2	0.32	625	0.77
Conway Beach	No	29	15.34	160	84.66	189	100.00	0	0.00
	189	0.23
Cunningham Home	No	102	33.66	201	66.34	303	98.06	6	1.94	309
	0.38
Dalbeg	No	10	25.64	29	74.36	39	100.00	0	0.00	39
	0.05
Dundula	No	172	25.67	498	74.33	670	99.41	4	0.59	674	0.83
East Ayr	No	482	28.98	1181	71.02	1663	99.40	10	0.60	1673	2.05
Eimeo	No	941	39.29	1454	60.71	2395	99.67	8	0.33	2403	2.94
Emmanuel	No	599	37.09	1016	62.91	1615	99.26	12	0.74	1627	1.99
Eton	No	102	23.89	325	76.11	427	99.77	1	0.23	428	0.52
Eungella	No	67	35.64	121	64.36	188	98.95	2	1.05	190	0.23
Farleigh	No	118	26.16	333	73.84	451	99.56	2	0.44	453	0.55
Finch Hatton	No	82	25.23	243	74.77	325	99.39	2	0.61	327
	0.40
Fitzgerald	No	723	37.97	1181	62.03	1904	99.22	15	0.78	1919	2.35
Gargett	No	47	14.92	268	85.08	315	100.00	0	0.00	315
	0.39
Giru	No	174	27.93	449	72.07	623	99.68	2	0.32	625	0.77
Glenella	No	272	30.02	634	69.98	906	99.12	8	0.88	914	1.12
Goose Ponds	No	416	29.34	1002	70.66	1418	99.37	9	0.63	1427	1.75
Grendon Street	No	232	31.14	513	68.86	745	99.33	5	0.67	750
	0.92
Gumlu	No	33	20.89	125	79.11	158	99.37	1	0.63	159	0.19
Habana	No	120	30.23	277	69.77	397	99.75	1	0.25	398	0.49
Hampden	No	119	26.33	333	73.67	452	99.56	2	0.44	454	0.56
Homebush	No	62	17.46	293	82.54	355	99.16	3	0.84	358	0.44
Homefield	No	265	28.62	661	71.38	926	98.93	10	1.07	936	1.15
Home Hill	No	494	22.84	1669	77.16	2163	99.17	18	0.83	2181	2.67
Inkerman	No	38	21.59	138	78.41	176	100.00	0	0.00	176
	0.22
Jarvisfield	No	64	19.28	268	80.72	332	99.40	2	0.60	334	0.41
Kalamia	No	106	26.63	292	73.37	398	99.50	2	0.50	400	0.49
Koumala	No	89	16.92	437	83.08	526	99.62	2	0.38	528	0.65
Mackay	No	410	35.04	760	64.96	1170	98.73	15	1.27	1185	1.45
Mackay East	No	173	37.12	293	62.88	466	99.36	3	0.64	469	0.57
Mackay Hospital	No	149	31.57	323	68.43	472	97.93	10	2.07	482
	0.59
Mackay Mater Hospital	No	164	32.54	340	67.46	504	99.21	4	0.79
	508	0.62
Mackay South	No	871	32.51	1808	67.49	2679	99.37	17	0.63	2696
	3.30
Mackay West	No	745	31.61	1612	68.39	2357	99.37	15	0.63	2372	2.90
Marian	No	237	29.70	561	70.30	798	99.38	5	0.62	803	0.98
Merinda	No	125	26.04	355	73.96	480	98.56	7	1.44	487	0.60
Millaroo	No	14	15.22	78	84.78	92	100.00	0	0.00	92
	0.11
Mirani	No	183	24.08	577	75.92	760	99.61	3	0.39	763	0.93
Mount Julian	No	55	24.12	173	75.88	228	98.28	4	1.72	232
	0.28
Mount Ossa	No	31	15.12	174	84.88	205	100.00	0	0.00	205
	0.25
Nebo Road	No	416	28.79	1029	71.21	1445	99.04	14	0.96	1459	1.79
North Eton	No	29	22.66	99	77.34	128	100.00	0	0.00	128
	0.16
North Mackay	No	221	27.28	589	72.72	810	99.26	6	0.74	816
	1.00
Oakenden	No	9	12.86	61	87.14	70	98.59	1	1.41	71	0.09
Osborne	No	46	21.10	172	78.90	218	99.54	1	0.46	219	0.27
Parkside	No	185	27.57	486	72.43	671	99.26	5	0.74	676	0.83
Pioneer High School	No	895	34.81	1676	65.19	2571	99.15	22	0.85
	2593	3.17
Planlands	No	131	29.24	317	70.76	448	99.33	3	0.67	451	0.55
Proserpine	No	663	26.31	1857	73.69	2520	99.21	20	0.79	2540	3.11
Proserpine Hospital	No	167	30.70	377	69.30	544	98.55	8	1.45
	552	0.68
Queens Beach	No	399	37.71	659	62.29	1058	99.16	9	0.84	1067
	1.31
Racecourse	No	82	24.92	247	75.08	329	99.70	1	0.30	330	0.40
Sarina	No	786	26.04	2232	73.96	3018	99.15	26	0.85	3044	3.73
Sarina Beach	No	126	32.47	262	67.53	388	99.74	1	0.26	389
	0.48
Sarina Range	No	15	14.29	90	85.71	105	100.00	0	0.00
	105	0.13
Seaforth	No	220	30.99	490	69.01	710	99.44	4	0.56	714	0.87
Septimus	No	8	8.51	86	91.49	94	98.95	1	1.05	95	0.12
Shinfield	No	50	20.83	190	79.17	240	99.59	1	0.41	241	0.30
Slade Point	No	678	36.53	1178	63.47	1856	99.46	10	0.54	1866	2.28
Victoria Park	No	873	35.22	1606	64.78	2479	99.12	22	0.88	2501
	3.06
Walkerston	No	593	28.62	1479	71.38	2072	98.71	27	1.29	2099	2.57
Special Hospitals	No	115	31.94	245	68.06	360	98.63	5	1.37	365
	0.45
Total Ordinary	No	21212	30.43	48491	69.57	69703	99.28	505	0.72	70208
	85.96
ABSENT	No	1741	37.30	2926	62.70	4667	99.74	12	0.26	4679	5.73
POSTAL	No	593	26.75	1624	73.25	2217	99.69	7	0.31	2224	2.72
PRE_POLL	No	1479	36.29	2597	63.71	4076	99.12	36	0.88	4112	5.03
PROVISIONAL	No	142	31.63	307	68.37	449	99.56	2	0.44	451	0.55
Division Summary	No	25167	31.03	55945	68.97	81112	99.31	562	0.69	81674
	95.34
