Referendum: 6 November 1999									
		
Referendum Results										
	
By Division by Polling Place									
		

"A proposed law for the Alteration of the Constitution, entitled"			
								
   the Constitutional Alteration (Preamble) 1999					
						
											
											
New South Wales											
Robertson (82618)											

		Yes		No		Formal		Informal		Total	
Polling Place		                                                             
Votes	%	Votes	%	Votes	%	Votes	%	Votes	%
Avoca Beach	No	939	48.65	991	51.35	1930	99.13	17	0.87	1947	2.46
Booker Bay	No	236	38.19	382	61.81	618	99.20	5	0.80	623	0.79
Copacabana	No	611	48.22	656	51.78	1267	98.98	13	1.02	1280	1.62
Davistown	No	555	37.60	921	62.40	1476	99.33	10	0.67	1486	1.88
Empire Bay	No	1122	42.20	1537	57.80	2659	99.14	23	0.86	2682	3.39
Erina	No	1533	42.07	2111	57.93	3644	99.08	34	0.92	3678	4.65
Erina Heights (Robertson)	No	283	45.94	333	54.06	616	100.00	0
	0.00	616	0.78
Erina South	No	440	42.23	602	57.77	1042	99.81	2	0.19	1044	1.32
Ettalong	No	1229	36.33	2154	63.67	3383	98.86	39	1.14	3422	4.32
Ettalong South	No	210	36.02	373	63.98	583	98.65	8	1.35	591
	0.75
Ettalong West	No	904	36.58	1567	63.42	2471	98.60	35	1.40	2506
	3.17
Gosford	No	440	41.83	612	58.17	1052	99.06	10	0.94	1062	1.34
Gosford East	No	1216	44.64	1508	55.36	2724	99.13	24	0.87	2748
	3.47
Gosford West	No	536	42.74	718	57.26	1254	99.21	10	0.79	1264
	1.60
Green Point	No	365	44.40	457	55.60	822	99.28	6	0.72	828	1.05
Hardys Bay	No	124	41.61	174	58.39	298	99.67	1	0.33	299	0.38
Henry Kendall	No	264	42.72	354	57.28	618	99.20	5	0.80	623
	0.79
Kariong	No	1132	39.46	1737	60.54	2869	99.31	20	0.69	2889	3.65
Kincumber	No	1067	42.32	1454	57.68	2521	98.98	26	1.02	2547	3.22
Kincumber Central	No	495	39.54	757	60.46	1252	99.37	8	0.63	1260
	1.59
Macmasters Beach	No	229	45.89	270	54.11	499	99.40	3	0.60	502
	0.63
Mangrove Mountain	No	185	37.60	307	62.40	492	98.40	8	1.60	500
	0.63
Mooney Mooney	No	119	43.75	153	56.25	272	97.84	6	2.16	278
	0.35
Mount White	No	44	42.31	60	57.69	104	98.11	2	1.89	106	0.13
Narara South	No	630	40.62	921	59.38	1551	99.23	12	0.77	1563
	1.97
Niagara Park (Robertson)	No	154	43.26	202	56.74	356	98.61	5
	1.39	361	0.46
Ocean Beach	No	991	38.22	1602	61.78	2593	99.27	19	0.73	2612	3.30
Patonga	No	66	37.50	110	62.50	176	100.00	0	0.00	176
	0.22
Pearl Beach	No	142	42.90	189	57.10	331	99.40	2	0.60	333	0.42
Peats Ridge	No	102	40.00	153	60.00	255	100.00	0	0.00	255
	0.32
Point Clare	No	1035	41.80	1441	58.20	2476	98.96	26	1.04	2502	3.16
Pretty Beach	No	294	44.61	365	55.39	659	99.25	5	0.75	664
	0.84
Saratoga	No	800	43.29	1048	56.71	1848	99.14	16	0.86	1864	2.36
Scaysbrook	No	337	39.51	516	60.49	853	99.53	4	0.47	857	1.08
Somersby	No	213	40.26	316	59.74	529	98.69	7	1.31	536	0.68
Spencer	No	62	33.33	124	66.67	186	98.41	3	1.59	189	0.24
Springfield	No	673	40.23	1000	59.77	1673	99.11	15	0.89	1688	2.13
Sydney (Robertson)	No	42	45.16	51	54.84	93	100.00	0
	0.00	93	0.12
Terrigal (Robertson)	Yes	1199	50.57	1172	49.43	2371	99.21	19	0.79
	2390	3.02
Terrigal Central	No	338	46.75	385	53.25	723	99.59	3	0.41	726
	0.92
Terrigal West	No	358	45.26	433	54.74	791	99.50	4	0.50	795
	1.00
Umina Bullion St.	No	664	36.56	1152	63.44	1816	99.02	18	0.98	1834
	2.32
Umina Central	No	837	38.10	1360	61.90	2197	98.79	27	1.21	2224
	2.81
Umina Mall	No	573	29.25	1386	70.75	1959	98.84	23	1.16	1982	2.50
Woy Woy	No	1080	34.47	2053	65.53	3133	99.11	28	0.89	3161	3.99
Woy Woy Bay	No	129	49.62	131	50.38	260	100.00	0	0.00	260
	0.33
Woy Woy South	No	476	40.96	686	59.04	1162	99.15	10	0.85	1172
	1.48
Wyoming (Robertson)	No	576	42.01	795	57.99	1371	99.20	11	0.80
	1382	1.75
Special Hospitals	No	207	37.16	350	62.84	557	98.58	8	1.42	565
	0.71
Total Ordinary	No	26256	40.78	38129	59.22	64385	99.11	580	0.89	64965
	82.09
ABSENT	No	2394	44.29	3011	55.71	5405	99.08	50	0.92	5455	6.89
POSTAL	No	996	32.67	2053	67.33	3049	98.99	31	1.01	3080	3.89
PRE_POLL	No	2198	41.68	3075	58.32	5273	99.40	32	0.60	5305	6.70
PROVISIONAL	No	147	44.14	186	55.86	333	99.11	3	0.89	336	0.42
Division Summary	No	31991	40.78	46454	59.22	78445	99.12	696	0.88	79141
	95.79
