Referendum: 6 November 1999									
		
Referendum Results										
	
By Division by Polling Place									
		

"A proposed law for the Alteration of the Constitution, entitled"			
								
   the Constitutional Alteration (Establishment of Republic) 1999			
								
											
											
South Australia											
Barker (86046)											

		Yes		No		Formal		Informal		Total	
Polling Place		Votes	%	Votes	%	Votes	%	Votes	%	Votes	%
Allendale East	No	85	27.69	222	72.31	307	99.35	2	0.65	309
	0.37
American River	No	87	38.67	138	61.33	225	97.83	5	2.17	230
	0.28
Ashbourne	No	53	44.17	67	55.83	120	100.00	0	0.00	120
	0.14
Beachport	No	122	30.20	282	69.80	404	98.78	5	1.22	409	0.49
Bordertown	No	496	25.67	1436	74.33	1932	99.43	11	0.57	1943	2.34
Cambrai	No	65	28.51	163	71.49	228	100.00	0	0.00	228
	0.27
Carpenter Rocks	No	69	36.13	122	63.87	191	98.96	2	1.04	193
	0.23
Compton	No	105	29.91	246	70.09	351	99.43	2	0.57	353	0.42
Coomandook	No	57	27.67	149	72.33	206	100.00	0	0.00	206
	0.25
Coonalpyn	No	83	24.27	259	75.73	342	99.71	1	0.29	343	0.41
Coonawarra	No	72	33.64	142	66.36	214	100.00	0	0.00	214
	0.26
Currency Creek	No	104	34.21	200	65.79	304	99.02	3	0.98	307
	0.37
Delamere	No	83	33.47	165	66.53	248	99.20	2	0.80	250	0.30
Frances	No	31	24.03	98	75.97	129	100.00	0	0.00	129
	0.16
Furner	No	29	22.31	101	77.69	130	99.24	1	0.76	131	0.16
Geranium	No	24	17.39	114	82.61	138	99.28	1	0.72	139	0.17
Glenburnie	No	47	23.38	154	76.62	201	99.50	1	0.50	202	0.24
Glencoe	No	111	28.46	279	71.54	390	97.74	9	2.26	399	0.48
Goolwa	No	1031	37.41	1725	62.59	2756	99.28	20	0.72	2776	3.34
Gosse	No	25	36.76	43	63.24	68	100.00	0	0.00	68	0.08
Greenways	No	26	29.89	61	70.11	87	97.75	2	2.25	89	0.11
Hindmarsh Island	No	87	37.99	142	62.01	229	98.71	3	1.29	232
	0.28
Hindmarsh Valley	No	56	32.56	116	67.44	172	98.85	2	1.15	174
	0.21
Hope Forest	No	84	47.73	92	52.27	176	100.00	0	0.00	176
	0.21
Hynam	No	45	31.69	97	68.31	142	99.30	1	0.70	143	0.17
Inman Valley	No	64	35.75	115	64.25	179	99.44	1	0.56	180
	0.22
Jervois	No	38	25.33	112	74.67	150	99.34	1	0.66	151	0.18
Kalangadoo	No	84	25.45	246	74.55	330	98.80	4	1.20	334	0.40
Karoonda	No	103	21.73	371	78.27	474	98.75	6	1.25	480	0.58
Keith	No	307	29.24	743	70.76	1050	99.24	8	0.76	1058	1.27
Keyneton	No	51	34.93	95	65.07	146	100.00	0	0.00	146
	0.18
Kingscote	No	420	30.22	970	69.78	1390	99.43	8	0.57	1398	1.68
Kingston	No	403	30.10	936	69.90	1339	98.53	20	1.47	1359	1.64
Kongorong	No	74	28.79	183	71.21	257	98.85	3	1.15	260	0.31
Kybybolite	No	24	29.27	58	70.73	82	95.35	4	4.65	86	0.10
Lameroo	No	149	28.99	365	71.01	514	99.42	3	0.58	517	0.62
Lucindale	No	183	35.53	332	64.47	515	99.23	4	0.77	519	0.62
Mannum	No	491	28.14	1254	71.86	1745	98.92	19	1.08	1764	2.12
Meningie	No	237	27.59	622	72.41	859	98.96	9	1.04	868	1.04
Middleton	No	212	38.69	336	61.31	548	99.28	4	0.72	552	0.66
Milang	No	167	31.81	358	68.19	525	99.06	5	0.94	530	0.64
Mil Lel	No	62	30.85	139	69.15	201	98.53	3	1.47	204	0.25
Millicent	No	802	32.04	1701	67.96	2503	99.09	23	0.91	2526	3.04
Millicent South	No	259	32.62	535	67.38	794	98.88	9	1.12	803
	0.97
Moorak	No	120	30.53	273	69.47	393	100.00	0	0.00	393
	0.47
Mount Burr	No	96	29.54	229	70.46	325	98.48	5	1.52	330	0.40
Mount Compass	No	306	37.27	515	62.73	821	98.44	13	1.56	834
	1.00
Mount Gambier	No	1202	36.69	2074	63.31	3276	99.06	31	0.94	3307
	3.98
Mount Gambier East	No	981	31.96	2088	68.04	3069	99.13	27	0.87
	3096	3.73
Mount Gambier North	No	610	29.40	1465	70.60	2075	99.19	17	0.81
	2092	2.52
Mount Gambier Park	No	793	37.20	1339	62.80	2132	99.16	18	0.84
	2150	2.59
Mount Gambier West	No	1035	33.26	2077	66.74	3112	99.39	19	0.61
	3131	3.77
Mundulla	No	105	30.70	237	69.30	342	99.71	1	0.29	343	0.41
Murray Bridge	No	704	31.68	1518	68.32	2222	98.89	25	1.11	2247
	2.70
Murray Bridge East	No	356	28.87	877	71.13	1233	98.96	13	1.04
	1246	1.50
Murray Bridge South	No	889	30.86	1992	69.14	2881	99.00	29	1.00
	2910	3.50
Murray Bridge West	No	636	29.96	1487	70.04	2123	98.88	24	1.12
	2147	2.58
Mypolonga	No	96	28.40	242	71.60	338	98.83	4	1.17	342	0.41
Myponga	No	150	36.76	258	63.24	408	97.84	9	2.16	417	0.50
Nangula	No	43	25.90	123	74.10	166	100.00	0	0.00	166
	0.20
Nangwarry	No	119	34.20	229	65.80	348	97.48	9	2.52	357	0.43
Naracoorte	No	649	30.21	1499	69.79	2148	99.26	16	0.74	2164	2.60
Naracoorte South	No	527	34.04	1021	65.96	1548	99.61	6	0.39	1554
	1.87
Narrung	No	31	30.39	71	69.61	102	100.00	0	0.00	102
	0.12
Nildottie	No	39	25.49	114	74.51	153	98.08	3	1.92	156	0.19
O B Flat	No	42	28.19	107	71.81	149	98.68	2	1.32	151	0.18
Padthaway	No	87	24.93	262	75.07	349	100.00	0	0.00	349
	0.42
Parawa	No	43	39.81	65	60.19	108	98.18	2	1.82	110	0.13
Parilla	No	25	21.74	90	78.26	115	100.00	0	0.00	115
	0.14
Parndana	No	89	29.87	209	70.13	298	99.33	2	0.67	300	0.36
Peake	No	13	8.33	143	91.67	156	98.73	2	1.27	158	0.19
Penneshaw	No	115	40.49	169	59.51	284	98.95	3	1.05	287	0.35
Penola	No	375	32.67	773	67.33	1148	99.22	9	0.78	1157	1.39
Pinnaroo	No	147	31.55	319	68.45	466	98.52	7	1.48	473	0.57
Ponde	No	34	19.77	138	80.23	172	98.85	2	1.15	174	0.21
Port Elliot	No	440	39.68	669	60.32	1109	99.02	11	0.98	1120	1.35
Port MacDonnell	No	192	25.84	551	74.16	743	98.93	8	1.07	751
	0.90
Purnong	No	27	21.95	96	78.05	123	98.40	2	1.60	125	0.15
Rendelsham	No	42	25.30	124	74.70	166	100.00	0	0.00	166
	0.20
Robe	No	276	33.25	554	66.75	830	99.16	7	0.84	837	1.01
Salt Creek	Yes	26	52.00	24	48.00	50	100.00	0	0.00	50
	0.06
Second Valley	No	43	44.79	53	55.21	96	100.00	0	0.00	96
	0.12
Sedan	No	43	26.22	121	73.78	164	99.39	1	0.61	165	0.20
Southend	No	57	32.20	120	67.80	177	98.88	2	1.12	179	0.22
Suttontown	No	179	26.72	491	73.28	670	99.55	3	0.45	673	0.81
Swan Reach	No	87	39.73	132	60.27	219	99.10	2	0.90	221	0.27
Tailem Bend	No	390	30.66	882	69.34	1272	98.91	14	1.09	1286	1.55
Tantanoola	No	96	35.96	171	64.04	267	98.52	4	1.48	271	0.33
Tarpeena	No	115	32.86	235	67.14	350	97.77	8	2.23	358	0.43
Tintinara	No	122	26.12	345	73.88	467	99.79	1	0.21	468	0.56
Victor Harbor	No	1279	37.16	2163	62.84	3442	98.77	43	1.23	3485
	4.19
Victor Harbor East	No	428	34.08	828	65.92	1256	98.98	13	1.02
	1269	1.53
Victor Harbor South	No	514	35.52	933	64.48	1447	99.45	8	0.55
	1455	1.75
Walker Flat	No	37	27.21	99	72.79	136	99.27	1	0.73	137	0.16
Wanbi	No	13	19.70	53	80.30	66	100.00	0	0.00	66	0.08
Wellington West	No	43	22.63	147	77.37	190	99.48	1	0.52	191
	0.23
Western Flat	No	27	28.42	68	71.58	95	97.94	2	2.06	97
	0.12
Willalooka	No	56	35.44	102	64.56	158	99.37	1	0.63	159	0.19
Wolseley	No	30	21.74	108	78.26	138	100.00	0	0.00	138
	0.17
Woods Point	No	34	24.11	107	75.89	141	99.30	1	0.70	142	0.17
Yahl	No	98	30.91	219	69.09	317	99.06	3	0.94	320	0.39
Yankalilla	No	479	35.25	880	64.75	1359	99.71	4	0.29	1363	1.64
Special Hospitals	No	165	27.97	425	72.03	590	97.36	16	2.64	606
	0.73
Total Ordinary	No	23002	32.04	48787	67.96	71789	99.09	661	0.91	72450
	87.19
ABSENT	No	1849	39.58	2823	60.42	4672	99.45	26	0.55	4698	5.65
POSTAL	No	803	26.11	2272	73.89	3075	99.26	23	0.74	3098	3.73
PRE_POLL	No	986	37.41	1650	62.59	2636	99.36	17	0.64	2653	3.19
PROVISIONAL	No	69	35.94	123	64.06	192	100.00	0	0.00	192
	0.23
Division Summary	No	26709	32.43	55655	67.57	82364	99.13	727	0.87	83091
	96.57
