Referendum: 6 November 1999									
		
Referendum Results										
	
By Division by Polling Place									
		

"A proposed law for the Alteration of the Constitution, entitled"			
								
   the Constitutional Alteration (Preamble) 1999					
						
											
											
South Australia											
Sturt (85629)											

		Yes		No		Formal		Informal		Total	
Polling Place		                                                             
Votes	%	Votes	%	Votes	%	Votes	%	Votes	%
Adelaide (Sturt)	No	69	48.25	74	51.75	143	100.00	0	0.00
	143	0.17
Beaumont	No	1074	46.88	1217	53.12	2291	99.26	17	0.74	2308	2.82
Beulah Park	No	679	49.27	699	50.73	1378	99.07	13	0.93	1391	1.70
Burnside	No	1786	49.28	1838	50.72	3624	99.31	25	0.69	3649	4.46
Campbelltown	No	1315	43.67	1696	56.33	3011	98.11	58	1.89	3069
	3.75
Dernancourt	No	826	45.29	998	54.71	1824	99.08	17	0.92	1841	2.25
Felixstow	No	477	44.29	600	55.71	1077	99.26	8	0.74	1085	1.33
Gilles Plains	No	254	40.51	373	59.49	627	98.43	10	1.57	637
	0.78
Gilles Plains East	No	484	33.92	943	66.08	1427	98.89	16	1.11
	1443	1.77
Glen Osmond	No	380	49.87	382	50.13	762	99.61	3	0.39	765	0.94
Glenunga	No	539	46.75	614	53.25	1153	99.57	5	0.43	1158	1.42
Glenunga North	No	735	47.02	828	52.98	1563	98.80	19	1.20	1582
	1.94
Glynde	No	729	47.18	816	52.82	1545	98.98	16	1.02	1561	1.91
Hectorville North	Yes	1161	51.35	1100	48.65	2261	97.92	48	2.08	2309
	2.82
Highbury East	No	553	38.97	866	61.03	1419	99.16	12	0.84	1431
	1.75
Highbury South (Sturt)	No	774	43.19	1018	56.81	1792	99.45	10	0.55
	1802	2.20
Hillcrest	No	796	37.64	1319	62.36	2115	98.51	32	1.49	2147	2.63
Holden Hill	No	1002	41.15	1433	58.85	2435	98.78	30	1.22	2465	3.02
Kensington Gardens	No	744	46.24	865	53.76	1609	99.38	10	0.62
	1619	1.98
Kensington Park	No	653	47.87	711	52.13	1364	99.56	6	0.44	1370
	1.68
Klemzig	No	1028	42.10	1414	57.90	2442	98.15	46	1.85	2488	3.04
Linden Park	No	653	47.73	715	52.27	1368	99.64	5	0.36	1373	1.68
Magill (Sturt)	Yes	1273	51.23	1212	48.77	2485	99.16	21	0.84	2506
	3.07
Magill North	No	877	43.61	1134	56.39	2011	98.92	22	1.08	2033
	2.49
Marden	No	156	45.22	189	54.78	345	99.42	2	0.58	347	0.42
Marden West (Sturt)	No	897	46.36	1038	53.64	1935	98.42	31	1.58
	1966	2.41
Marryatville	No	443	47.13	497	52.87	940	99.58	4	0.42	944
	1.15
Maylands	Yes	827	50.43	813	49.57	1640	98.80	20	1.20	1660	2.03
Norwood	Yes	999	50.87	965	49.13	1964	99.19	16	0.81	1980	2.42
Norwood West	Yes	947	50.75	919	49.25	1866	99.15	16	0.85	1882
	2.30
Paradise West	No	554	49.16	573	50.84	1127	98.86	13	1.14	1140
	1.39
Rose Park	No	211	46.27	245	53.73	456	99.78	1	0.22	457	0.56
St Morris	No	615	47.49	680	52.51	1295	98.93	14	1.07	1309	1.60
Stonyfell	No	922	49.60	937	50.40	1859	99.20	15	0.80	1874	2.29
Toorak Gardens	Yes	1076	50.05	1074	49.95	2150	99.31	15	0.69	2165
	2.65
Tranmere	No	795	47.10	893	52.90	1688	99.35	11	0.65	1699	2.08
Trinity Gardens	No	883	49.19	912	50.81	1795	98.84	21	1.16	1816
	2.22
Tusmore	No	940	47.50	1039	52.50	1979	99.55	9	0.45	1988	2.43
Vale Park	No	834	46.20	971	53.80	1805	98.80	22	1.20	1827	2.24
Windsor Gardens East	No	369	40.15	550	59.85	919	98.71	12	1.29
	931	1.14
Windsor Gardens West	No	492	38.92	772	61.08	1264	98.75	16	1.25
	1280	1.57
Special Hospitals	No	213	33.39	425	66.61	638	96.08	26	3.92	664
	0.81
Total Ordinary	No	31034	46.05	36357	53.95	67391	98.95	713	1.05	68104
	83.31
ABSENT	No	3002	45.20	3639	54.80	6641	98.96	70	1.04	6711	8.21
POSTAL	No	996	35.75	1790	64.25	2786	99.15	24	0.85	2810	3.44
PRE_POLL	No	1843	49.26	1898	50.74	3741	99.63	14	0.37	3755	4.59
PROVISIONAL	No	160	44.82	197	55.18	357	98.08	7	1.92	364	0.45
Division Summary	No	37035	45.77	43881	54.23	80916	98.99	828	1.01	81744
	95.46
