Referendum: 6 November 1999									
		
Referendum Results										
	
By Division by Polling Place									
		

"A proposed law for the Alteration of the Constitution, entitled"			
								
   the Constitutional Alteration (Preamble) 1999					
						
											
											
New South Wales											
Werriwa (83743)											

		Yes		No		Formal		Informal		Total	
Polling Place		                                                             
Votes	%	Votes	%	Votes	%	Votes	%	Votes	%
Airds (Werriwa)	No	285	36.03	506	63.97	791	99.00	8	1.00	799
	1.01
Airds North	No	200	26.85	545	73.15	745	98.81	9	1.19	754	0.95
Blairmount	No	325	37.62	539	62.38	864	98.52	13	1.48	877	1.11
Bradbury (Werriwa)	No	120	37.62	199	62.38	319	98.46	5	1.54
	324	0.41
Campbellfield	No	498	36.40	870	63.60	1368	98.92	15	1.08	1383
	1.75
Campbelltown (Werriwa)	No	627	34.02	1216	65.98	1843	99.19	15	0.81
	1858	2.35
Campbelltown East	No	864	35.54	1567	64.46	2431	98.66	33	1.34	2464
	3.11
Campbelltown North	No	288	34.57	545	65.43	833	98.58	12	1.42
	845	1.07
Casula	No	1595	43.42	2078	56.58	3673	98.00	75	2.00	3748	4.73
Casula South	No	570	43.81	731	56.19	1301	98.86	15	1.14	1316
	1.66
Claymore	No	396	33.99	769	66.01	1165	98.56	17	1.44	1182	1.49
Curran	No	445	33.89	868	66.11	1313	97.62	32	2.38	1345	1.70
Eagle Vale	No	823	43.16	1084	56.84	1907	99.01	19	0.99	1926	2.43
Eschol Park	No	1024	43.12	1351	56.88	2375	98.75	30	1.25	2405	3.04
Glenfield	No	1012	43.27	1327	56.73	2339	98.40	38	1.60	2377	3.00
Glenfield East	No	604	42.99	801	57.01	1405	98.53	21	1.47	1426
	1.80
Guise	No	417	33.71	820	66.29	1237	97.63	30	2.37	1267	1.60
Hoxton Park	No	649	42.92	863	57.08	1512	98.69	20	1.31	1532	1.94
Ingleburn	No	1561	38.70	2473	61.30	4034	98.78	50	1.22	4084	5.16
Ingleburn High	No	500	41.08	717	58.92	1217	99.02	12	0.98	1229
	1.55
Ingleburn North	No	210	40.70	306	59.30	516	99.42	3	0.58	519
	0.66
Kentlyn	No	344	41.25	490	58.75	834	99.29	6	0.71	840	1.06
Leumeah	No	943	38.98	1476	61.02	2419	98.94	26	1.06	2445	3.09
Leumeah North	No	594	38.75	939	61.25	1533	98.90	17	1.10	1550
	1.96
Liverpool West (Werriwa)	No	238	49.58	242	50.42	480	98.36	8
	1.64	488	0.62
Lurnea	No	816	35.77	1465	64.23	2281	98.53	34	1.47	2315	2.92
Macquarie Fields	No	1045	37.10	1772	62.90	2817	98.74	36	1.26	2853
	3.60
Macquarie Fields North	No	450	40.21	669	59.79	1119	98.07	22	1.93
	1141	1.44
Minto	No	833	36.41	1455	63.59	2288	98.16	43	1.84	2331	2.94
Prestons	No	1280	43.72	1648	56.28	2928	98.55	43	1.45	2971	3.75
Prestons West	No	533	46.27	619	53.73	1152	99.40	7	0.60	1159
	1.46
Robert Townson	No	1335	39.63	2034	60.37	3369	98.91	37	1.09	3406
	4.30
Ruse	No	1355	41.07	1944	58.93	3299	98.95	35	1.05	3334	4.21
Sackville Street	No	909	39.57	1388	60.43	2297	98.75	29	1.25	2326
	2.94
St Andrews	No	1459	41.81	2031	58.19	3490	98.78	43	1.22	3533	4.46
St Andrews South	No	271	43.92	346	56.08	617	98.25	11	1.75	628
	0.79
Sydney (Werriwa)	No	52	40.62	76	59.38	128	97.71	3	2.29	131
	0.17
The Grange	No	542	35.29	994	64.71	1536	99.29	11	0.71	1547	1.95
Whiddon Homes	No	78	35.94	139	64.06	217	98.64	3	1.36	220
	0.28
Woodbine	No	712	45.70	846	54.30	1558	99.17	13	0.83	1571	1.98
Total Ordinary	No	26802	39.68	40748	60.32	67550	98.69	899	1.31	68449
	86.47
ABSENT	No	2229	40.17	3320	59.83	5549	99.16	47	0.84	5596	7.07
POSTAL	No	525	33.27	1053	66.73	1578	99.43	9	0.57	1587	2.00
PRE_POLL	No	1226	39.65	1866	60.35	3092	99.81	6	0.19	3098	3.91
PROVISIONAL	No	159	37.32	267	62.68	426	99.77	1	0.23	427	0.54
Division Summary	No	30941	39.57	47254	60.43	78195	98.78	962	1.22	79157
	94.52
