Referendum: 6 November 1999									
		
Referendum Results										
	
By Division by Polling Place									
		

"A proposed law for the Alteration of the Constitution, entitled"			
								
   the Constitutional Alteration (Establishment of Republic) 1999			
								
											
											
South Australia											
Boothby (89260)											

		Yes		No		Formal		Informal		Total	
Polling Place		Votes	%	Votes	%	Votes	%	Votes	%	Votes	%
Aberfoyle Park North (Boothby)	Yes	291	54.70	241	45.30	532	99.07	5
	0.93	537	0.62
Adelaide (Boothby)	Yes	78	67.24	38	32.76	116	100.00	0
	0.00	116	0.13
Bedford Park	Yes	442	58.78	310	41.22	752	98.95	8	1.05	760
	0.88
Belair	Yes	2475	61.19	1570	38.81	4045	99.43	23	0.57	4068	4.72
Bellevue Heights	Yes	1155	56.20	900	43.80	2055	99.56	9	0.44	2064
	2.40
Blackwood	Yes	1308	57.47	968	42.53	2276	99.48	12	0.52	2288	2.66
Blackwood Central	Yes	697	55.85	551	44.15	1248	99.52	6	0.48	1254
	1.46
Brighton	No	1691	49.68	1713	50.32	3404	99.16	29	0.84	3433	3.98
Brighton South	No	506	45.87	597	54.13	1103	99.19	9	0.81	1112
	1.29
Clapham	Yes	1053	52.83	940	47.17	1993	99.01	20	0.99	2013	2.34
Clarence Gardens	No	413	47.36	459	52.64	872	99.32	6	0.68	878
	1.02
Colonel Light Gardens	Yes	917	57.64	674	42.36	1591	99.00	16	1.00
	1607	1.86
Coromandel Valley (Boothby)	Yes	341	53.20	300	46.80	641	99.23	5
	0.77	646	0.75
Darlington	No	843	43.03	1116	56.97	1959	98.89	22	1.11	1981	2.30
Daw Park	Yes	928	50.11	924	49.89	1852	98.98	19	1.02	1871	2.17
Dover Gardens	No	763	41.76	1064	58.24	1827	98.81	22	1.19	1849
	2.15
Eden Hills	Yes	777	61.04	496	38.96	1273	99.07	12	0.93	1285	1.49
Flagstaff Hill	Yes	2275	57.16	1705	42.84	3980	99.30	28	0.70	4008
	4.65
Flagstaff Hill East	Yes	376	56.63	288	43.37	664	99.40	4	0.60
	668	0.78
Hawthorn	Yes	382	61.61	238	38.39	620	99.04	6	0.96	626	0.73
Hawthorndene	Yes	953	57.07	717	42.93	1670	99.40	10	0.60	1680
	1.95
Hawthorn West	Yes	840	57.46	622	42.54	1462	99.32	10	0.68	1472
	1.71
Kingswood	Yes	966	62.65	576	37.35	1542	99.16	13	0.84	1555	1.80
Marino	Yes	770	53.18	678	46.82	1448	99.72	4	0.28	1452	1.69
Marion	No	527	43.81	676	56.19	1203	99.34	8	0.66	1211	1.41
Melrose Park	No	1032	49.38	1058	50.62	2090	98.77	26	1.23	2116
	2.46
Mitcham	Yes	1399	53.85	1199	46.15	2598	99.35	17	0.65	2615	3.03
Mitchell Park	No	993	47.29	1107	52.71	2100	98.55	31	1.45	2131
	2.47
Netherby	Yes	690	57.12	518	42.88	1208	99.59	5	0.41	1213	1.41
North Brighton	No	638	47.51	705	52.49	1343	99.33	9	0.67	1352
	1.57
Oaklands Park	No	572	41.51	806	58.49	1378	99.14	12	0.86	1390
	1.61
Panorama	Yes	606	55.49	486	44.51	1092	98.82	13	1.18	1105	1.28
Pasadena	Yes	1454	53.46	1266	46.54	2720	98.55	40	1.45	2760	3.20
St Marys	No	848	46.85	962	53.15	1810	99.34	12	0.66	1822	2.11
Seacliff	Yes	1103	52.40	1002	47.60	2105	99.34	14	0.66	2119	2.46
Seacombe Heights	Yes	1407	50.27	1392	49.73	2799	99.26	21	0.74	2820
	3.27
Seaview Downs	Yes	756	50.27	748	49.73	1504	99.01	15	0.99	1519
	1.76
Sturt	No	382	46.70	436	53.30	818	99.76	2	0.24	820	0.95
Tonsley Park	No	607	43.80	779	56.20	1386	99.21	11	0.79	1397
	1.62
Warradale	No	1366	44.01	1738	55.99	3104	99.42	18	0.58	3122	3.62
Westbourne Park	Yes	1073	57.50	793	42.50	1866	99.31	13	0.69	1879
	2.18
West Brighton	Yes	806	54.46	674	45.54	1480	99.20	12	0.80	1492
	1.73
Special Hospitals	No	181	28.91	445	71.09	626	97.97	13	2.03	639
	0.74
Total Ordinary	Yes	37680	52.22	34475	47.78	72155	99.19	590	0.81	72745
	84.42
ABSENT	Yes	3398	54.09	2884	45.91	6282	99.38	39	0.62	6321	7.34
POSTAL	No	1047	38.20	1694	61.80	2741	99.64	10	0.36	2751	3.19
PRE_POLL	Yes	2051	51.20	1955	48.80	4006	99.55	18	0.45	4024	4.67
PROVISIONAL	Yes	178	55.28	144	44.72	322	98.47	5	1.53	327	0.38
Division Summary	Yes	44354	51.87	41152	48.13	85506	99.23	662	0.77	86168
	96.54
