Referendum: 6 November 1999									
		
Referendum Results										
	
By Division by Polling Place									
		

"A proposed law for the Alteration of the Constitution, entitled"			
								
   the Constitutional Alteration (Preamble) 1999					
						
											
											
Victoria											
Higgins (87395)											

		Yes		No		Formal		Informal		Total	
Polling Place		                                                             
Votes	%	Votes	%	Votes	%	Votes	%	Votes	%
Alamein	No	436	46.88	494	53.12	930	99.25	7	0.75	937	1.14
Armadale	Yes	860	50.74	835	49.26	1695	99.36	11	0.64	1706	2.08
Ashburton	No	1218	49.57	1239	50.43	2457	99.35	16	0.65	2473	3.01
Burwood	No	482	47.91	524	52.09	1006	99.31	7	0.69	1013	1.23
Burwood West	Yes	650	51.18	620	48.82	1270	99.22	10	0.78	1280
	1.56
Camberwell	Yes	663	52.83	592	47.17	1255	99.29	9	0.71	1264	1.54
Camberwell Middle	Yes	646	51.80	601	48.20	1247	99.68	4	0.32	1251
	1.53
Camberwell South	Yes	1239	52.32	1129	47.68	2368	99.37	15	0.63	2383
	2.90
Carnegie North	No	818	49.31	841	50.69	1659	99.28	12	0.72	1671
	2.04
Carnegie Upper	No	447	48.48	475	51.52	922	98.19	17	1.81	939
	1.14
Chadstone	No	971	49.09	1007	50.91	1978	98.65	27	1.35	2005	2.44
Darling	Yes	960	51.45	906	48.55	1866	99.41	11	0.59	1877	2.29
Fawkner Park (Higgins)	Yes	802	52.90	714	47.10	1516	98.96	16	1.04
	1532	1.87
Ferndale	No	198	47.14	222	52.86	420	98.82	5	1.18	425	0.52
Gardiner	Yes	980	53.91	838	46.09	1818	99.07	17	0.93	1835	2.24
Glen Iris	Yes	1521	53.56	1319	46.44	2840	99.27	21	0.73	2861	3.49
Glen Iris South	No	712	47.56	785	52.44	1497	99.67	5	0.33	1502
	1.83
Hartwell West	Yes	218	52.03	201	47.97	419	99.76	1	0.24	420
	0.51
Hawksburn	No	1501	49.98	1502	50.02	3003	99.08	28	0.92	3031	3.69
Hawksburn Central	Yes	556	50.59	543	49.41	1099	99.46	6	0.54	1105
	1.35
Hughesdale North	Yes	193	50.13	192	49.87	385	97.72	9	2.28	394
	0.48
Kooyong Park	No	600	46.84	681	53.16	1281	99.53	6	0.47	1287
	1.57
Malvern	Yes	1437	54.06	1221	45.94	2658	98.85	31	1.15	2689	3.28
Malvern Central	No	738	49.36	757	50.64	1495	99.01	15	0.99	1510
	1.84
Malvern East	Yes	1940	52.19	1777	47.81	3717	99.01	37	0.99	3754
	4.58
Malvern Lower	No	892	49.36	915	50.64	1807	99.56	8	0.44	1815
	2.21
Malvern South	Yes	1822	52.22	1667	47.78	3489	99.29	25	0.71	3514
	4.28
Malvern West	Yes	551	51.21	525	48.79	1076	99.26	8	0.74	1084
	1.32
Melbourne (Higgins)	Yes	141	55.73	112	44.27	253	99.22	2	0.78
	255	0.31
Murrumbeena	No	799	48.51	848	51.49	1647	98.80	20	1.20	1667	2.03
Orrong	Yes	864	51.43	816	48.57	1680	98.77	21	1.23	1701	2.07
Prahran	Yes	1216	54.63	1010	45.37	2226	98.76	28	1.24	2254	2.75
Prahran East	Yes	1577	55.14	1283	44.86	2860	98.52	43	1.48	2903
	3.54
South Yarra	No	300	45.18	364	54.82	664	98.96	7	1.04	671	0.82
Toorak	No	1463	49.41	1498	50.59	2961	99.10	27	0.90	2988	3.64
Toorak Central	No	759	49.64	770	50.36	1529	99.54	7	0.46	1536
	1.87
Toorak West	No	699	46.88	792	53.12	1491	99.33	10	0.67	1501	1.83
Windsor	Yes	464	53.33	406	46.67	870	99.20	7	0.80	877	1.07
Special Hospitals	No	111	36.39	194	63.61	305	97.76	7	2.24	312
	0.38
Total Ordinary	Yes	32444	50.97	31215	49.03	63659	99.12	563	0.88	64222
	78.29
ABSENT	Yes	4801	50.61	4685	49.39	9486	99.32	65	0.68	9551	11.64
POSTAL	No	1092	40.00	1638	60.00	2730	99.20	22	0.80	2752	3.35
PRE_POLL	Yes	2545	50.59	2486	49.41	5031	99.66	17	0.34	5048	6.15
PROVISIONAL	No	222	49.22	229	50.78	451	98.47	7	1.53	458	0.56
Division Summary	Yes	41104	50.52	40253	49.48	81357	99.18	674	0.82	82031
	93.86
