Referendum: 6 November 1999									
		
Referendum Results										
	
By Division by Polling Place									
		

"A proposed law for the Alteration of the Constitution, entitled"			
								
   the Constitutional Alteration (Establishment of Republic) 1999			
								
											
											
New South Wales											
Lyne (84455)											

		Yes		No		Formal		Informal		Total	
Polling Place		Votes	%	Votes	%	Votes	%	Votes	%	Votes	%
Bonny Hills	No	443	42.07	610	57.93	1053	99.53	5	0.47	1058	1.30
Burrell Creek	No	72	33.03	146	66.97	218	99.54	1	0.46	219
	0.27
Byabarra	No	41	42.71	55	57.29	96	100.00	0	0.00	96
	0.12
Chatham	No	610	33.06	1235	66.94	1845	99.51	9	0.49	1854	2.28
Comboyne	No	71	22.90	239	77.10	310	100.00	0	0.00	310
	0.38
Coopernook	No	105	27.70	274	72.30	379	99.21	3	0.79	382	0.47
Crowdy Head	No	32	35.96	57	64.04	89	100.00	0	0.00	89
	0.11
Cundletown	No	454	34.21	873	65.79	1327	99.70	4	0.30	1331	1.64
Diamond Beach	No	183	43.26	240	56.74	423	98.60	6	1.40	429
	0.53
Dunbogan	No	227	40.18	338	59.82	565	99.30	4	0.70	569	0.70
Dyers Crossing	No	82	27.52	216	72.48	298	99.67	1	0.33	299
	0.37
Elands	Yes	65	53.28	57	46.72	122	100.00	0	0.00	122
	0.15
Failford	No	74	28.91	182	71.09	256	99.61	1	0.39	257	0.32
Forster	No	453	42.74	607	57.26	1060	99.07	10	0.93	1070	1.32
Forster East	No	671	43.40	875	56.60	1546	99.55	7	0.45	1553
	1.91
Forster Keys	No	604	42.54	816	57.46	1420	99.51	7	0.49	1427
	1.75
Forster South	No	1210	42.41	1643	57.59	2853	99.34	19	0.66	2872
	3.53
Ghinni Ghinni	No	28	35.90	50	64.10	78	100.00	0	0.00	78
	0.10
Green Point Wallis Lake	No	110	43.82	141	56.18	251	100.00	0
	0.00	251	0.31
Hallidays Point	Yes	289	50.79	280	49.21	569	99.82	1	0.18	570
	0.70
Hannam Vale	No	83	38.25	134	61.75	217	99.54	1	0.46	218	0.27
Harrington	No	396	38.33	637	61.67	1033	99.33	7	0.67	1040	1.28
Herons Creek	No	56	38.36	90	61.64	146	99.32	1	0.68	147
	0.18
Hibbard	No	336	37.80	553	62.20	889	99.33	6	0.67	895	1.10
Huntingdon	No	60	30.15	139	69.85	199	99.00	2	1.00	201	0.25
Johns River	No	48	23.41	157	76.59	205	99.03	2	0.97	207	0.25
Kendall	No	315	42.86	420	57.14	735	100.00	0	0.00	735
	0.90
Kew	No	109	35.39	199	64.61	308	99.68	1	0.32	309	0.38
Killabakh	No	115	37.46	192	62.54	307	99.68	1	0.32	308	0.38
Kings Creek	No	109	40.52	160	59.48	269	99.63	1	0.37	270	0.33
Krambach	No	92	28.75	228	71.25	320	99.69	1	0.31	321	0.39
Lake Cathie	No	504	42.21	690	57.79	1194	99.33	8	0.67	1202	1.48
Lansdowne	No	233	36.52	405	63.48	638	99.53	3	0.47	641	0.79
Laurieton	No	821	35.82	1471	64.18	2292	99.22	18	0.78	2310	2.84
Long Flat	No	57	32.76	117	67.24	174	98.86	2	1.14	176	0.22
Lorne	No	38	32.76	78	67.24	116	100.00	0	0.00	116	0.14
Manning Point	No	67	37.02	114	62.98	181	100.00	0	0.00
	181	0.22
Marlee	Yes	91	50.28	90	49.72	181	98.37	3	1.63	184	0.23
Mitchells Island	No	74	32.74	152	67.26	226	99.12	2	0.88	228
	0.28
Moorland	No	90	27.86	233	72.14	323	99.38	2	0.62	325	0.40
Mount George	No	46	22.44	159	77.56	205	99.03	2	0.97	207
	0.25
Nabiac	No	298	34.14	575	65.86	873	99.32	6	0.68	879	1.08
North Haven	No	494	34.19	951	65.81	1445	99.18	12	0.82	1457	1.79
Old Bar	No	925	44.51	1153	55.49	2078	99.57	9	0.43	2087	2.57
Oxley Island	No	53	39.85	80	60.15	133	99.25	1	0.75	134
	0.16
Port Macquarie Central	No	520	40.75	756	59.25	1276	99.07	12	0.93
	1288	1.58
Port Macquarie Civic	No	882	43.45	1148	56.55	2030	99.41	12	0.59
	2042	2.51
Port Macquarie East	No	1638	40.41	2415	59.59	4053	99.48	21	0.52
	4074	5.01
Port Macquarie Hospital	No	185	39.53	283	60.47	468	99.79	1	0.21
	469	0.58
Port Macquarie South	No	1048	44.56	1304	55.44	2352	99.58	10	0.42
	2362	2.90
Port Macquarie West	No	1395	36.30	2448	63.70	3843	99.12	34	0.88
	3877	4.77
Purfleet	No	64	45.07	78	54.93	142	100.00	0	0.00	142
	0.17
Settlement Shores	No	544	39.02	850	60.98	1394	99.15	12	0.85	1406
	1.73
Sydney (Lyne)	No	24	45.28	29	54.72	53	100.00	0	0.00	53
	0.07
Tacking Point	No	1376	45.41	1654	54.59	3030	99.57	13	0.43	3043
	3.74
Taree	No	861	38.54	1373	61.46	2234	98.94	24	1.06	2258	2.78
Taree Central	No	345	39.70	524	60.30	869	99.54	4	0.46	873
	1.07
Taree Hospital	No	113	44.84	139	55.16	252	98.44	4	1.56	256
	0.31
Taree North	No	460	34.82	861	65.18	1321	99.17	11	0.83	1332	1.64
Taree West	No	884	33.66	1742	66.34	2626	99.13	23	0.87	2649	3.26
Tinonee	No	281	33.61	555	66.39	836	99.41	5	0.59	841	1.03
Tuncurry	No	1264	38.86	1989	61.14	3253	99.21	26	0.79	3279	4.03
Upper Lansdowne	No	42	42.00	58	58.00	100	99.01	1	0.99	101
	0.12
Wauchope	No	449	28.80	1110	71.20	1559	98.42	25	1.58	1584	1.95
Wauchope South	No	577	32.23	1213	67.77	1790	99.39	11	0.61	1801
	2.21
Wherrol Flat	No	60	39.47	92	60.53	152	99.35	1	0.65	153
	0.19
Wingham	No	465	34.44	885	65.56	1350	99.05	13	0.95	1363	1.68
Wingham West	No	704	32.00	1496	68.00	2200	99.10	20	0.90	2220
	2.73
Special Hospitals	No	270	35.67	487	64.33	757	98.06	15	1.94	772
	0.95
Total Ordinary	No	25785	38.27	41600	61.73	67385	99.31	467	0.69	67852
	83.41
ABSENT	No	2085	44.22	2630	55.78	4715	99.60	19	0.40	4734	5.82
POSTAL	No	774	33.70	1523	66.30	2297	99.61	9	0.39	2306	2.83
PRE_POLL	No	2213	36.99	3769	63.01	5982	99.67	20	0.33	6002	7.38
PROVISIONAL	No	188	41.69	263	58.31	451	100.00	0	0.00	451
	0.55
Division Summary	No	31045	38.41	49785	61.59	80830	99.37	515	0.63	81345
	96.32
