Referendum: 6 November 1999									
		
Referendum Results										
	
By Division by Polling Place									
		

"A proposed law for the Alteration of the Constitution, entitled"			
								
   the Constitutional Alteration (Preamble) 1999					
						
											
											
New South Wales											
Sydney (91774)											

		Yes		No		Formal		Informal		Total	
Polling Place		                                                             
Votes	%	Votes	%	Votes	%	Votes	%	Votes	%
Alexandria	No	619	45.95	728	54.05	1347	98.61	19	1.39	1366	1.61
Annandale North (Sydney)	Yes	724	50.99	696	49.01	1420	98.47	22
	1.53	1442	1.70
Bald Rock	Yes	110	50.69	107	49.31	217	99.09	2	0.91	219	0.26
Balmain	Yes	1141	50.18	1133	49.82	2274	99.52	11	0.48	2285	2.70
Balmain East	No	414	46.78	471	53.22	885	99.22	7	0.78	892
	1.05
Balmain Hospital	No	147	46.08	172	53.92	319	97.85	7	2.15	326
	0.39
Barcom	Yes	331	52.88	295	47.12	626	99.68	2	0.32	628	0.74
Beaconsfield	Yes	201	53.03	178	46.97	379	99.74	1	0.26	380
	0.45
Birchgrove	Yes	1009	50.99	970	49.01	1979	99.30	14	0.70	1993	2.35
Blackfriars	No	160	47.06	180	52.94	340	98.55	5	1.45	345	0.41
Camperdown (Sydney)	No	108	45.19	131	54.81	239	98.76	3	1.24
	242	0.29
Chippendale	Yes	522	52.99	463	47.01	985	98.80	12	1.20	997	1.18
Darlinghurst	No	412	49.58	419	50.42	831	98.81	10	1.19	841
	0.99
Darlington	No	410	44.81	505	55.19	915	99.24	7	0.76	922	1.09
East Sydney	Yes	956	50.77	927	49.23	1883	98.53	28	1.47	1911	2.26
Erskineville	No	1168	49.60	1187	50.40	2355	99.41	14	0.59	2369
	2.80
Flinders	No	343	48.04	371	51.96	714	98.76	9	1.24	723	0.85
Forest Lodge	No	551	49.55	561	50.45	1112	99.46	6	0.54	1118
	1.32
Gardeners Road	Yes	258	57.59	190	42.41	448	98.25	8	1.75	456
	0.54
Gladstone Park	No	708	49.41	725	50.59	1433	99.31	10	0.69	1443
	1.70
Glebe	No	703	47.76	769	52.24	1472	98.79	18	1.21	1490	1.76
Glebe East	No	657	48.27	704	51.73	1361	98.69	18	1.31	1379	1.63
Glebe North	Yes	507	51.95	469	48.05	976	99.19	8	0.81	984	1.16
Glenmore	Yes	1221	52.54	1103	47.46	2324	99.27	17	0.73	2341	2.77
Holdsworth	No	465	49.05	483	50.95	948	99.16	8	0.84	956	1.13
Hyde Park	No	223	47.75	244	52.25	467	97.90	10	2.10	477	0.56
Kings Cross	Yes	935	50.84	904	49.16	1839	98.87	21	1.13	1860	2.20
Lilyfield	No	711	48.11	767	51.89	1478	99.26	11	0.74	1489	1.76
Lilyfield North	No	425	45.85	502	54.15	927	99.14	8	0.86	935
	1.10
Lord Howe Island	No	94	48.96	98	51.04	192	98.97	2	1.03	194
	0.23
Millers Point	No	413	49.52	421	50.48	834	98.12	16	1.88	850
	1.00
Newtown East	No	196	43.46	255	56.54	451	99.34	3	0.66	454
	0.54
Newtown North (Sydney)	No	728	41.94	1008	58.06	1736	99.09	16	0.91
	1752	2.07
Paddington	No	570	48.63	602	51.37	1172	99.58	5	0.42	1177	1.39
Paddington North	Yes	281	52.33	256	47.67	537	98.53	8	1.47	545
	0.64
Paddington South	No	840	43.98	1070	56.02	1910	99.48	10	0.52	1920
	2.27
Plunkett Street	No	408	43.45	531	56.55	939	98.95	10	1.05	949
	1.12
Potts Point	No	1311	46.13	1531	53.87	2842	99.30	20	0.70	2862	3.38
Prince Alfred Hospital	No	224	49.45	229	50.55	453	100.00	0
	0.00	453	0.54
Pyrmont	Yes	657	57.08	494	42.92	1151	99.57	5	0.43	1156	1.37
Rachel Forster Hospital	No	608	44.97	744	55.03	1352	98.18	25	1.82
	1377	1.63
Redfern	No	842	44.29	1059	55.71	1901	98.50	29	1.50	1930	2.28
Redfern East	No	806	45.03	984	54.97	1790	98.41	29	1.59	1819
	2.15
Rosebery	Yes	660	52.93	587	47.07	1247	98.73	16	1.27	1263	1.49
Roslyn Gardens	No	518	48.19	557	51.81	1075	98.99	11	1.01	1086
	1.28
Rozelle	Yes	1423	50.51	1394	49.49	2817	99.02	28	0.98	2845	3.36
St Vincents Hospital	Yes	98	51.31	93	48.69	191	98.96	2	1.04
	193	0.23
South Sydney Hospital	Yes	81	50.62	79	49.38	160	98.77	2	1.23
	162	0.19
Surry Hills	Yes	208	51.49	196	48.51	404	99.26	3	0.74	407	0.48
Surry Hills North	Yes	718	53.19	632	46.81	1350	98.83	16	1.17	1366
	1.61
Surry Hills South	Yes	699	54.87	575	45.13	1274	99.14	11	0.86	1285
	1.52
Sydney (Sydney)	No	1300	46.23	1512	53.77	2812	98.98	29	1.02	2841
	3.36
Toxteth	No	477	46.54	548	53.46	1025	98.94	11	1.06	1036	1.22
Ultimo	Yes	520	53.50	452	46.50	972	99.69	3	0.31	975	1.15
Waterloo	No	436	45.23	528	54.77	964	98.87	11	1.13	975	1.15
Zetland	No	30	30.61	68	69.39	98	100.00	0	0.00	98
	0.12
Special Hospitals	No	124	41.06	178	58.94	302	99.67	1	0.33	303
	0.36
Total Ordinary	No	31409	48.74	33035	51.26	64444	99.02	638	0.98	65082
	76.89
ABSENT	Yes	4806	51.56	4516	48.44	9322	99.45	52	0.55	9374	11.07
POSTAL	No	1140	45.29	1377	54.71	2517	99.29	18	0.71	2535	2.99
PRE_POLL	Yes	3330	55.04	2720	44.96	6050	99.54	28	0.46	6078	7.18
PROVISIONAL	Yes	823	52.69	739	47.31	1562	99.05	15	0.95	1577	1.86
Division Summary	No	41508	49.48	42387	50.52	83895	99.11	751	0.89	84646
	92.23
