Referendum: 6 November 1999									
		
Referendum Results										
	
By Division by Polling Place									
		

"A proposed law for the Alteration of the Constitution, entitled"			
								
   the Constitutional Alteration (Establishment of Republic) 1999			
								
											
											
New South Wales											
Fowler (92848)											

		Yes		No		Formal		Informal		Total	
Polling Place		Votes	%	Votes	%	Votes	%	Votes	%	Votes	%
Ashcroft	No	729	43.52	946	56.48	1675	98.82	20	1.18	1695	1.94
Bonnyrigg	Yes	1350	56.44	1042	43.56	2392	98.44	38	1.56	2430	2.79
Bonnyrigg Heights	Yes	1595	53.54	1384	46.46	2979	97.90	64	2.10	3043
	3.49
Bonnyrigg High	Yes	665	61.35	419	38.65	1084	98.91	12	1.09	1096
	1.26
Busby	No	1618	48.84	1695	51.16	3313	98.54	49	1.46	3362	3.86
Cabramatta	Yes	3312	63.35	1916	36.65	5228	98.22	95	1.78	5323	6.10
Cabramatta East	Yes	1646	57.79	1202	42.21	2848	98.68	38	1.32	2886
	3.31
Cabramatta High	Yes	1416	62.16	862	37.84	2278	99.22	18	0.78	2296
	2.63
Cabramatta West	Yes	1085	54.28	914	45.72	1999	98.09	39	1.91	2038
	2.34
Canley Heights	Yes	1912	51.26	1818	48.74	3730	98.44	59	1.56	3789
	4.35
Canley Vale	Yes	1817	60.11	1206	39.89	3023	98.57	44	1.43	3067	3.52
Canley Vale High	Yes	214	57.84	156	42.16	370	98.14	7	1.86	377
	0.43
Cartwright	No	590	44.33	741	55.67	1331	98.74	17	1.26	1348	1.55
Edensor Park	Yes	1506	56.79	1146	43.21	2652	98.44	42	1.56	2694
	3.09
Green Valley	Yes	1855	51.64	1737	48.36	3592	98.84	42	1.16	3634
	4.17
Harrington Street	Yes	1760	51.60	1651	48.40	3411	97.26	96	2.74	3507
	4.02
Heckenberg	No	776	41.30	1103	58.70	1879	98.74	24	1.26	1903	2.18
Hinchinbrook	Yes	1655	50.03	1653	49.97	3308	98.66	45	1.34	3353
	3.85
Lansvale	Yes	1125	56.50	866	43.50	1991	97.93	42	2.07	2033	2.33
Lansvale East	No	632	48.65	667	51.35	1299	99.01	13	0.99	1312
	1.50
Liverpool	Yes	1532	52.99	1359	47.01	2891	97.41	77	2.59	2968	3.40
Liverpool North	No	289	49.91	290	50.09	579	99.14	5	0.86	584
	0.67
Liverpool South	Yes	363	52.61	327	47.39	690	97.60	17	2.40	707
	0.81
Liverpool West (Fowler)	Yes	1559	54.91	1280	45.09	2839	97.93	60	2.07
	2899	3.32
Marsden Road	No	1086	47.82	1185	52.18	2271	98.91	25	1.09	2296
	2.63
Miller	No	724	42.79	968	57.21	1692	98.43	27	1.57	1719	1.97
Mount Pritchard	No	1391	44.51	1734	55.49	3125	98.43	50	1.57	3175
	3.64
Mount Pritchard East	No	837	44.05	1063	55.95	1900	98.91	21	1.09
	1921	2.20
Sadleir	No	566	36.90	968	63.10	1534	98.65	21	1.35	1555	1.78
St Johns Park	Yes	2021	53.45	1760	46.55	3781	98.41	61	1.59	3842
	4.41
Sydney (Fowler)	Yes	52	51.49	49	48.51	101	99.02	1	0.98	102
	0.12
Wakeley	Yes	1644	55.24	1332	44.76	2976	98.54	44	1.46	3020	3.46
Warwick Farm	No	690	47.42	765	52.58	1455	99.39	9	0.61	1464
	1.68
Total Ordinary	Yes	40012	52.50	36204	47.50	76216	98.42	1222	1.58	77438
	88.81
ABSENT	No	2572	48.00	2786	52.00	5358	99.31	37	0.69	5395	6.19
POSTAL	No	588	35.74	1057	64.26	1645	99.10	15	0.90	1660	1.90
PRE_POLL	Yes	1287	51.79	1198	48.21	2485	99.56	11	0.44	2496	2.86
PROVISIONAL	Yes	117	56.80	89	43.20	206	99.04	2	0.96	208	0.24
Division Summary	Yes	44576	51.89	41334	48.11	85910	98.52	1287	1.48	87197
	93.91
