Referendum: 6 November 1999									
		
Referendum Results										
	
By Division by Polling Place									
		

"A proposed law for the Alteration of the Constitution, entitled"			
								
   the Constitutional Alteration (Establishment of Republic) 1999			
								
											
											
Queensland											
Kennedy (84541)											

		Yes		No		Formal		Informal		Total	
Polling Place		Votes	%	Votes	%	Votes	%	Votes	%	Votes	%
Abergowrie	No	46	22.01	163	77.99	209	100.00	0	0.00	209
	0.26
Aloomba	No	57	24.26	178	75.74	235	98.74	3	1.26	238	0.30
Atherton	No	646	27.21	1728	72.79	2374	99.08	22	0.92	2396	3.04
Atherton North	No	341	29.22	826	70.78	1167	98.90	13	1.10	1180
	1.50
Babinda	No	261	30.28	601	69.72	862	99.19	7	0.81	869	1.10
Bambaroo	No	70	27.67	183	72.33	253	99.22	2	0.78	255	0.32
Bellenden Ker	No	26	23.01	87	76.99	113	100.00	0	0.00
	113	0.14
Biboohra	No	65	25.10	194	74.90	259	98.11	5	1.89	264	0.33
Bluewater	No	445	34.68	838	65.32	1283	99.38	8	0.62	1291	1.64
Boulia	No	33	23.91	105	76.09	138	97.87	3	2.13	141	0.18
Bramston Beach	No	12	19.05	51	80.95	63	100.00	0	0.00	63
	0.08
Brisbane City (Kennedy)	Yes	30	54.55	25	45.45	55	100.00	0
	0.00	55	0.07
Burketown	No	24	24.24	75	75.76	99	99.00	1	1.00	100	0.13
Butchers Creek	No	43	27.74	112	72.26	155	100.00	0	0.00
	155	0.20
Camooweal	No	12	12.63	83	87.37	95	98.96	1	1.04	96	0.12
Cardwell	No	197	26.51	546	73.49	743	98.54	11	1.46	754	0.96
Charters Towers	No	314	31.00	699	69.00	1013	98.73	13	1.27	1026
	1.30
Charters Towers Central	No	237	25.46	694	74.54	931	99.57	4	0.43
	935	1.18
Charters Towers Hospital	No	182	31.99	387	68.01	569	98.78	7
	1.22	576	0.73
Chillagoe	No	12	8.00	138	92.00	150	99.34	1	0.66	151	0.19
Cloncurry	No	271	23.75	870	76.25	1141	99.74	3	0.26	1144	1.45
Croydon	No	23	17.97	105	82.03	128	100.00	0	0.00	128
	0.16
Dajarra	No	32	31.37	70	68.63	102	99.03	1	0.97	103	0.13
Dimbulah	No	261	42.86	348	57.14	609	98.86	7	1.14	616	0.78
Doomadgee (Kennedy)	No	59	21.07	221	78.93	280	98.59	4	1.41
	284	0.36
East Palmerston	No	53	27.32	141	72.68	194	98.98	2	1.02	196
	0.25
Einasleigh	No	11	40.74	16	59.26	27	96.43	1	3.57	28	0.04
El Arish	No	147	34.59	278	65.41	425	98.15	8	1.85	433	0.55
Emerald Creek	No	81	34.76	152	65.24	233	99.15	2	0.85	235
	0.30
Euramo	No	25	26.32	70	73.68	95	100.00	0	0.00	95
	0.12
Evelyn Central	No	21	25.30	62	74.70	83	100.00	0	0.00	83
	0.11
Eventide	No	89	25.21	264	74.79	353	99.16	3	0.84	356	0.45
Feluga	No	68	29.57	162	70.43	230	99.14	2	0.86	232	0.29
Flying Fish Point	No	114	35.85	204	64.15	318	99.37	2	0.63	320
	0.41
Forrest Beach	No	206	34.05	399	65.95	605	99.83	1	0.17	606
	0.77
Forsayth	No	15	23.81	48	76.19	63	100.00	0	0.00	63
	0.08
Garradunga	No	81	32.27	170	67.73	251	100.00	0	0.00	251
	0.32
Georgetown	No	31	24.80	94	75.20	125	100.00	0	0.00	125
	0.16
Goondi	No	366	30.70	826	69.30	1192	99.42	7	0.58	1199	1.52
Gordonvale	No	862	32.39	1799	67.61	2661	99.14	23	0.86	2684	3.40
Greenvale	No	23	25.27	68	74.73	91	97.85	2	2.15	93	0.12
Halifax	No	211	34.25	405	65.75	616	100.00	0	0.00	616
	0.78
Happy Valley	No	311	36.20	548	63.80	859	98.62	12	1.38	871
	1.10
Hawkins Creek	No	41	23.70	132	76.30	173	100.00	0	0.00
	173	0.22
Healy	No	498	39.62	759	60.38	1257	98.90	14	1.10	1271	1.61
Herberton	No	153	24.76	465	75.24	618	99.52	3	0.48	621	0.79
Homestead	No	8	10.53	68	89.47	76	100.00	0	0.00	76
	0.10
Hughenden	No	152	21.81	545	78.19	697	99.29	5	0.71	702	0.89
Ingham	No	674	30.62	1527	69.38	2201	98.26	39	1.74	2240	2.84
Ingham Hospital	No	371	29.54	885	70.46	1256	99.52	6	0.48	1262
	1.60
Innisfail	No	680	30.91	1520	69.09	2200	99.14	19	0.86	2219	2.81
Innisfail East	No	317	25.26	938	74.74	1255	99.05	12	0.95	1267
	1.61
Innisfail Hospital	No	187	33.51	371	66.49	558	98.76	7	1.24
	565	0.72
Innot Hot Springs	No	24	20.17	95	79.83	119	100.00	0	0.00
	119	0.15
Irvinebank	No	20	31.25	44	68.75	64	98.46	1	1.54	65	0.08
Julia Creek	No	65	22.97	218	77.03	283	99.65	1	0.35	284	0.36
Kairi	No	98	23.96	311	76.04	409	99.03	4	0.97	413	0.52
Kalkadoon	No	221	34.80	414	65.20	635	98.91	7	1.09	642	0.81
Karumba	No	69	28.28	175	71.72	244	98.79	3	1.21	247	0.31
Kennedy	No	46	22.77	156	77.23	202	99.51	1	0.49	203	0.26
Kurrimine Beach	No	86	22.40	298	77.60	384	100.00	0	0.00
	384	0.49
Long Pocket	No	38	26.03	108	73.97	146	100.00	0	0.00	146
	0.18
Lower Tully	No	67	22.64	229	77.36	296	100.00	0	0.00	296
	0.38
Lucinda	No	92	28.75	228	71.25	320	100.00	0	0.00	320
	0.41
Mcdonnell Creek	No	49	22.69	167	77.31	216	100.00	0	0.00
	216	0.27
Mckinlay	No	3	11.54	23	88.46	26	100.00	0	0.00	26
	0.03
Macknade	No	81	27.18	217	72.82	298	98.68	4	1.32	302	0.38
Malanda	No	488	26.45	1357	73.55	1845	99.03	18	0.97	1863	2.36
Mareeba	No	849	29.41	2038	70.59	2887	98.97	30	1.03	2917	3.70
Mareeba Hospital	No	195	26.60	538	73.40	733	98.92	8	1.08	741
	0.94
Mareeba West	No	338	27.64	885	72.36	1223	99.51	6	0.49	1229
	1.56
Mena Creek	No	114	30.81	256	69.19	370	99.46	2	0.54	372	0.47
Millaa Millaa	No	103	22.39	357	77.61	460	99.57	2	0.43	462
	0.59
Mingela	No	8	19.05	34	80.95	42	100.00	0	0.00	42
	0.05
Miriwinni	No	99	20.50	384	79.50	483	99.38	3	0.62	486	0.62
Mission Beach	No	316	41.31	449	58.69	765	98.71	10	1.29	775
	0.98
Moresby	No	67	24.91	202	75.09	269	100.00	0	0.00	269
	0.34
Mornington Island	No	217	48.12	234	51.88	451	98.47	7	1.53	458
	0.58
Mount Garnet	No	77	25.33	227	74.67	304	100.00	0	0.00
	304	0.39
Mount Isa	No	809	40.74	1177	59.26	1986	98.90	22	1.10	2008	2.54
Mount Isa Hospital	No	146	43.71	188	56.29	334	100.00	0
	0.00	334	0.42
Mount Isa West	No	166	39.06	259	60.94	425	98.61	6	1.39	431
	0.55
Mount Surprise	No	11	16.92	54	83.08	65	100.00	0	0.00	65
	0.08
Mourilyan	No	208	26.50	577	73.50	785	98.87	9	1.13	794	1.01
Murray Upper	No	71	26.69	195	73.31	266	99.25	2	0.75	268
	0.34
Mutchilba	No	80	32.39	167	67.61	247	99.20	2	0.80	249	0.32
Normanton	No	172	29.91	403	70.09	575	98.97	6	1.03	581	0.74
Pentland	No	21	14.48	124	85.52	145	100.00	0	0.00	145
	0.18
Prairie	No	10	18.52	44	81.48	54	100.00	0	0.00	54
	0.07
Queenton	No	310	25.16	922	74.84	1232	99.68	4	0.32	1236	1.57
Ravenshoe	No	283	24.54	870	75.46	1153	98.89	13	1.11	1166	1.48
Ravenswood	No	33	24.09	104	75.91	137	99.28	1	0.72	138	0.17
Richmond	No	65	17.06	316	82.94	381	99.74	1	0.26	382	0.48
Richmond Hill	No	233	26.27	654	73.73	887	99.66	3	0.34	890
	1.13
Rollingstone	No	186	33.45	370	66.55	556	99.64	2	0.36	558
	0.71
Silkwood	No	92	22.72	313	77.28	405	97.59	10	2.41	415	0.53
Soldiers Hill	No	358	35.38	654	64.62	1012	99.22	8	0.78	1020
	1.29
South Johnstone	No	123	28.41	310	71.59	433	99.31	3	0.69	436
	0.55
South Mission Beach	No	189	44.58	235	55.42	424	98.83	5	1.17
	429	0.54
Sunset	No	497	34.25	954	65.75	1451	99.25	11	0.75	1462	1.85
Tolga	No	329	27.03	888	72.97	1217	99.10	11	0.90	1228	1.56
Toobanna	No	74	20.27	291	79.73	365	98.38	6	1.62	371	0.47
Townview	No	351	35.14	648	64.86	999	99.50	5	0.50	1004	1.27
Trebonne	No	105	24.08	331	75.92	436	99.32	3	0.68	439	0.56
Tully	No	471	32.08	997	67.92	1468	99.26	11	0.74	1479	1.87
Tully Hospital	No	163	27.91	421	72.09	584	98.98	6	1.02	590
	0.75
Upper Barron	No	28	20.14	111	79.86	139	99.29	1	0.71	140
	0.18
Upper Stone	No	9	13.04	60	86.96	69	98.57	1	1.43	70	0.09
Victoria Estate	No	100	19.01	426	80.99	526	100.00	0	0.00
	526	0.67
Walkamin	No	66	25.10	197	74.90	263	99.25	2	0.75	265	0.34
Wangan	No	132	26.45	367	73.55	499	99.80	1	0.20	500	0.63
Wondecla	No	57	23.95	181	76.05	238	99.17	2	0.83	240	0.30
Yungaburra	No	337	32.47	701	67.53	1038	98.95	11	1.05	1049	1.33
Special Hospitals	No	81	27.55	213	72.45	294	97.35	8	2.65	302
	0.38
Total Ordinary	No	19691	29.70	46609	70.30	66300	99.15	569	0.85	66869
	84.73
ABSENT	No	1940	34.09	3750	65.91	5690	99.61	22	0.39	5712	7.24
POSTAL	No	764	21.25	2832	78.75	3596	99.75	9	0.25	3605	4.57
PRE_POLL	No	747	35.78	1341	64.22	2088	99.33	14	0.67	2102	2.66
PROVISIONAL	No	184	29.25	445	70.75	629	99.37	4	0.63	633	0.80
Division Summary	No	23326	29.79	54977	70.21	78303	99.22	618	0.78	78921
	93.35
