Referendum: 6 November 1999									
		
Referendum Results										
	
By Division by Polling Place									
		

"A proposed law for the Alteration of the Constitution, entitled"			
								
   the Constitutional Alteration (Establishment of Republic) 1999			
								
											
											
Victoria											
Wills (88211)											

		Yes		No		Formal		Informal		Total	
Polling Place		Votes	%	Votes	%	Votes	%	Votes	%	Votes	%
Anstey	Yes	455	76.21	142	23.79	597	98.35	10	1.65	607	0.73
Brunswick North	Yes	2572	66.49	1296	33.51	3868	98.10	75	1.90	3943
	4.76
Brunswick North East	Yes	1354	71.91	529	28.09	1883	98.53	28	1.47
	1911	2.31
Brunswick North West	Yes	804	61.66	500	38.34	1304	98.71	17	1.29
	1321	1.59
Coburg	Yes	1407	62.17	856	37.83	2263	98.22	41	1.78	2304	2.78
Coburg East	Yes	1319	63.11	771	36.89	2090	98.31	36	1.69	2126	2.56
Coburg North	Yes	1623	61.25	1027	38.75	2650	98.66	36	1.34	2686
	3.24
Coburg South	Yes	511	63.87	289	36.13	800	98.28	14	1.72	814
	0.98
Coburg West	Yes	2505	64.56	1375	35.44	3880	98.58	56	1.42	3936	4.75
Essendon	Yes	638	59.51	434	40.49	1072	99.44	6	0.56	1078	1.30
Essendon North	Yes	653	55.76	518	44.24	1171	98.82	14	1.18	1185
	1.43
Essendon South	Yes	1812	60.93	1162	39.07	2974	99.13	26	0.87	3000
	3.62
Fawkner East	Yes	1061	53.75	913	46.25	1974	98.45	31	1.55	2005
	2.42
Fawkner North	Yes	1775	61.89	1093	38.11	2868	98.59	41	1.41	2909
	3.51
Gaffney	Yes	556	54.51	464	45.49	1020	98.93	11	1.07	1031	1.24
Glenbervie	Yes	437	55.60	349	44.40	786	99.37	5	0.63	791	0.95
Glenroy	Yes	878	53.83	753	46.17	1631	98.97	17	1.03	1648	1.99
Glenroy Central	Yes	962	55.83	761	44.17	1723	98.57	25	1.43	1748
	2.11
Glenroy East	Yes	1174	57.80	857	42.20	2031	98.54	30	1.46	2061
	2.49
Glenroy North	No	865	46.23	1006	53.77	1871	98.47	29	1.53	1900
	2.29
Gowrie Park	Yes	867	59.14	599	40.86	1466	98.65	20	1.35	1486	1.79
Hadfield	Yes	703	54.71	582	45.29	1285	99.23	10	0.77	1295	1.56
Lake Park	Yes	255	68.55	117	31.45	372	98.41	6	1.59	378	0.46
Melbourne (Wills)	Yes	100	59.52	68	40.48	168	96.55	6	3.45	174
	0.21
Melville	Yes	633	65.80	329	34.20	962	99.48	5	0.52	967	1.17
Merlynston	Yes	656	51.53	617	48.47	1273	99.22	10	0.78	1283	1.55
Mitchell	Yes	1085	67.27	528	32.73	1613	98.05	32	1.95	1645	1.98
Moomba Park	Yes	1156	60.27	762	39.73	1918	98.31	33	1.69	1951	2.35
Moonee Ponds North	Yes	1137	62.61	679	37.39	1816	98.11	35	1.89
	1851	2.23
Moreland	Yes	1464	64.86	793	35.14	2257	98.47	35	1.53	2292	2.76
Pascoe Vale	Yes	1447	55.57	1157	44.43	2604	98.45	41	1.55	2645	3.19
Pascoe Vale Central	Yes	511	61.49	320	38.51	831	98.93	9	1.07
	840	1.01
Pascoe Vale North	Yes	1274	55.44	1024	44.56	2298	98.63	32	1.37	2330
	2.81
Pascoe Vale South	Yes	1713	59.42	1170	40.58	2883	99.07	27	0.93	2910
	3.51
Pascoe Vale West	Yes	697	50.69	678	49.31	1375	99.13	12	0.87	1387
	1.67
Strathmore	Yes	1444	55.05	1179	44.95	2623	99.17	22	0.83	2645	3.19
Strathmore North	Yes	1205	56.41	931	43.59	2136	98.93	23	1.07	2159
	2.60
Strathmore South	Yes	509	58.71	358	41.29	867	99.54	4	0.46	871
	1.05
Westgate	Yes	872	53.89	746	46.11	1618	98.12	31	1.88	1649	1.99
Special Hospitals	No	6	23.08	20	76.92	26	100.00	0	0.00	26
	0.03
Total Ordinary	Yes	41095	59.69	27752	40.31	68847	98.65	941	1.35	69788
	84.18
ABSENT	Yes	3757	60.55	2448	39.45	6205	99.12	55	0.88	6260	7.55
POSTAL	No	1008	39.27	1559	60.73	2567	99.42	15	0.58	2582	3.11
PRE_POLL	Yes	1957	51.72	1827	48.28	3784	99.53	18	0.47	3802	4.59
PROVISIONAL	Yes	272	58.24	195	41.76	467	99.57	2	0.43	469	0.57
Division Summary	Yes	48089	58.74	33781	41.26	81870	98.76	1031	1.24	82901
	93.98
