Referendum: 6 November 1999									
		
Referendum Results										
	
By Division by Polling Place									
		

"A proposed law for the Alteration of the Constitution, entitled"			
								
   the Constitutional Alteration (Establishment of Republic) 1999			
								
											
											
New South Wales											
Gwydir (73637)											

		Yes		No		Formal		Informal		Total	
Polling Place		Votes	%	Votes	%	Votes	%	Votes	%	Votes	%
Ashford	No	123	27.33	327	72.67	450	100.00	0	0.00	450
	0.64
Ashley	No	28	23.33	92	76.67	120	100.00	0	0.00	120
	0.17
Baan Baa	No	26	22.03	92	77.97	118	99.16	1	0.84	119	0.17
Balladoran	No	11	11.83	82	88.17	93	100.00	0	0.00	93
	0.13
Baradine	No	116	19.69	473	80.31	589	99.33	4	0.67	593	0.85
Barraba	No	343	26.12	970	73.88	1313	98.80	16	1.20	1329	1.90
Bellata	No	44	20.56	170	79.44	214	100.00	0	0.00	214
	0.31
Bingara	No	285	24.51	878	75.49	1163	99.40	7	0.60	1170	1.68
Binnaway	No	139	30.68	314	69.32	453	99.12	4	0.88	457	0.65
Blackville	Yes	20	52.63	18	47.37	38	97.44	1	2.56	39	0.06
Boggabilla	No	116	25.05	347	74.95	463	98.72	6	1.28	469	0.67
Boggabri	No	177	23.92	563	76.08	740	99.73	2	0.27	742	1.06
Bonshaw	No	17	24.64	52	75.36	69	100.00	0	0.00	69
	0.10
Boomi	No	37	25.17	110	74.83	147	99.32	1	0.68	148	0.21
Breeza	No	26	21.67	94	78.33	120	99.17	1	0.83	121	0.17
Buckaroo	No	83	32.55	172	67.45	255	100.00	0	0.00	255
	0.37
Bugaldie	No	17	15.45	93	84.55	110	100.00	0	0.00	110
	0.16
Bullarah	No	15	17.05	73	82.95	88	100.00	0	0.00	88
	0.13
Burren Junction	No	28	16.47	142	83.53	170	100.00	0	0.00
	170	0.24
Carinda	No	22	23.16	73	76.84	95	100.00	0	0.00	95
	0.14
Carroll	No	53	25.98	151	74.02	204	99.51	1	0.49	205	0.29
Cassilis	No	37	17.87	170	82.13	207	99.52	1	0.48	208	0.30
Collarenebri	No	92	24.21	288	75.79	380	98.96	4	1.04	384
	0.55
Coolah	No	223	27.03	602	72.97	825	99.64	3	0.36	828	1.19
Coolatai	No	18	20.69	69	79.31	87	100.00	0	0.00	87
	0.12
Coonabarabran	No	625	28.23	1589	71.77	2214	99.19	18	0.81	2232
	3.20
Coonamble	No	473	25.01	1418	74.99	1891	98.90	21	1.10	1912	2.74
Croppa Creek	No	39	27.66	102	72.34	141	100.00	0	0.00
	141	0.20
Cumborah	No	22	19.30	92	80.70	114	99.13	1	0.87	115	0.16
Curban	No	10	9.62	94	90.38	104	100.00	0	0.00	104
	0.15
Curlewis	No	120	30.08	279	69.92	399	99.25	3	0.75	402	0.58
Currabubula	No	44	23.04	147	76.96	191	99.48	1	0.52	192	0.28
Dangar Village	No	243	24.55	747	75.45	990	98.90	11	1.10	1001
	1.43
Delungra	No	74	18.97	316	81.03	390	100.00	0	0.00	390
	0.56
Dunedoo	No	205	26.15	579	73.85	784	99.75	2	0.25	786	1.13
Edgeroi	No	28	20.74	107	79.26	135	100.00	0	0.00	135
	0.19
Elong Elong	No	27	25.00	81	75.00	108	100.00	0	0.00	108
	0.15
Eulah Creek	No	8	23.53	26	76.47	34	100.00	0	0.00	34
	0.05
Fairfax	No	21	20.79	80	79.21	101	100.00	0	0.00	101
	0.14
Garah	No	32	18.82	138	81.18	170	98.27	3	1.73	173	0.25
Geurie	No	97	22.05	343	77.95	440	100.00	0	0.00	440
	0.63
Gilgandra	No	454	23.95	1442	76.05	1896	99.32	13	0.68	1909	2.74
Gollan	No	24	27.91	62	72.09	86	100.00	0	0.00	86
	0.12
Goolma	No	24	17.52	113	82.48	137	100.00	0	0.00	137
	0.20
Graman	No	15	20.27	59	79.73	74	100.00	0	0.00	74
	0.11
Gravesend	No	28	15.38	154	84.62	182	100.00	0	0.00	182
	0.26
Gulargambone	No	99	22.30	345	77.70	444	100.00	0	0.00
	444	0.64
Gulgong	No	652	33.94	1269	66.06	1921	99.53	9	0.47	1930	2.77
Gunnedah	No	996	30.17	2305	69.83	3301	99.40	20	0.60	3321	4.76
Gunnedah High	No	304	32.48	632	67.52	936	99.79	2	0.21	938
	1.34
Gunnedah South	No	284	29.40	682	70.60	966	99.49	5	0.51	971
	1.39
Gurley	No	14	13.86	87	86.14	101	100.00	0	0.00	101
	0.14
Gwabegar	No	38	25.33	112	74.67	150	99.34	1	0.66	151	0.22
Hargraves	No	34	20.12	135	79.88	169	99.41	1	0.59	170	0.24
Kelvin	No	26	21.14	97	78.86	123	100.00	0	0.00	123
	0.18
Leadville	No	22	23.66	71	76.34	93	98.94	1	1.06	94	0.13
Lightning Ridge	No	495	34.09	957	65.91	1452	99.45	8	0.55	1460
	2.09
Lue	No	30	31.58	65	68.42	95	100.00	0	0.00	95	0.14
Manilla	No	487	27.56	1280	72.44	1767	99.21	14	0.79	1781	2.55
Mendooran	No	84	19.05	357	80.95	441	99.77	1	0.23	442	0.63
Montefiores	No	68	26.88	185	73.12	253	100.00	0	0.00	253
	0.36
Moree	No	627	27.92	1619	72.08	2246	98.99	23	1.01	2269	3.25
Moree East	No	394	25.22	1168	74.78	1562	99.43	9	0.57	1571	2.25
Moree West	No	371	27.85	961	72.15	1332	99.18	11	0.82	1343	1.92
Mudgee	No	747	34.57	1414	65.43	2161	99.45	12	0.55	2173	3.11
Mudgee High School	No	618	32.58	1279	67.42	1897	99.22	15	0.78
	1912	2.74
Mudgee South	No	684	35.61	1237	64.39	1921	99.53	9	0.47	1930
	2.77
Mullaley	No	51	22.57	175	77.43	226	99.12	2	0.88	228	0.33
Mungindi	No	124	28.97	304	71.03	428	99.30	3	0.70	431	0.62
Narrabri	No	624	27.94	1609	72.06	2233	99.42	13	0.58	2246	3.22
Narrabri West	No	242	21.65	876	78.35	1118	99.55	5	0.45	1123
	1.61
North Star	No	24	12.83	163	87.17	187	98.42	3	1.58	190	0.27
Pallamallawa	No	78	22.81	264	77.19	342	99.42	2	0.58	344
	0.49
Pilliga	No	24	16.33	123	83.67	147	100.00	0	0.00	147
	0.21
Premer	No	15	16.13	78	83.87	93	91.18	9	8.82	102	0.15
Purlewaugh	No	42	27.63	110	72.37	152	99.35	1	0.65	153	0.22
Quambone	No	22	24.72	67	75.28	89	100.00	0	0.00	89
	0.13
Rowena	No	25	31.25	55	68.75	80	100.00	0	0.00	80
	0.11
Sydney (Gwydir)	No	18	43.90	23	56.10	41	97.62	1	2.38	42
	0.06
Tambar Springs	No	42	32.31	88	67.69	130	100.00	0	0.00
	130	0.19
Terry Hie Hie	No	13	16.88	64	83.12	77	100.00	0	0.00	77
	0.11
Tooraweenah	No	47	20.80	179	79.20	226	99.12	2	0.88	228	0.33
Tulloona	No	17	21.25	63	78.75	80	100.00	0	0.00	80
	0.11
Ulan	No	60	32.79	123	67.21	183	98.92	2	1.08	185	0.27
Upper Horton	No	10	10.99	81	89.01	91	100.00	0	0.00	91
	0.13
Walgett	No	256	23.02	856	76.98	1112	99.37	7	0.63	1119	1.60
Warialda	No	276	25.94	788	74.06	1064	99.16	9	0.84	1073	1.54
Warialda Rail	No	9	15.00	51	85.00	60	100.00	0	0.00	60
	0.09
Wee Waa	No	316	23.17	1048	76.83	1364	99.49	7	0.51	1371	1.96
Wellington	No	620	30.30	1426	69.70	2046	99.32	14	0.68	2060	2.95
Wellington Hospital	No	233	31.11	516	68.89	749	99.07	7	0.93
	756	1.08
Werris Creek	No	320	33.09	647	66.91	967	99.38	6	0.62	973
	1.39
Windeyer	No	42	24.00	133	76.00	175	100.00	0	0.00	175
	0.25
Wollar	No	46	30.46	105	69.54	151	98.69	2	1.31	153	0.22
Yetman	No	24	15.79	128	84.21	152	100.00	0	0.00	152
	0.22
Special Hospitals	No	146	24.54	449	75.46	595	98.84	7	1.16	602
	0.86
Total Ordinary	No	15549	27.38	41232	72.62	56781	99.36	368	0.64	57149
	81.91
ABSENT	No	1808	34.65	3410	65.35	5218	99.52	25	0.48	5243	7.51
POSTAL	No	635	23.24	2097	76.76	2732	99.74	7	0.26	2739	3.93
PRE_POLL	No	1137	27.14	3053	72.86	4190	99.62	16	0.38	4206	6.03
PROVISIONAL	No	145	33.41	289	66.59	434	99.54	2	0.46	436	0.62
Division Summary	No	19274	27.79	50081	72.21	69355	99.40	418	0.60	69773
	94.75
