Referendum: 6 November 1999									
		
Referendum Results										
	
By Division by Polling Place									
		

"A proposed law for the Alteration of the Constitution, entitled"			
								
   the Constitutional Alteration (Establishment of Republic) 1999			
								
											
											
New South Wales											
Chifley (83852)											

		Yes		No		Formal		Informal		Total	
Polling Place		Votes	%	Votes	%	Votes	%	Votes	%	Votes	%
Bennett Road	No	1679	40.65	2451	59.35	4130	98.66	56	1.34	4186
	5.25
Bidwill	No	794	37.09	1347	62.91	2141	98.21	39	1.79	2180	2.73
Blackett	No	770	39.09	1200	60.91	1970	98.65	27	1.35	1997	2.50
Blacktown West (Chifley)	No	296	47.59	326	52.41	622	98.89	7
	1.11	629	0.79
Clairgate	No	1018	44.91	1249	55.09	2267	98.82	27	1.18	2294	2.88
Dharruk	No	692	41.36	981	58.64	1673	98.76	21	1.24	1694	2.12
Doonside	No	772	44.70	955	55.30	1727	98.46	27	1.54	1754	2.20
Doonside North	No	1573	46.75	1792	53.25	3365	98.80	41	1.20	3406
	4.27
Eastern Creek	No	214	36.21	377	63.79	591	98.99	6	1.01	597
	0.75
Emerton	No	386	37.70	638	62.30	1024	98.27	18	1.73	1042	1.31
Erskine Park	No	1460	45.74	1732	54.26	3192	98.92	35	1.08	3227
	4.05
Glendenning	No	1024	45.29	1237	54.71	2261	98.91	25	1.09	2286	2.87
Hassall Grove	No	1386	46.37	1603	53.63	2989	98.91	33	1.09	3022
	3.79
Hebersham	No	847	40.84	1227	59.16	2074	98.90	23	1.10	2097	2.63
Lethbridge Park	No	878	37.36	1472	62.64	2350	98.37	39	1.63	2389
	3.00
Madang	No	274	37.59	455	62.41	729	99.59	3	0.41	732	0.92
Minchinbury	No	1262	47.59	1390	52.41	2652	99.07	25	0.93	2677	3.36
Mount Druitt Hospital	No	219	43.98	279	56.02	498	98.61	7	1.39
	505	0.63
Mount Druitt North	No	746	43.07	986	56.93	1732	98.47	27	1.53
	1759	2.21
Mount Druitt South	No	1216	44.90	1492	55.10	2708	98.40	44	1.60
	2752	3.45
O.L.C. Home	No	281	42.38	382	57.62	663	99.10	6	0.90	669	0.84
Oxley Park	No	1004	40.53	1473	59.47	2477	98.76	31	1.24	2508	3.14
Plumpton	No	1797	46.34	2081	53.66	3878	98.85	45	1.15	3923	4.92
Rooty Hill North	No	1396	43.80	1791	56.20	3187	98.27	56	1.73	3243
	4.07
Rooty Hill South	No	797	47.10	895	52.90	1692	99.06	16	0.94	1708
	2.14
St Marys	No	523	38.20	846	61.80	1369	98.49	21	1.51	1390	1.74
St Marys North	No	748	35.81	1341	64.19	2089	98.72	27	1.28	2116
	2.65
St Marys South	No	1075	42.26	1469	57.74	2544	98.80	31	1.20	2575
	3.23
Shalvey	No	613	36.71	1057	63.29	1670	98.93	18	1.07	1688	2.12
Sydney (Chifley)	Yes	54	51.43	51	48.57	105	100.00	0	0.00
	105	0.13
Tregear	No	742	39.62	1131	60.38	1873	98.89	21	1.11	1894	2.37
Walters Road (Chifley)	No	1149	47.72	1259	52.28	2408	98.73	31	1.27
	2439	3.06
Whalan	No	621	33.99	1206	66.01	1827	99.40	11	0.60	1838	2.30
Willmot	No	443	33.28	888	66.72	1331	97.80	30	2.20	1361	1.71
Special Hospitals	No	13	50.00	13	50.00	26	96.30	1	3.70	27
	0.03
Total Ordinary	No	28762	42.40	39072	57.60	67834	98.73	875	1.27	68709
	86.14
ABSENT	No	2338	40.97	3369	59.03	5707	99.44	32	0.56	5739	7.19
POSTAL	No	555	34.54	1052	65.46	1607	99.50	8	0.50	1615	2.02
PRE_POLL	No	1337	43.14	1762	56.86	3099	99.52	15	0.48	3114	3.90
PROVISIONAL	No	238	40.75	346	59.25	584	99.15	5	0.85	589	0.74
Division Summary	No	33230	42.15	45601	57.85	78831	98.83	935	1.17	79766
	95.13
