Referendum: 6 November 1999									
		
Referendum Results										
	
By Division by Polling Place									
		

"A proposed law for the Alteration of the Constitution, entitled"			
								
   the Constitutional Alteration (Preamble) 1999					
						
											
											
Victoria											
Mallee (81578)											

		Yes		No		Formal		Informal		Total	
Polling Place		                                                             
Votes	%	Votes	%	Votes	%	Votes	%	Votes	%
Antwerp	No	23	20.91	87	79.09	110	99.10	1	0.90	111	0.14
Apsley	No	87	24.17	273	75.83	360	100.00	0	0.00	360
	0.46
Berriwillock	No	39	25.49	114	74.51	153	100.00	0	0.00
	153	0.20
Beulah	No	82	26.03	233	73.97	315	100.00	0	0.00	315
	0.40
Beverford	No	89	27.38	236	72.62	325	99.39	2	0.61	327	0.42
Birchip	No	159	23.38	521	76.62	680	99.85	1	0.15	681	0.87
Boundary Bend	No	25	21.55	91	78.45	116	100.00	0	0.00
	116	0.15
Brim	No	40	21.62	145	78.38	185	99.46	1	0.54	186	0.24
Brimpaen	No	21	33.33	42	66.67	63	100.00	0	0.00	63
	0.08
Cabarita	No	132	27.10	355	72.90	487	98.78	6	1.22	493	0.63
Cardross	No	164	34.97	305	65.03	469	99.58	2	0.42	471	0.60
Charlton	No	232	25.52	677	74.48	909	99.45	5	0.55	914	1.17
Culgoa	No	43	34.40	82	65.60	125	100.00	0	0.00	125
	0.16
Cullulleraine	No	26	30.23	60	69.77	86	97.73	2	2.27	88
	0.11
Dadswells Bridge	No	27	29.35	65	70.65	92	100.00	0	0.00	92
	0.12
Dimboola	No	247	21.40	907	78.60	1154	98.89	13	1.11	1167	1.49
Donald	No	286	24.16	898	75.84	1184	99.66	4	0.34	1188	1.52
Dooen	No	36	24.16	113	75.84	149	100.00	0	0.00	149	0.19
Douglas	No	8	11.94	59	88.06	67	100.00	0	0.00	67
	0.09
Edenhope	No	166	19.95	666	80.05	832	99.52	4	0.48	836	1.07
Gerang Gerung	No	20	20.62	77	79.38	97	100.00	0	0.00	97
	0.12
Goroke	No	60	16.85	296	83.15	356	98.61	5	1.39	361	0.46
Harrow	No	42	21.65	152	78.35	194	100.00	0	0.00	194
	0.25
Haven	No	130	23.42	425	76.58	555	99.28	4	0.72	559	0.71
Hopetoun	No	135	21.84	483	78.16	618	99.20	5	0.80	623	0.79
Horsham	No	985	25.66	2853	74.34	3838	99.15	33	0.85	3871	4.94
Horsham North	No	308	20.45	1198	79.55	1506	99.21	12	0.79	1518
	1.94
Horsham West	No	483	25.71	1396	74.29	1879	99.52	9	0.48	1888
	2.41
Irymple	No	596	29.26	1441	70.74	2037	98.55	30	1.45	2067	2.64
Jeparit	No	85	21.52	310	78.48	395	100.00	0	0.00	395
	0.50
Jung	No	24	26.09	68	73.91	92	100.00	0	0.00	92	0.12
Kaniva	No	154	20.73	589	79.27	743	99.07	7	0.93	750	0.96
Koorlong	No	86	27.83	223	72.17	309	99.04	3	0.96	312	0.40
Laharum	No	42	28.19	107	71.81	149	100.00	0	0.00	149
	0.19
Lake Boga	No	204	27.57	536	72.43	740	99.20	6	0.80	746	0.95
Lascelles	No	15	25.00	45	75.00	60	100.00	0	0.00	60
	0.08
Litchfield	No	11	13.58	70	86.42	81	97.59	2	2.41	83	0.11
Manangatang	No	74	21.76	266	78.24	340	99.42	2	0.58	342	0.44
Melbourne (Mallee)	No	27	45.76	32	54.24	59	100.00	0
	0.00	59	0.08
Merbein	No	466	25.75	1344	74.25	1810	99.07	17	0.93	1827	2.33
Merbein South	No	40	22.99	134	77.01	174	98.86	2	1.14	176
	0.22
Merbein West	No	56	28.00	144	72.00	200	99.01	2	0.99	202
	0.26
Meringur	No	16	20.78	61	79.22	77	100.00	0	0.00	77
	0.10
Mildura	No	1308	27.96	3370	72.04	4678	98.88	53	1.12	4731	6.03
Mildura Base Hospital	No	89	31.90	190	68.10	279	99.64	1	0.36
	280	0.36
Mildura City Central	No	407	29.73	962	70.27	1369	99.06	13	0.94
	1382	1.76
Mildura Deakin	No	962	31.16	2125	68.84	3087	98.97	32	1.03	3119
	3.98
Mildura South	No	709	34.81	1328	65.19	2037	98.79	25	1.21	2062
	2.63
Mildura West	No	932	32.89	1902	67.11	2834	98.78	35	1.22	2869
	3.66
Minimay	No	17	15.74	91	84.26	108	100.00	0	0.00	108
	0.14
Minyip	No	106	20.74	405	79.26	511	100.00	0	0.00	511
	0.65
Murra Warra	No	16	15.38	88	84.62	104	100.00	0	0.00	104
	0.13
Murrayville	No	75	22.26	262	77.74	337	99.70	1	0.30	338	0.43
Murtoa	No	214	30.70	483	69.30	697	99.57	3	0.43	700	0.89
Nandaly	No	21	27.27	56	72.73	77	100.00	0	0.00	77
	0.10
Nangiloc	No	105	31.44	229	68.56	334	98.82	4	1.18	338	0.43
Natimuk	No	114	22.71	388	77.29	502	98.62	7	1.38	509	0.65
Netherby	No	17	16.19	88	83.81	105	100.00	0	0.00	105
	0.13
Nhill	No	361	23.05	1205	76.95	1566	99.24	12	0.76	1578	2.01
Nichols Point	No	264	32.51	548	67.49	812	98.90	9	1.10	821
	1.05
Noradjuha	No	16	15.84	85	84.16	101	100.00	0	0.00	101
	0.13
Nullawil	No	23	22.33	80	77.67	103	99.04	1	0.96	104	0.13
Nyah	No	95	22.67	324	77.33	419	99.05	4	0.95	423	0.54
Nyah West	No	101	20.36	395	79.64	496	99.40	3	0.60	499	0.64
Ouyen	No	191	21.93	680	78.07	871	99.09	8	0.91	879	1.12
Patchewollock	No	34	27.20	91	72.80	125	100.00	0	0.00
	125	0.16
Piangil	No	74	23.05	247	76.95	321	98.47	5	1.53	326	0.42
Pimpinio	No	24	18.60	105	81.40	129	100.00	0	0.00	129
	0.16
Quantong	No	34	17.53	160	82.47	194	100.00	0	0.00	194
	0.25
Rainbow	No	101	18.20	454	81.80	555	99.82	1	0.18	556	0.71
Red Cliffs	No	709	27.11	1906	72.89	2615	98.94	28	1.06	2643	3.37
Riverside	No	31	17.92	142	82.08	173	100.00	0	0.00	173
	0.22
Robinvale	No	477	28.03	1225	71.97	1702	98.78	21	1.22	1723	2.20
Rupanyup	No	100	26.04	284	73.96	384	98.97	4	1.03	388	0.49
St Arnaud	No	485	24.80	1471	75.20	1956	99.24	15	0.76	1971	2.51
Sea Lake	No	120	22.06	424	77.94	544	98.55	8	1.45	552	0.70
Serviceton	No	19	15.45	104	84.55	123	98.40	2	1.60	125	0.16
Speed	No	34	20.48	132	79.52	166	98.22	3	1.78	169	0.22
Stuart Mill	No	9	11.11	72	88.89	81	100.00	0	0.00	81
	0.10
Sunnycliffs	No	44	27.16	118	72.84	162	100.00	0	0.00	162
	0.21
Swan Hill	No	869	27.07	2341	72.93	3210	98.95	34	1.05	3244	4.14
Swan Hill South	No	350	31.36	766	68.64	1116	99.64	4	0.36	1120
	1.43
Swan Hill West	No	371	24.68	1132	75.32	1503	98.95	16	1.05	1519
	1.94
Toolondo	No	28	20.59	108	79.41	136	100.00	0	0.00	136
	0.17
Ultima	No	37	22.02	131	77.98	168	99.41	1	0.59	169	0.22
Underbool	No	43	17.84	198	82.16	241	98.77	3	1.23	244	0.31
Walpeup	No	48	30.97	107	69.03	155	98.73	2	1.27	157	0.20
Warracknabeal	No	423	22.99	1417	77.01	1840	99.51	9	0.49	1849
	2.36
Watchem	No	20	13.61	127	86.39	147	100.00	0	0.00	147
	0.19
Wemen	No	22	21.57	80	78.43	102	100.00	0	0.00	102	0.13
Werrimull	No	29	22.48	100	77.52	129	98.47	2	1.53	131	0.17
Wimmera Base Hospital	No	142	30.34	326	69.66	468	99.79	1	0.21
	469	0.60
Wonwondah North	No	23	24.73	70	75.27	93	100.00	0	0.00	93
	0.12
Woomelang	No	78	30.59	177	69.41	255	99.61	1	0.39	256	0.33
Woorinen	No	90	23.81	288	76.19	378	97.93	8	2.07	386	0.49
Wycheproof	No	148	24.26	462	75.74	610	99.03	6	0.97	616	0.79
Yaapeet	No	10	13.89	62	86.11	72	100.00	0	0.00	72
	0.09
Yanac	No	16	16.49	81	83.51	97	98.98	1	1.02	98	0.12
Special Hospitals	No	157	27.50	414	72.50	571	97.77	13	2.23	584
	0.74
Total Ordinary	No	17333	26.22	48785	73.78	66118	99.13	579	0.87	66697
	85.07
ABSENT	No	1320	35.86	2361	64.14	3681	99.57	16	0.43	3697	4.72
POSTAL	No	542	24.70	1652	75.30	2194	99.55	10	0.45	2204	2.81
PRE_POLL	No	1720	30.34	3949	69.66	5669	99.61	22	0.39	5691	7.26
PROVISIONAL	No	45	39.82	68	60.18	113	100.00	0	0.00	113
	0.14
Division Summary	No	20960	26.95	56815	73.05	77775	99.20	627	0.80	78402
	96.11
