Referendum: 6 November 1999									
		
Referendum Results										
	
By Division by Polling Place									
		

"A proposed law for the Alteration of the Constitution, entitled"			
								
   the Constitutional Alteration (Establishment of Republic) 1999			
								
											
											
New South Wales											
Macarthur (96198)											

		Yes		No		Formal		Informal		Total	
Polling Place		Votes	%	Votes	%	Votes	%	Votes	%	Votes	%
Airds (Macarthur)	No	89	33.71	175	66.29	264	98.51	4	1.49	268
	0.29
Ambarvale	No	1562	43.22	2052	56.78	3614	99.01	36	0.99	3650	3.96
Ambarvale West	No	882	45.56	1054	54.44	1936	98.98	20	1.02	1956
	2.12
Appin	No	362	37.71	598	62.29	960	99.38	6	0.62	966	1.05
Austral	No	626	42.01	864	57.99	1490	98.54	22	1.46	1512	1.64
Badgerys Creek	No	77	31.30	169	68.70	246	99.19	2	0.81	248
	0.27
Bargo	No	649	36.10	1149	63.90	1798	99.01	18	0.99	1816	1.97
Berrima	No	177	42.24	242	57.76	419	100.00	0	0.00	419
	0.45
Bowral	No	1365	45.23	1653	54.77	3018	99.47	16	0.53	3034	3.29
Bowral South	No	775	43.96	988	56.04	1763	99.27	13	0.73	1776
	1.93
Bradbury (Macarthur)	No	1620	40.25	2405	59.75	4025	98.94	43	1.06
	4068	4.42
Bradbury East	No	26	46.43	30	53.57	56	100.00	0	0.00	56
	0.06
Bradbury South	No	661	38.81	1042	61.19	1703	99.24	13	0.76	1716
	1.86
Bringelly	No	494	39.97	742	60.03	1236	99.04	12	0.96	1248	1.36
Buxton	No	327	39.21	507	60.79	834	99.52	4	0.48	838	0.91
Camden	No	731	39.90	1101	60.10	1832	99.67	6	0.33	1838	2.00
Camden Downs	No	416	37.51	693	62.49	1109	99.46	6	0.54	1115
	1.21
Camden East	No	634	40.46	933	59.54	1567	98.99	16	1.01	1583	1.72
Camden Hospital	No	61	34.46	116	65.54	177	99.44	1	0.56	178
	0.19
Camden South	No	1003	40.48	1475	59.52	2478	98.92	27	1.08	2505
	2.72
Campbelltown (Macarthur)	No	196	40.25	291	59.75	487	98.98	5
	1.02	492	0.53
Carrington Hospital	No	130	28.20	331	71.80	461	100.00	0
	0.00	461	0.50
Catherine Field	No	312	39.15	485	60.85	797	98.40	13	1.60	810
	0.88
Cawdor	No	143	32.35	299	67.65	442	98.88	5	1.12	447	0.49
Cecil Hills	Yes	1046	52.35	952	47.65	1998	98.91	22	1.09	2020	2.19
Cobbitty	No	232	35.91	414	64.09	646	99.85	1	0.15	647	0.70
Colo Vale	No	347	45.30	419	54.70	766	99.35	5	0.65	771	0.84
Currans Hill	No	427	35.38	780	64.62	1207	99.10	11	0.90	1218
	1.32
Douglas Park	No	279	37.80	459	62.20	738	99.33	5	0.67	743
	0.81
Glenquarry	No	45	43.27	59	56.73	104	99.05	1	0.95	105	0.11
Greenway Park	Yes	291	50.09	290	49.91	581	99.32	4	0.68	585
	0.64
Harbison Village	No	182	38.72	288	61.28	470	98.95	5	1.05	475
	0.52
Harrington Park	No	326	40.25	484	59.75	810	99.26	6	0.74	816
	0.89
Hilltop	No	389	39.21	603	60.79	992	99.20	8	0.80	1000	1.09
Kangaloon	No	62	49.60	63	50.40	125	99.21	1	0.79	126	0.14
Kemps Creek (Macarthur)	No	286	35.97	509	64.03	795	98.39	13	1.61
	808	0.88
Leppington	No	422	36.60	731	63.40	1153	98.38	19	1.62	1172	1.27
Luddenham	No	112	27.12	301	72.88	413	98.80	5	1.20	418	0.45
Menangle	No	179	32.55	371	67.45	550	99.28	4	0.72	554	0.60
Mittagong	No	1110	44.58	1380	55.42	2490	99.48	13	0.52	2503	2.72
Mittagong South	No	366	44.53	456	55.47	822	99.52	4	0.48	826
	0.90
Mount Annan	No	1086	45.40	1306	54.60	2392	99.29	17	0.71	2409	2.62
Mount Hunter	No	185	36.13	327	63.87	512	99.61	2	0.39	514
	0.56
Narellan	No	696	34.90	1298	65.10	1994	98.86	23	1.14	2017	2.19
Narellan Vale	No	1385	42.39	1882	57.61	3267	99.12	29	0.88	3296
	3.58
Oakdale	No	343	37.86	563	62.14	906	98.80	11	1.20	917	1.00
Orangeville	No	120	27.65	314	72.35	434	99.31	3	0.69	437	0.47
Picton	No	859	40.65	1254	59.35	2113	99.30	15	0.70	2128	2.31
Rosemeadow	No	1243	41.78	1732	58.22	2975	98.48	46	1.52	3021	3.28
Rossmore	No	485	39.46	744	60.54	1229	98.40	20	1.60	1249	1.36
St Helens Park	No	389	39.37	599	60.63	988	99.30	7	0.70	995
	1.08
Silverdale	No	179	29.44	429	70.56	608	98.06	12	1.94	620	0.67
Sydney (Macarthur)	Yes	52	59.77	35	40.23	87	98.86	1	1.14	88
	0.10
Tahmoor	No	971	36.11	1718	63.89	2689	99.19	22	0.81	2711	2.94
The Oaks	No	557	36.41	973	63.59	1530	98.27	27	1.73	1557	1.69
Theresa Park	No	129	38.05	210	61.95	339	99.71	1	0.29	340
	0.37
Thirlmere	No	783	39.63	1193	60.37	1976	99.10	18	0.90	1994	2.17
Wallacia	No	218	31.32	478	68.68	696	99.29	5	0.71	701	0.76
Warragamba	No	594	36.60	1029	63.40	1623	99.14	14	0.86	1637	1.78
Wedderburn	No	138	44.37	173	55.63	311	99.36	2	0.64	313	0.34
Welby	No	257	35.55	466	64.45	723	99.04	7	0.96	730	0.79
West Hoxton	No	192	33.92	374	66.08	566	98.26	10	1.74	576	0.63
Wilton	No	285	40.14	425	59.86	710	99.72	2	0.28	712	0.77
Yanderra	No	119	38.89	187	61.11	306	99.35	2	0.65	308	0.33
Yerrinbool	No	200	41.15	286	58.85	486	99.39	3	0.61	489	0.53
Special Hospitals	No	159	37.06	270	62.94	429	99.77	1	0.23	430
	0.47
Total Ordinary	No	31043	40.18	46218	59.82	77261	99.08	715	0.92	77976
	84.67
ABSENT	No	2812	42.62	3786	57.38	6598	99.40	40	0.60	6638	7.21
POSTAL	No	582	31.29	1278	68.71	1860	99.52	9	0.48	1869	2.03
PRE_POLL	No	2066	40.66	3015	59.34	5081	99.26	38	0.74	5119	5.56
PROVISIONAL	No	191	39.22	296	60.78	487	99.39	3	0.61	490	0.53
Division Summary	No	36694	40.20	54593	59.80	91287	99.13	805	0.87	92092
	95.73
