Referendum: 6 November 1999									
		
Referendum Results										
	
By Division by Polling Place									
		

"A proposed law for the Alteration of the Constitution, entitled"			
								
   the Constitutional Alteration (Preamble) 1999					
						
											
											
Queensland											
Wide Bay (78425)											

		Yes		No		Formal		Informal		Total	
Polling Place		                                                             
Votes	%	Votes	%	Votes	%	Votes	%	Votes	%
Baddow	No	402	19.83	1625	80.17	2027	99.61	8	0.39	2035	2.73
Banana	No	25	15.34	138	84.66	163	100.00	0	0.00	163
	0.22
Bancroft	No	8	7.41	100	92.59	108	100.00	0	0.00	108
	0.14
Baralaba	No	44	15.55	239	84.45	283	100.00	0	0.00	283
	0.38
Bauple	No	77	25.16	229	74.84	306	99.03	3	0.97	309	0.41
Bell Hilltop	No	298	21.52	1087	78.48	1385	99.28	10	0.72	1395
	1.87
Biggenden	No	108	13.86	671	86.14	779	99.62	3	0.38	782	1.05
Biloela	No	839	24.40	2599	75.60	3438	99.25	26	0.75	3464	4.64
Binjour	No	20	15.50	109	84.50	129	100.00	0	0.00	129
	0.17
Boondooma	No	29	21.64	105	78.36	134	98.53	2	1.47	136	0.18
Boonooroo	No	77	21.45	282	78.55	359	99.17	3	0.83	362	0.49
Brisbane City (Wide Bay)	No	24	36.92	41	63.08	65	100.00	0
	0.00	65	0.09
Brooweena	No	24	13.71	151	86.29	175	99.43	1	0.57	176	0.24
Bullyard	No	42	19.00	179	81.00	221	100.00	0	0.00	221
	0.30
Burrum Heads	No	85	15.86	451	84.14	536	99.63	2	0.37	538
	0.72
Cherbourg	No	92	23.53	299	76.47	391	99.24	3	0.76	394	0.53
Cloyna	No	33	16.10	172	83.90	205	100.00	0	0.00	205
	0.27
Coalstoun Lakes	No	26	24.76	79	75.24	105	100.00	0	0.00
	105	0.14
Curra	No	85	19.95	341	80.05	426	99.07	4	0.93	430	0.58
Dululu	No	15	13.27	98	86.73	113	100.00	0	0.00	113
	0.15
Dundowran	No	186	24.54	572	75.46	758	99.74	2	0.26	760	1.02
Eidsvold	No	72	16.11	375	83.89	447	99.55	2	0.45	449	0.60
Gayndah	No	230	17.29	1100	82.71	1330	98.88	15	1.12	1345	1.80
Gin Gin	No	266	18.81	1148	81.19	1414	99.44	8	0.56	1422	1.91
Glenwood	No	52	16.46	264	83.54	316	99.37	2	0.63	318	0.43
Goomeri	No	55	12.79	375	87.21	430	100.00	0	0.00	430
	0.58
Goovigen	No	17	10.06	152	89.94	169	99.41	1	0.59	170	0.23
Granville	No	407	22.01	1442	77.99	1849	99.30	13	0.70	1862	2.49
Gunalda	No	69	19.66	282	80.34	351	100.00	0	0.00	351
	0.47
Gundiah	No	19	13.87	118	86.13	137	98.56	2	1.44	139	0.19
Howard	No	246	20.92	930	79.08	1176	99.49	6	0.51	1182	1.58
Jambin	No	23	10.80	190	89.20	213	100.00	0	0.00	213
	0.29
Kawungan	No	716	28.24	1819	71.76	2535	99.29	18	0.71	2553	3.42
Kilkivan	No	85	19.23	357	80.77	442	99.33	3	0.67	445	0.60
Lawgi	No	14	13.59	89	86.41	103	100.00	0	0.00	103	0.14
Maryborough	No	885	22.76	3003	77.24	3888	99.08	36	0.92	3924	5.26
Maryborough West	No	479	20.77	1827	79.23	2306	99.23	18	0.77	2324
	3.11
Mondure	No	26	13.27	170	86.73	196	100.00	0	0.00	196
	0.26
Monto	No	163	15.16	912	84.84	1075	99.72	3	0.28	1078	1.44
Moonford	No	23	25.84	66	74.16	89	100.00	0	0.00	89
	0.12
Mount Perry	No	38	15.08	214	84.92	252	99.21	2	0.79	254	0.34
Moura	No	310	29.44	743	70.56	1053	99.43	6	0.57	1059	1.42
Mulgildie	No	37	14.68	215	85.32	252	99.60	1	0.40	253	0.34
Mundubbera	No	207	18.65	903	81.35	1110	99.28	8	0.72	1118	1.50
Mungar	No	69	18.25	309	81.75	378	100.00	0	0.00	378
	0.51
Murgon	No	273	16.95	1338	83.05	1611	99.51	8	0.49	1619	2.17
Pialba	No	878	26.09	2487	73.91	3365	99.32	23	0.68	3388	4.54
Point Vernon	No	443	25.91	1267	74.09	1710	99.19	14	0.81	1724
	2.31
Proston	No	59	14.60	345	85.40	404	99.75	1	0.25	405	0.54
Rainbow Beach	No	129	27.98	332	72.02	461	99.57	2	0.43	463
	0.62
St Helens	No	130	20.47	505	79.53	635	98.76	8	1.24	643	0.86
Scarness	No	263	22.85	888	77.15	1151	99.31	8	0.69	1159	1.55
Tansey	No	27	17.53	127	82.47	154	98.72	2	1.28	156	0.21
Thangool	No	81	19.33	338	80.67	419	99.52	2	0.48	421	0.56
Theodore	No	73	12.61	506	87.39	579	98.97	6	1.03	585	0.78
Tiaro	No	94	20.13	373	79.87	467	98.94	5	1.06	472	0.63
Tinana	No	423	20.12	1679	79.88	2102	99.48	11	0.52	2113	2.83
Tin Can Bay	No	373	24.90	1125	75.10	1498	99.67	5	0.33	1503	2.01
Toogoom	No	146	28.29	370	71.71	516	99.61	2	0.39	518	0.69
Torbanlea	No	72	17.65	336	82.35	408	99.51	2	0.49	410	0.55
Torquay	No	973	26.02	2767	73.98	3740	99.31	26	0.69	3766	5.05
Urangan	No	980	26.50	2718	73.50	3698	99.22	29	0.78	3727	4.99
Urraween	No	332	23.87	1059	76.13	1391	99.29	10	0.71	1401	1.88
Wallaville	No	39	13.40	252	86.60	291	99.32	2	0.68	293	0.39
Widgee	No	66	21.85	236	78.15	302	96.49	11	3.51	313	0.42
Wondai	No	224	17.09	1087	82.91	1311	99.54	6	0.46	1317	1.76
Wonga Lower	No	54	24.77	164	75.23	218	100.00	0	0.00	218
	0.29
Woolooga	No	19	14.84	109	85.16	128	100.00	0	0.00	128
	0.17
Wowan	No	28	11.24	221	88.76	249	99.20	2	0.80	251	0.34
Special Hospitals	No	65	26.10	184	73.90	249	100.00	0	0.00
	249	0.33
Total Ordinary	No	13291	21.91	47383	78.09	60674	99.35	396	0.65	61070
	81.82
ABSENT	No	1558	27.32	4144	72.68	5702	99.55	26	0.45	5728	7.67
POSTAL	No	877	21.79	3148	78.21	4025	99.53	19	0.47	4044	5.42
PRE_POLL	No	975	27.86	2525	72.14	3500	99.54	16	0.46	3516	4.71
PROVISIONAL	No	75	26.88	204	73.12	279	99.29	2	0.71	281	0.38
Division Summary	No	16776	22.62	57404	77.38	74180	99.39	459	0.61	74639
	95.17
