Referendum: 6 November 1999									
		
Referendum Results										
	
By Division by Polling Place									
		

"A proposed law for the Alteration of the Constitution, entitled"			
								
   the Constitutional Alteration (Establishment of Republic) 1999			
								
											
											
New South Wales											
Newcastle (78388)											

		Yes		No		Formal		Informal		Total	
Polling Place		Votes	%	Votes	%	Votes	%	Votes	%	Votes	%
Adamstown	Yes	1112	51.60	1043	48.40	2155	99.03	21	0.97	2176	2.91
Adamstown Heights	Yes	1406	54.64	1167	45.36	2573	99.08	24	0.92	2597
	3.48
Adamstown North	No	574	46.78	653	53.22	1227	98.95	13	1.05	1240
	1.66
Adamstown West	Yes	226	53.94	193	46.06	419	99.29	3	0.71	422
	0.57
Beaumont Park	No	390	41.10	559	58.90	949	98.96	10	1.04	959
	1.28
Birmingham Gardens	No	351	43.07	464	56.93	815	99.27	6	0.73
	821	1.10
Birmingham Gardens North	No	419	40.76	609	59.24	1028	99.13	9
	0.87	1037	1.39
Carrington	No	435	46.13	508	53.87	943	98.74	12	1.26	955	1.28
Cooks Hill	Yes	558	65.03	300	34.97	858	99.19	7	0.81	865	1.16
Cooks Hill South	Yes	1227	58.96	854	41.04	2081	99.00	21	1.00	2102
	2.81
Garden Suburb (Newcastle)	No	132	47.83	144	52.17	276	100.00	0
	0.00	276	0.37
Georgetown	No	527	48.71	555	51.29	1082	99.54	5	0.46	1087	1.46
Hamilton	Yes	1018	61.92	626	38.08	1644	99.04	16	0.96	1660	2.22
Hamilton Central	Yes	816	59.61	553	40.39	1369	99.35	9	0.65	1378
	1.85
Hamilton North	Yes	352	55.52	282	44.48	634	98.45	10	1.55	644
	0.86
Hamilton South	Yes	1411	61.86	870	38.14	2281	99.26	17	0.74	2298
	3.08
Islington	No	327	48.81	343	51.19	670	99.11	6	0.89	676	0.91
Jesmond	No	405	48.62	428	51.38	833	99.28	6	0.72	839	1.12
Jesmond North	No	600	48.70	632	51.30	1232	99.68	4	0.32	1236
	1.66
Kotara	No	284	48.88	297	51.12	581	99.49	3	0.51	584	0.78
Kotara East	Yes	441	52.38	401	47.62	842	99.64	3	0.36	845	1.13
Kotara South	Yes	910	53.72	784	46.28	1694	99.41	10	0.59	1704
	2.28
Lambton	No	1042	47.30	1161	52.70	2203	99.46	12	0.54	2215	2.97
Lambton East	No	525	48.61	555	51.39	1080	99.08	10	0.92	1090
	1.46
Maryville Wickham	No	395	47.48	437	52.52	832	99.17	7	0.83	839
	1.12
Mayfield	No	822	44.77	1014	55.23	1836	99.08	17	0.92	1853	2.48
Mayfield East	No	613	45.14	745	54.86	1358	99.34	9	0.66	1367
	1.83
Mayfield South	No	845	42.46	1145	57.54	1990	99.10	18	0.90	2008
	2.69
Mayfield West	No	1130	44.18	1428	55.82	2558	98.88	29	1.12	2587
	3.46
Merewether	No	474	49.17	490	50.83	964	99.08	9	0.92	973	1.30
Merewether Heights	Yes	742	57.12	557	42.88	1299	99.54	6	0.46
	1305	1.75
Merewether South	Yes	1397	60.37	917	39.63	2314	99.36	15	0.64	2329
	3.12
Merewether West	Yes	597	58.82	418	41.18	1015	99.61	4	0.39	1019
	1.36
Newcastle	Yes	718	62.27	435	37.73	1153	99.14	10	0.86	1163	1.56
New Lambton	Yes	1647	53.88	1410	46.12	3057	99.35	20	0.65	3077	4.12
New Lambton Central	No	508	47.26	567	52.74	1075	99.54	5	0.46
	1080	1.45
New Lambton South	No	747	48.44	795	51.56	1542	98.66	21	1.34	1563
	2.09
Shortland	No	556	41.00	800	59.00	1356	98.98	14	1.02	1370	1.83
Stockton	No	332	43.34	434	56.66	766	98.84	9	1.16	775	1.04
Stockton North	No	195	42.12	268	57.88	463	98.72	6	1.28	469
	0.63
Stockton South	No	583	47.71	639	52.29	1222	99.03	12	0.97	1234
	1.65
Sydney (Newcastle)	Yes	55	71.43	22	28.57	77	98.72	1	1.28	78
	0.10
The Junction	Yes	1352	57.51	999	42.49	2351	98.91	26	1.09	2377
	3.18
Tighes Hill	Yes	631	53.79	542	46.21	1173	99.24	9	0.76	1182	1.58
Waratah	Yes	1008	56.79	767	43.21	1775	98.83	21	1.17	1796	2.41
Waratah Central	No	261	42.72	350	57.28	611	98.39	10	1.61	621
	0.83
Waratah South	No	223	44.87	274	55.13	497	99.20	4	0.80	501
	0.67
Waratah West	No	611	49.19	631	50.81	1242	98.89	14	1.11	1256
	1.68
Special Hospitals	No	179	38.74	283	61.26	462	98.93	5	1.07	467
	0.63
Total Ordinary	Yes	32109	51.41	30348	48.59	62457	99.15	538	0.85	62995
	84.36
ABSENT	Yes	2703	54.77	2232	45.23	4935	99.64	18	0.36	4953	6.63
POSTAL	No	1090	35.77	1957	64.23	3047	99.61	12	0.39	3059	4.10
PRE_POLL	Yes	1806	51.63	1692	48.37	3498	99.49	18	0.51	3516	4.71
PROVISIONAL	Yes	89	58.55	63	41.45	152	98.70	2	1.30	154	0.21
Division Summary	Yes	37797	51.02	36292	48.98	74089	99.21	588	0.79	74677
	95.27
