Referendum: 6 November 1999									
		
Referendum Results										
	
By Division by Polling Place									
		

"A proposed law for the Alteration of the Constitution, entitled"			
								
   the Constitutional Alteration (Establishment of Republic) 1999			
								
											
											
New South Wales											
Eden-Monaro (80101)										
	

		Yes		No		Formal		Informal		Total	
Polling Place		Votes	%	Votes	%	Votes	%	Votes	%	Votes	%
Adaminaby	No	108	35.06	200	64.94	308	99.04	3	0.96	311	0.41
Araluen	No	35	42.68	47	57.32	82	98.80	1	1.20	83	0.11
Batehaven	No	543	44.18	686	55.82	1229	99.11	11	0.89	1240	1.62
Batemans Bay	No	1203	42.66	1617	57.34	2820	99.09	26	0.91	2846
	3.72
Bega	No	735	34.47	1397	65.53	2132	99.16	18	0.84	2150	2.81
Bega Central	No	363	34.80	680	65.20	1043	99.33	7	0.67	1050
	1.37
Bemboka	No	127	35.18	234	64.82	361	99.45	2	0.55	363	0.47
Bermagui	No	640	49.12	663	50.88	1303	99.16	11	0.84	1314	1.72
Berridale	No	272	42.30	371	57.70	643	99.38	4	0.62	647	0.85
Bibbenluke	No	45	32.37	94	67.63	139	99.29	1	0.71	140	0.18
Bimbimbie	No	109	34.71	205	65.29	314	98.74	4	1.26	318	0.42
Bodalla	No	220	44.99	269	55.01	489	98.59	7	1.41	496	0.65
Bombala	No	378	35.06	700	64.94	1078	99.45	6	0.55	1084	1.42
Braidwood	No	469	41.36	665	58.64	1134	99.04	11	0.96	1145	1.50
Bredbo	No	95	42.79	127	57.21	222	100.00	0	0.00	222
	0.29
Brogo	No	87	46.28	101	53.72	188	99.47	1	0.53	189	0.25
Broulee	Yes	434	56.07	340	43.93	774	99.61	3	0.39	777	1.02
Bungendore	Yes	895	55.35	722	44.65	1617	99.20	13	0.80	1630	2.13
Candelo	No	232	43.86	297	56.14	529	98.69	7	1.31	536	0.70
Captains Flat	No	142	49.13	147	50.87	289	97.64	7	2.36	296
	0.39
Central Tilba	Yes	179	57.19	134	42.81	313	99.37	2	0.63	315
	0.41
Cobargo	No	250	39.43	384	60.57	634	98.75	8	1.25	642	0.84
Cooma	No	903	46.26	1049	53.74	1952	99.34	13	0.66	1965	2.57
Cooma Hospital	No	129	44.64	160	55.36	289	99.31	2	0.69	291
	0.38
Cooma North	No	484	41.09	694	58.91	1178	99.16	10	0.84	1188	1.55
Cooma South	No	291	44.02	370	55.98	661	99.70	2	0.30	663	0.87
Dalgety	No	59	33.71	116	66.29	175	99.43	1	0.57	176	0.23
Dalmeny	No	469	42.25	641	57.75	1110	99.37	7	0.63	1117	1.46
Delegate	No	66	24.35	205	75.65	271	99.27	2	0.73	273	0.36
Eden	No	719	35.70	1295	64.30	2014	99.31	14	0.69	2028	2.65
Jerangle	No	13	21.31	48	78.69	61	100.00	0	0.00	61
	0.08
Jerrabomberra	Yes	1295	59.70	874	40.30	2169	99.40	13	0.60	2182
	2.85
Jindabyne	Yes	650	54.71	538	45.29	1188	99.00	12	1.00	1200	1.57
Letchworth	No	154	48.73	162	51.27	316	99.68	1	0.32	317	0.41
Long Beach	No	82	48.81	86	51.19	168	100.00	0	0.00	168
	0.22
Majors Creek	Yes	94	53.41	82	46.59	176	98.88	2	1.12	178
	0.23
Malua Bay	Yes	429	52.44	389	47.56	818	99.51	4	0.49	822	1.08
Merimbula	No	891	45.02	1088	54.98	1979	99.05	19	0.95	1998	2.61
Michelago	No	93	44.71	115	55.29	208	100.00	0	0.00	208
	0.27
Mogo	No	136	45.48	163	54.52	299	98.36	5	1.64	304	0.40
Moruya	No	1209	44.51	1507	55.49	2716	99.09	25	0.91	2741	3.59
Narooma	No	780	39.53	1193	60.47	1973	99.40	12	0.60	1985	2.60
Nelligen	No	87	39.91	131	60.09	218	99.54	1	0.46	219	0.29
Nimmitabel	No	112	36.13	198	63.87	310	99.68	1	0.32	311	0.41
Numeralla	No	50	34.72	94	65.28	144	99.31	1	0.69	145	0.19
Pambula	No	621	47.05	699	52.95	1320	99.17	11	0.83	1331	1.74
Perisher Valley	Yes	13	59.09	9	40.91	22	95.65	1	4.35	23
	0.03
Quaama	No	140	44.73	173	55.27	313	100.00	0	0.00	313
	0.41
Queanbeyan	No	1039	49.71	1051	50.29	2090	98.86	24	1.14	2114	2.77
Queanbeyan Central	Yes	906	54.25	764	45.75	1670	98.76	21	1.24
	1691	2.21
Queanbeyan East	Yes	1029	55.38	829	44.62	1858	98.72	24	1.28	1882
	2.46
Queanbeyan High	Yes	781	55.16	635	44.84	1416	98.68	19	1.32	1435
	1.88
Queanbeyan Hospital	Yes	344	51.27	327	48.73	671	98.39	11	1.61
	682	0.89
Queanbeyan North	Yes	683	51.35	647	48.65	1330	98.81	16	1.19	1346
	1.76
Queanbeyan South	No	1715	47.92	1864	52.08	3579	98.57	52	1.43	3631
	4.75
Queanbeyan West	Yes	807	50.95	777	49.05	1584	98.94	17	1.06	1601
	2.09
South Durras	Yes	124	53.45	108	46.55	232	98.72	3	1.28	235
	0.31
Sunshine Bay	No	848	44.26	1068	55.74	1916	99.69	6	0.31	1922
	2.51
Sutton (Eden-Monaro)	Yes	169	64.50	93	35.50	262	99.62	1	0.38
	263	0.34
Sydney (Eden-Monaro)	Yes	31	68.89	14	31.11	45	100.00	0
	0.00	45	0.06
Tanja	Yes	91	75.83	29	24.17	120	100.00	0	0.00	120	0.16
Tathra	Yes	703	52.58	634	47.42	1337	99.48	7	0.52	1344	1.76
Thredbo	Yes	56	61.54	35	38.46	91	100.00	0	0.00	91
	0.12
Tomakin	No	303	45.84	358	54.16	661	99.40	4	0.60	665	0.87
Towamba	No	60	47.24	67	52.76	127	100.00	0	0.00	127
	0.17
Tura Beach	No	456	41.19	651	58.81	1107	99.46	6	0.54	1113	1.46
Tuross Head	No	606	46.12	708	53.88	1314	99.32	9	0.68	1323	1.73
Wallaga Lake Koori Village	Yes	16	53.33	14	46.67	30	100.00	0
	0.00	30	0.04
Wamboin	Yes	330	61.34	208	38.66	538	99.08	5	0.92	543	0.71
Wolumla	No	193	40.89	279	59.11	472	99.16	4	0.84	476	0.62
Wyndham	Yes	154	54.04	131	45.96	285	98.62	4	1.38	289	0.38
Special Hospitals	No	119	35.42	217	64.58	336	98.25	6	1.75	342
	0.45
Total Ordinary	No	29093	46.36	33667	53.64	62760	99.13	551	0.87	63311
	82.83
ABSENT	No	1481	48.29	1586	51.71	3067	99.26	23	0.74	3090	4.04
POSTAL	No	862	38.23	1393	61.77	2255	99.51	11	0.49	2266	2.96
PRE_POLL	No	3294	45.93	3878	54.07	7172	99.45	40	0.55	7212	9.44
PROVISIONAL	No	237	42.78	317	57.22	554	99.82	1	0.18	555	0.73
Division Summary	No	34967	46.13	40841	53.87	75808	99.18	626	0.82	76434
	95.42
