Referendum: 6 November 1999									
		
Referendum Results										
	
By Division by Polling Place									
		

"A proposed law for the Alteration of the Constitution, entitled"			
								
   the Constitutional Alteration (Preamble) 1999					
						
											
											
Victoria											
Batman (89277)											

		Yes		No		Formal		Informal		Total	
Polling Place		                                                             
Votes	%	Votes	%	Votes	%	Votes	%	Votes	%
Alphington	Yes	722	52.97	641	47.03	1363	99.06	13	0.94	1376	1.64
Alphington North	Yes	758	51.67	709	48.33	1467	99.12	13	0.88	1480
	1.76
Bell	No	861	49.45	880	50.55	1741	97.86	38	2.14	1779	2.12
Boldrewood	No	759	44.10	962	55.90	1721	99.14	15	0.86	1736	2.06
Burbank	Yes	706	58.25	506	41.75	1212	98.54	18	1.46	1230	1.46
Croxton	Yes	638	64.25	355	35.75	993	98.61	14	1.39	1007	1.20
Faircote	Yes	294	50.60	287	49.40	581	97.48	15	2.52	596	0.71
Fairfield	Yes	1300	54.74	1075	45.26	2375	98.38	39	1.62	2414	2.87
Fairfield North	Yes	422	60.46	276	39.54	698	98.45	11	1.55	709
	0.84
Keon Park	No	415	46.95	469	53.05	884	98.77	11	1.23	895	1.06
Kingsbury	No	920	48.32	984	51.68	1904	98.60	27	1.40	1931	2.30
Melbourne (Batman)	Yes	89	52.98	79	47.02	168	99.41	1	0.59
	169	0.20
Merrilands	Yes	1228	60.52	801	39.48	2029	98.98	21	1.02	2050	2.44
Murray	No	619	44.89	760	55.11	1379	98.64	19	1.36	1398	1.66
Newlands	Yes	843	50.21	836	49.79	1679	98.24	30	1.76	1709	2.03
Northcote	Yes	2210	56.65	1691	43.35	3901	98.56	57	1.44	3958	4.71
Northcote North	Yes	931	57.05	701	42.95	1632	98.19	30	1.81	1662
	1.98
Northcote South	Yes	1503	54.95	1232	45.05	2735	98.81	33	1.19	2768
	3.29
Northcote West	Yes	238	52.77	213	47.23	451	99.78	1	0.22	452
	0.54
Oakhill	No	718	49.69	727	50.31	1445	98.97	15	1.03	1460	1.74
Preston	Yes	864	54.44	723	45.56	1587	98.51	24	1.49	1611	1.92
Preston East	Yes	1209	51.10	1157	48.90	2366	98.22	43	1.78	2409
	2.87
Preston North	No	215	49.43	220	50.57	435	99.09	4	0.91	439
	0.52
Preston North East	No	942	47.08	1059	52.92	2001	98.57	29	1.43
	2030	2.41
Preston South	Yes	875	53.16	771	46.84	1646	98.56	24	1.44	1670
	1.99
Preston West	Yes	1378	55.88	1088	44.12	2466	97.93	52	2.07	2518
	2.99
Regent	Yes	1309	56.40	1012	43.60	2321	98.60	33	1.40	2354	2.80
Regent West	No	391	50.00	391	50.00	782	98.24	14	1.76	796	0.95
Reservoir	No	703	46.43	811	53.57	1514	98.44	24	1.56	1538	1.83
Reservoir Central	No	1215	47.85	1324	52.15	2539	98.11	49	1.89	2588
	3.08
Reservoir East	Yes	512	50.05	511	49.95	1023	98.65	14	1.35	1037
	1.23
Reservoir North	No	1298	48.85	1359	51.15	2657	98.41	43	1.59	2700
	3.21
Reservoir North East	No	723	42.88	963	57.12	1686	98.19	31	1.81
	1717	2.04
Reservoir South	No	519	46.55	596	53.45	1115	98.76	14	1.24	1129
	1.34
Reservoir West	No	571	43.29	748	56.71	1319	99.02	13	0.98	1332
	1.58
Ruthven	Yes	2310	58.19	1660	41.81	3970	98.44	63	1.56	4033	4.80
Thornbury	Yes	1626	55.34	1312	44.66	2938	98.36	49	1.64	2987	3.55
Thornbury Central	Yes	130	56.28	101	43.72	231	99.14	2	0.86	233
	0.28
Thornbury East	Yes	1521	54.48	1271	45.52	2792	98.52	42	1.48	2834
	3.37
Thornbury South	Yes	1424	53.94	1216	46.06	2640	98.58	38	1.42	2678
	3.19
Thornbury West	No	177	45.62	211	54.38	388	98.73	5	1.27	393
	0.47
Westgarth	Yes	622	52.31	567	47.69	1189	98.43	19	1.57	1208	1.44
Special Hospitals	No	169	34.14	326	65.86	495	99.40	3	0.60	498
	0.59
Total Ordinary	Yes	36877	52.34	33581	47.66	70458	98.53	1053	1.47	71511
	85.05
ABSENT	No	2818	47.74	3085	52.26	5903	99.19	48	0.81	5951	7.08
POSTAL	No	1048	35.54	1901	64.46	2949	99.56	13	0.44	2962	3.52
PRE_POLL	No	1421	44.08	1803	55.92	3224	99.41	19	0.59	3243	3.86
PROVISIONAL	Yes	218	54.23	184	45.77	402	98.05	8	1.95	410	0.49
Division Summary	Yes	42382	51.10	40554	48.90	82936	98.64	1141	1.36	84077
	94.18
