Referendum: 6 November 1999									
		
Referendum Results										
	
By Division by Polling Place									
		

"A proposed law for the Alteration of the Constitution, entitled"			
								
   the Constitutional Alteration (Preamble) 1999					
						
											
											
Victoria											
Jagajaga (88028)											

		Yes		No		Formal		Informal		Total	
Polling Place		                                                             
Votes	%	Votes	%	Votes	%	Votes	%	Votes	%
Banyule	No	1357	48.94	1416	51.06	2773	98.93	30	1.07	2803	3.33
Briar Hill	No	1108	43.85	1419	56.15	2527	99.45	14	0.55	2541	3.02
Bundoora	No	836	43.00	1108	57.00	1944	99.08	18	0.92	1962	2.33
Eaglemont	Yes	681	50.15	677	49.85	1358	99.56	6	0.44	1364	1.62
Eltham	No	1782	46.01	2091	53.99	3873	99.05	37	0.95	3910	4.64
Eltham East	No	1572	49.28	1618	50.72	3190	99.19	26	0.81	3216	3.82
Eltham North	No	1032	49.95	1034	50.05	2066	98.47	32	1.53	2098
	2.49
Eltham Woods	No	434	47.74	475	52.26	909	99.45	5	0.55	914
	1.09
Fairy Hills	Yes	652	50.50	639	49.50	1291	99.77	3	0.23	1294	1.54
Glen Katherine	Yes	1569	52.32	1430	47.68	2999	99.37	19	0.63	3018
	3.59
Golf Links	No	579	46.77	659	53.23	1238	99.36	8	0.64	1246	1.48
Grace Park	No	691	43.62	893	56.38	1584	99.06	15	0.94	1599	1.90
Greensborough Central	No	449	42.08	618	57.92	1067	98.89	12	1.11
	1079	1.28
Haig	No	820	41.23	1169	58.77	1989	98.47	31	1.53	2020	2.40
Heidelberg	No	1626	49.45	1662	50.55	3288	98.86	38	1.14	3326	3.95
Heidelberg North	No	1158	43.67	1494	56.33	2652	98.55	39	1.45	2691
	3.20
Heidelberg West	No	657	40.99	946	59.01	1603	98.83	19	1.17	1622
	1.93
Ivanhoe	Yes	1424	51.37	1348	48.63	2772	99.18	23	0.82	2795	3.32
Ivanhoe Central	Yes	303	53.25	266	46.75	569	99.13	5	0.87	574
	0.68
Ivanhoe East	Yes	1140	50.53	1116	49.47	2256	99.34	15	0.66	2271
	2.70
Ivanhoe West	No	771	46.50	887	53.50	1658	98.40	27	1.60	1685
	2.00
Lower Plenty	No	934	48.67	985	51.33	1919	99.12	17	0.88	1936
	2.30
Macleod	No	1394	45.01	1703	54.99	3097	98.95	33	1.05	3130	3.72
Melbourne (Jagajaga)	No	53	44.92	65	55.08	118	99.16	1	0.84
	119	0.14
Montmorency	No	1749	44.81	2154	55.19	3903	98.96	41	1.04	3944	4.69
Montmorency South	No	731	44.44	914	55.56	1645	99.34	11	0.66	1656
	1.97
Repatriation Hospital	No	69	48.94	72	51.06	141	99.30	1	0.70
	142	0.17
Research (Jagajaga)	No	607	47.95	659	52.05	1266	99.14	11	0.86
	1277	1.52
Rosanna	No	876	47.02	987	52.98	1863	99.52	9	0.48	1872	2.22
Rosanna East	No	207	43.67	267	56.33	474	99.16	4	0.84	478
	0.57
Telfer Reserve	No	202	39.22	313	60.78	515	98.66	7	1.34	522
	0.62
View Bank	Yes	1485	51.69	1388	48.31	2873	99.10	26	0.90	2899	3.44
Warringal Parklands	No	237	49.58	241	50.42	478	99.79	1	0.21
	479	0.57
Watsonia	No	1011	40.36	1494	59.64	2505	98.62	35	1.38	2540	3.02
Watsonia Central	No	419	39.79	634	60.21	1053	99.34	7	0.66	1060
	1.26
Watsonia South	No	489	38.87	769	61.13	1258	99.53	6	0.47	1264
	1.50
Yallambie	No	1148	44.97	1405	55.03	2553	99.15	22	0.85	2575	3.06
Special Hospitals	No	110	38.33	177	61.67	287	98.63	4	1.37	291
	0.35
Total Ordinary	No	32362	46.53	37192	53.47	69554	99.06	658	0.94	70212
	83.41
ABSENT	No	2866	47.36	3186	52.64	6052	99.46	33	0.54	6085	7.23
POSTAL	No	1009	35.72	1816	64.28	2825	99.65	10	0.35	2835	3.37
PRE_POLL	No	2173	44.68	2690	55.32	4863	99.71	14	0.29	4877	5.79
PROVISIONAL	Yes	92	54.12	78	45.88	170	100.00	0	0.00	170
	0.20
Division Summary	No	38502	46.13	44962	53.87	83464	99.15	715	0.85	84179
	95.63
