Referendum: 6 November 1999									
		
Referendum Results										
	
By Division by Polling Place									
		

"A proposed law for the Alteration of the Constitution, entitled"			
								
   the Constitutional Alteration (Preamble) 1999					
						
											
											
New South Wales											
Hume (75872)											

		Yes		No		Formal		Informal		Total	
Polling Place		                                                             
Votes	%	Votes	%	Votes	%	Votes	%	Votes	%
Adelong	No	223	28.09	571	71.91	794	99.75	2	0.25	796	1.09
Adjungbilly	No	23	31.94	49	68.06	72	100.00	0	0.00	72
	0.10
Ariah Park	No	104	30.59	236	69.41	340	99.71	1	0.29	341	0.47
Barmedman	No	66	25.38	194	74.62	260	99.62	1	0.38	261	0.36
Batlow	No	322	35.00	598	65.00	920	99.14	8	0.86	928	1.27
Bendick Murrell	No	49	28.82	121	71.18	170	100.00	0	0.00
	170	0.23
Bigga	No	63	34.43	120	65.57	183	98.92	2	1.08	185	0.25
Billimari	No	52	29.05	127	70.95	179	100.00	0	0.00	179
	0.25
Binalong	No	93	31.42	203	68.58	296	98.34	5	1.66	301	0.41
Binda	No	45	25.71	130	74.29	175	100.00	0	0.00	175	0.24
Bookham	No	37	26.81	101	73.19	138	98.57	2	1.43	140	0.19
Boorowa	No	352	34.31	674	65.69	1026	99.42	6	0.58	1032	1.42
Bowning	No	54	26.21	152	73.79	206	99.04	2	0.96	208	0.29
Bradfordville	No	605	39.13	941	60.87	1546	99.17	13	0.83	1559
	2.14
Bribbaree	No	28	15.91	148	84.09	176	98.88	2	1.12	178	0.24
Brungle	No	26	23.85	83	76.15	109	100.00	0	0.00	109
	0.15
Bungonia	No	43	24.29	134	75.71	177	98.88	2	1.12	179	0.25
Cabramurra	No	8	47.06	9	52.94	17	94.44	1	5.56	18	0.02
Caragabal	No	66	40.99	95	59.01	161	98.77	2	1.23	163	0.22
Collector	No	69	46.62	79	53.38	148	100.00	0	0.00	148
	0.20
Coolac	No	67	30.04	156	69.96	223	99.55	1	0.45	224	0.31
Cootamundra	No	906	38.82	1428	61.18	2334	99.07	22	0.93	2356	3.23
Cootamundra High	No	384	35.42	700	64.58	1084	99.09	10	0.91	1094
	1.50
Cootamundra South	No	265	40.64	387	59.36	652	99.39	4	0.61	656
	0.90
Cowra	No	682	25.95	1946	74.05	2628	98.95	28	1.05	2656	3.64
Cowra North	No	622	28.92	1529	71.08	2151	98.99	22	1.01	2173	2.98
Cowra West	No	293	26.14	828	73.86	1121	98.94	12	1.06	1133	1.55
Crookwell	No	560	33.35	1119	66.65	1679	99.53	8	0.47	1687	2.31
Dalton	No	37	20.00	148	80.00	185	98.93	2	1.07	187	0.26
Frogmore	No	32	32.32	67	67.68	99	100.00	0	0.00	99
	0.14
Galong	No	57	40.43	84	59.57	141	100.00	0	0.00	141
	0.19
Gooloogong	No	53	22.65	181	77.35	234	99.57	1	0.43	235	0.32
Goulburn	No	718	38.54	1145	61.46	1863	98.99	19	1.01	1882	2.58
Goulburn East	No	249	37.73	411	62.27	660	98.95	7	1.05	667
	0.92
Goulburn High	No	953	36.87	1632	63.13	2585	99.46	14	0.54	2599
	3.57
Goulburn North	No	617	37.39	1033	62.61	1650	99.04	16	0.96	1666
	2.29
Goulburn South	No	870	33.68	1713	66.32	2583	99.16	22	0.84	2605
	3.57
Goulburn West	No	538	32.91	1097	67.09	1635	99.51	8	0.49	1643
	2.25
Grabben Gullen	No	45	23.32	148	76.68	193	99.48	1	0.52	194
	0.27
Greenethorpe	No	82	34.02	159	65.98	241	98.77	3	1.23	244
	0.33
Grenfell	No	383	21.86	1369	78.14	1752	99.38	11	0.62	1763	2.42
Gundagai	No	350	30.92	782	69.08	1132	98.35	19	1.65	1151	1.58
Gundagai South	No	146	32.59	302	67.41	448	99.33	3	0.67	451
	0.62
Gundaroo	No	178	41.98	246	58.02	424	98.83	5	1.17	429	0.59
Gunning	No	167	33.20	336	66.80	503	99.02	5	0.98	508	0.70
Harden	No	393	36.97	670	63.03	1063	98.98	11	1.02	1074	1.47
Humula	No	18	18.37	80	81.63	98	100.00	0	0.00	98
	0.13
Jugiong	No	94	34.69	177	65.31	271	98.91	3	1.09	274	0.38
Koorawatha	No	55	24.02	174	75.98	229	99.57	1	0.43	230	0.32
Lacmalac	No	35	36.08	62	63.92	97	98.98	1	1.02	98	0.13
Laggan	No	80	34.19	154	65.81	234	100.00	0	0.00	234
	0.32
Maimuru	No	29	40.28	43	59.72	72	100.00	0	0.00	72
	0.10
Marulan	No	117	25.22	347	74.78	464	99.36	3	0.64	467	0.64
Milvale	No	18	21.43	66	78.57	84	100.00	0	0.00	84
	0.12
Monteagle	No	38	32.76	78	67.24	116	100.00	0	0.00	116
	0.16
Morongla Creek	No	56	29.02	137	70.98	193	98.97	2	1.03	195
	0.27
Murringo	No	59	36.65	102	63.35	161	98.77	2	1.23	163	0.22
Murrumbateman	No	358	36.23	630	63.77	988	99.40	6	0.60	994
	1.36
Murrumburrah	No	164	33.68	323	66.32	487	98.98	5	1.02	492
	0.68
Nangus	No	21	16.15	109	83.85	130	98.48	2	1.52	132	0.18
Quandialla	No	76	34.23	146	65.77	222	99.55	1	0.45	223	0.31
Reids Flat	No	24	21.43	88	78.57	112	100.00	0	0.00	112
	0.15
Rugby	No	16	26.23	45	73.77	61	98.39	1	1.61	62	0.09
Rye Park	No	41	32.80	84	67.20	125	100.00	0	0.00	125
	0.17
Stockinbingal	No	103	38.43	165	61.57	268	100.00	0	0.00
	268	0.37
Sutton (Hume)	No	175	37.31	294	62.69	469	98.74	6	1.26	475
	0.65
Sydney (Hume)	No	17	47.22	19	52.78	36	100.00	0	0.00	36
	0.05
Talbingo	No	71	39.23	110	60.77	181	100.00	0	0.00	181
	0.25
Tarago	No	109	37.46	182	62.54	291	100.00	0	0.00	291
	0.40
Taralga	No	110	26.13	311	73.87	421	99.06	4	0.94	425	0.58
Tarcutta	No	97	28.53	243	71.47	340	100.00	0	0.00	340
	0.47
Temora	No	760	28.23	1932	71.77	2692	99.01	27	0.99	2719	3.73
Temora West	No	130	29.55	310	70.45	440	99.32	3	0.68	443	0.61
Tuena	No	17	24.64	52	75.36	69	100.00	0	0.00	69	0.09
Tumblong	Yes	81	69.23	36	30.77	117	99.15	1	0.85	118	0.16
Tumut	No	915	32.50	1900	67.50	2815	98.56	41	1.44	2856	3.92
Tumut East	No	440	34.03	853	65.97	1293	98.55	19	1.45	1312	1.80
Wallendbeen	No	85	46.96	96	53.04	181	100.00	0	0.00	181
	0.25
Wattle Park	No	235	41.23	335	58.77	570	99.30	4	0.70	574	0.79
Wee Jasper	No	27	32.53	56	67.47	83	100.00	0	0.00	83
	0.11
Wombat	No	72	35.64	130	64.36	202	100.00	0	0.00	202
	0.28
Woodstock	No	82	22.28	286	77.72	368	99.73	1	0.27	369	0.51
Wyangala Dam	No	30	18.87	129	81.13	159	99.37	1	0.63	160
	0.22
Yass	No	969	34.14	1869	65.86	2838	99.13	25	0.87	2863	3.93
Yass High	No	178	27.81	462	72.19	640	99.22	5	0.78	645	0.88
Young	No	1063	32.94	2164	67.06	3227	98.69	43	1.31	3270	4.49
Young North	No	445	29.18	1080	70.82	1525	99.41	9	0.59	1534	2.10
Young South	No	324	33.79	635	66.21	959	99.28	7	0.72	966	1.33
Special Hospitals	No	293	40.08	438	59.92	731	98.52	11	1.48	742
	1.02
Prison Mobiles	No	1	50.00	1	50.00	2	100.00	0	0.00	2
	0.00
Total Ordinary	No	20103	32.73	41314	67.27	61417	99.13	537	0.87	61954
	85.00
ABSENT	No	1671	36.94	2853	63.06	4524	99.49	23	0.51	4547	6.24
POSTAL	No	667	28.49	1674	71.51	2341	99.45	13	0.55	2354	3.23
PRE_POLL	No	1412	37.60	2343	62.40	3755	99.44	21	0.56	3776	5.18
PROVISIONAL	No	82	32.54	170	67.46	252	100.00	0	0.00	252
	0.35
Division Summary	No	23935	33.11	48354	66.89	72289	99.18	594	0.82	72883
	96.06
