Referendum: 6 November 1999									
		
Referendum Results										
	
By Division by Polling Place									
		

"A proposed law for the Alteration of the Constitution, entitled"			
								
   the Constitutional Alteration (Preamble) 1999					
						
											
											
New South Wales											
Charlton (87830)											

		Yes		No		Formal		Informal		Total	
Polling Place		                                                             
Votes	%	Votes	%	Votes	%	Votes	%	Votes	%
Ambleside	No	644	46.67	736	53.33	1380	99.50	7	0.50	1387	1.64
Arcadia Vale	No	300	35.89	536	64.11	836	98.35	14	1.65	850
	1.00
Argenton	No	310	38.32	499	61.68	809	98.66	11	1.34	820	0.97
Awaba	No	86	30.94	192	69.06	278	98.93	3	1.07	281	0.33
Barnsley	No	332	29.72	785	70.28	1117	98.76	14	1.24	1131	1.33
Blackalls	No	479	31.76	1029	68.24	1508	99.02	15	0.98	1523	1.80
Bolton Point	No	283	38.35	455	61.65	738	99.33	5	0.67	743
	0.88
Bonnells Bay	No	1130	42.45	1532	57.55	2662	99.22	21	0.78	2683
	3.16
Booragul	No	459	37.50	765	62.50	1224	99.27	9	0.73	1233	1.45
Booragul Homes	No	36	35.29	66	64.71	102	97.14	3	2.86	105
	0.12
Cardiff	No	838	37.65	1388	62.35	2226	98.80	27	1.20	2253	2.66
Cardiff East	No	325	37.88	533	62.12	858	99.19	7	0.81	865
	1.02
Cardiff Heights	No	655	44.83	806	55.17	1461	99.46	8	0.54	1469
	1.73
Cardiff North	No	517	37.44	864	62.56	1381	98.93	15	1.07	1396
	1.65
Cardiff South	No	601	37.52	1001	62.48	1602	99.32	11	0.68	1613
	1.90
Carey Bay	No	439	42.54	593	57.46	1032	98.95	11	1.05	1043	1.23
Coal Point	No	396	46.21	461	53.79	857	99.54	4	0.46	861	1.02
Cooranbong	No	286	36.20	504	63.80	790	99.37	5	0.63	795	0.94
Dora Creek	No	452	35.90	807	64.10	1259	99.53	6	0.47	1265	1.49
Edgeworth	No	1345	34.47	2557	65.53	3902	98.63	54	1.37	3956	4.67
Elermore Vale	No	876	40.67	1278	59.33	2154	98.63	30	1.37	2184
	2.58
Fassifern	No	236	37.76	389	62.24	625	98.43	10	1.57	635	0.75
Fennell Bay	No	406	37.42	679	62.58	1085	99.09	10	0.91	1095	1.29
Garden Suburb (Charlton)	No	479	40.87	693	59.13	1172	99.49	6
	0.51	1178	1.39
Glendale	No	128	32.49	266	67.51	394	99.49	2	0.51	396	0.47
Glendale East	No	574	37.22	968	62.78	1542	98.78	19	1.22	1561
	1.84
Hawkins Village	No	367	31.75	789	68.25	1156	99.06	11	0.94	1167
	1.38
Hillsborough (Charlton)	No	222	40.07	332	59.93	554	99.28	4	0.72
	558	0.66
Kilaben Bay	No	317	40.64	463	59.36	780	99.49	4	0.51	784	0.92
Killingworth	No	134	35.73	241	64.27	375	98.68	5	1.32	380
	0.45
Martinsville	No	85	44.97	104	55.03	189	98.95	2	1.05	191
	0.23
Maryland	No	1063	37.62	1763	62.38	2826	98.67	38	1.33	2864	3.38
Morisset	No	592	37.00	1008	63.00	1600	98.46	25	1.54	1625	1.92
Mount Hutton (Charlton)	No	151	42.78	202	57.22	353	98.60	5	1.40
	358	0.42
New Lambton Heights	Yes	377	60.22	249	39.78	626	99.21	5	0.79
	631	0.74
Pittown	No	288	39.24	446	60.76	734	99.32	5	0.68	739	0.87
Plattsburg	No	740	34.32	1416	65.68	2156	98.31	37	1.69	2193	2.59
Rathmines	No	992	42.27	1355	57.73	2347	99.11	21	0.89	2368	2.79
Speers Point	No	836	36.35	1464	63.65	2300	99.14	20	0.86	2320
	2.74
Sunshine	No	261	37.18	441	62.82	702	98.60	10	1.40	712	0.84
Sydney (Charlton)	No	17	45.95	20	54.05	37	100.00	0	0.00	37
	0.04
Teralba	No	305	33.63	602	66.37	907	99.34	6	0.66	913	1.08
Toronto	No	146	32.81	299	67.19	445	99.33	3	0.67	448	0.53
Toronto North	No	397	39.07	619	60.93	1016	98.45	16	1.55	1032
	1.22
Toronto West	No	380	33.04	770	66.96	1150	98.88	13	1.12	1163
	1.37
Wallsend	No	904	35.73	1626	64.27	2530	98.37	42	1.63	2572	3.03
Wallsend Hospital	No	265	37.86	435	62.14	700	99.15	6	0.85	706
	0.83
Wallsend South	No	1345	44.73	1662	55.27	3007	99.08	28	0.92	3035
	3.58
Wangi Wangi	No	701	41.11	1004	58.89	1705	99.47	9	0.53	1714	2.02
Warners Bay	No	1074	42.07	1479	57.93	2553	99.03	25	0.97	2578	3.04
Warners Bay Central (Charlton)	No	511	40.33	756	59.67	1267	99.29	9
	0.71	1276	1.51
West Wallsend	No	609	32.32	1275	67.68	1884	98.69	25	1.31	1909
	2.25
Whitegates	No	374	40.65	546	59.35	920	98.40	15	1.60	935	1.10
Woodrising	No	198	39.60	302	60.40	500	99.60	2	0.40	502	0.59
Wyee	No	441	39.13	686	60.87	1127	98.09	22	1.91	1149	1.36
Wyee Point	No	102	37.23	172	62.77	274	98.21	5	1.79	279	0.33
Special Hospitals	No	191	40.21	284	59.79	475	99.58	2	0.42	477
	0.56
Total Ordinary	No	26997	38.46	43192	61.54	70189	98.95	747	1.05	70936
	83.68
ABSENT	No	2224	41.05	3194	58.95	5418	99.30	38	0.70	5456	6.44
POSTAL	No	934	32.66	1926	67.34	2860	99.62	11	0.38	2871	3.39
PRE_POLL	No	1977	38.71	3130	61.29	5107	99.65	18	0.35	5125	6.05
PROVISIONAL	No	154	40.53	226	59.47	380	98.96	4	1.04	384	0.45
Division Summary	No	32286	38.46	51668	61.54	83954	99.04	818	0.96	84772
	96.52
