Referendum: 6 November 1999									
		
Referendum Results										
	
By Division by Polling Place									
		

"A proposed law for the Alteration of the Constitution, entitled"			
								
   the Constitutional Alteration (Establishment of Republic) 1999			
								
											
											
Victoria											
Gellibrand (85563)										
	

		Yes		No		Formal		Informal		Total	
Polling Place		Votes	%	Votes	%	Votes	%	Votes	%	Votes	%
Albion	Yes	1277	52.21	1169	47.79	2446	98.59	35	1.41	2481	3.10
Altona East	Yes	2064	56.53	1587	43.47	3651	98.38	60	1.62	3711	4.63
Altona Gate	Yes	1168	54.50	975	45.50	2143	97.68	51	2.32	2194	2.74
Altona North	Yes	418	50.73	406	49.27	824	98.45	13	1.55	837
	1.05
Ardeer	Yes	612	51.43	578	48.57	1190	98.35	20	1.65	1210	1.51
Ardeer East (Gellibrand)	Yes	447	55.81	354	44.19	801	98.40	13
	1.60	814	1.02
Braybrook	Yes	1554	53.15	1370	46.85	2924	98.52	44	1.48	2968	3.71
Brooklyn	Yes	431	50.06	430	49.94	861	98.63	12	1.37	873	1.09
Footscray	Yes	1922	65.02	1034	34.98	2956	98.43	47	1.57	3003	3.75
Footscray Central	Yes	735	64.99	396	35.01	1131	98.69	15	1.31	1146
	1.43
Footscray East	Yes	427	63.92	241	36.08	668	98.53	10	1.47	678
	0.85
Footscray North	Yes	677	60.83	436	39.17	1113	98.58	16	1.42	1129
	1.41
Footscray South	Yes	812	65.91	420	34.09	1232	98.48	19	1.52	1251
	1.56
Footscray West	Yes	2134	58.97	1485	41.03	3619	98.50	55	1.50	3674
	4.59
Glengala (Gellibrand)	Yes	553	59.85	371	40.15	924	98.93	10	1.07
	934	1.17
Kingsville	Yes	1430	58.78	1003	41.22	2433	98.22	44	1.78	2477	3.09
Kingsville South	Yes	718	55.27	581	44.73	1299	98.04	26	1.96	1325
	1.65
Kingsville West	Yes	1018	58.27	729	41.73	1747	98.42	28	1.58	1775
	2.22
Maidstone	Yes	1197	58.14	862	41.86	2059	98.33	35	1.67	2094	2.61
Maidstone East	Yes	546	57.35	406	42.65	952	99.06	9	0.94	961
	1.20
Maribyrnong	Yes	885	57.58	652	42.42	1537	98.84	18	1.16	1555	1.94
Melbourne (Gellibrand)	Yes	89	65.44	47	34.56	136	98.55	2	1.45
	138	0.17
Newport	Yes	1023	54.85	842	45.15	1865	98.63	26	1.37	1891	2.36
Newport East	Yes	959	60.85	617	39.15	1576	99.12	14	0.88	1590
	1.99
Newport West	Yes	996	50.66	970	49.34	1966	98.25	35	1.75	2001
	2.50
Seddon	Yes	1501	65.69	784	34.31	2285	98.49	35	1.51	2320	2.90
Spotswood	Yes	656	57.90	477	42.10	1133	98.44	18	1.56	1151	1.44
Spotswood West	Yes	715	53.12	631	46.88	1346	98.68	18	1.32	1364
	1.70
Sunshine	Yes	799	50.83	773	49.17	1572	98.31	27	1.69	1599	2.00
Sunshine North	Yes	1953	60.13	1295	39.87	3248	98.48	50	1.52	3298
	4.12
Sunvale	Yes	1130	52.22	1034	47.78	2164	99.08	20	0.92	2184	2.73
Tottenham North	Yes	652	52.84	582	47.16	1234	99.04	12	0.96	1246
	1.56
Western Hospital	No	95	48.97	99	51.03	194	98.98	2	1.02	196
	0.24
Williamstown	Yes	1185	59.07	821	40.93	2006	99.31	14	0.69	2020
	2.52
Williamstown North	Yes	453	60.81	292	39.19	745	98.94	8	1.06
	753	0.94
Williamstown South	Yes	1784	63.62	1020	36.38	2804	99.26	21	0.74
	2825	3.53
Williamstown West	Yes	1594	62.02	976	37.98	2570	98.58	37	1.42	2607
	3.26
Yarraville	Yes	936	61.46	587	38.54	1523	98.70	20	1.30	1543	1.93
Yarraville Central	Yes	1144	62.24	694	37.76	1838	98.55	27	1.45
	1865	2.33
Special Hospitals	No	108	33.23	217	66.77	325	100.00	0	0.00
	325	0.41
Total Ordinary	Yes	38797	57.87	28243	42.13	67040	98.58	966	1.42	68006
	84.92
ABSENT	Yes	2786	57.66	2046	42.34	4832	99.26	36	0.74	4868	6.08
POSTAL	No	960	37.97	1568	62.03	2528	99.61	10	0.39	2538	3.17
PRE_POLL	Yes	2114	51.45	1995	48.55	4109	99.35	27	0.65	4136	5.16
PROVISIONAL	Yes	315	59.21	217	40.79	532	98.88	6	1.12	538	0.67
Division Summary	Yes	44972	56.90	34069	43.10	79041	98.70	1045	1.30	80086
	93.60
