Referendum: 6 November 1999									
		
Referendum Results										
	
By Division by Polling Place									
		

"A proposed law for the Alteration of the Constitution, entitled"			
								
   the Constitutional Alteration (Preamble) 1999					
						
											
											
Western Australia											
Moore (81337)											

		Yes		No		Formal		Informal		Total	
Polling Place		                                                             
Votes	%	Votes	%	Votes	%	Votes	%	Votes	%
Beldon	No	719	32.42	1499	67.58	2218	99.02	22	0.98	2240	2.89
Burns Beach	No	95	36.26	167	63.74	262	99.24	2	0.76	264	0.34
Clarkson	No	520	27.53	1369	72.47	1889	99.26	14	0.74	1903	2.45
Connolly	No	771	37.52	1284	62.48	2055	99.61	8	0.39	2063	2.66
Craigie	No	1075	31.52	2335	68.48	3410	98.50	52	1.50	3462	4.46
Currambine	No	670	35.79	1202	64.21	1872	99.31	13	0.69	1885	2.43
Duncraig	No	1189	38.47	1902	61.53	3091	99.20	25	0.80	3116	4.02
Duncraig East (Moore)	No	830	43.66	1071	56.34	1901	99.27	14	0.73
	1915	2.47
Duncraig North	No	929	39.70	1411	60.30	2340	98.94	25	1.06	2365
	3.05
Duncraig South	No	898	46.34	1040	53.66	1938	99.54	9	0.46	1947
	2.51
Edgewater	No	787	30.32	1809	69.68	2596	99.16	22	0.84	2618	3.38
Heathridge	No	826	31.44	1801	68.56	2627	98.83	31	1.17	2658	3.43
Heathridge East	No	416	32.05	882	67.95	1298	99.16	11	0.84	1309
	1.69
Hillarys	No	1215	39.71	1845	60.29	3060	99.29	22	0.71	3082	3.97
Hillarys North	No	553	41.61	776	58.39	1329	99.25	10	0.75	1339
	1.73
Joondalup	No	1008	33.76	1978	66.24	2986	98.84	35	1.16	3021	3.89
Kallaroo	No	1122	35.87	2006	64.13	3128	99.21	25	0.79	3153	4.07
Kinross	No	726	31.93	1548	68.07	2274	98.66	31	1.34	2305	2.97
Merriwa	No	721	31.00	1605	69.00	2326	99.11	21	0.89	2347	3.03
Mindarie	No	416	31.23	916	68.77	1332	99.78	3	0.22	1335	1.72
Mullaloo	No	1066	36.70	1839	63.30	2905	99.28	21	0.72	2926	3.77
Neerabup	No	94	25.27	278	74.73	372	99.73	1	0.27	373	0.48
Ocean Reef	No	1110	35.98	1975	64.02	3085	98.97	32	1.03	3117	4.02
Ocean Reef North	No	782	39.78	1184	60.22	1966	99.29	14	0.71	1980
	2.55
Padbury	No	969	34.31	1855	65.69	2824	99.47	15	0.53	2839	3.66
Padbury South	No	1003	39.93	1509	60.07	2512	99.17	21	0.83	2533
	3.27
Perth (Moore)	No	56	41.48	79	58.52	135	97.83	3	2.17	138
	0.18
Quinns Rock	No	761	30.20	1759	69.80	2520	99.21	20	0.79	2540	3.27
Rottnest (Moore)	No	40	43.01	53	56.99	93	100.00	0	0.00	93
	0.12
Sorrento (Moore)	No	277	45.26	335	54.74	612	99.51	3	0.49	615
	0.79
Sorrento Beach (Moore)	No	533	43.76	685	56.24	1218	99.10	11	0.90
	1229	1.58
Two Rocks	No	258	28.07	661	71.93	919	99.14	8	0.86	927	1.20
Wanneroo (Moore)	No	341	32.48	709	67.52	1050	98.78	13	1.22	1063
	1.37
Wanneroo East (Moore)	No	69	29.61	164	70.39	233	99.15	2	0.85
	235	0.30
Yanchep	No	318	29.12	774	70.88	1092	99.54	5	0.46	1097	1.41
Special Hospitals	No	0	0.00	0	0.00	0	0.00	0	0.00	0
	0.00
Total Ordinary	No	23163	35.38	42305	64.62	65468	99.15	564	0.85	66032
	85.13
ABSENT	No	2226	36.56	3862	63.44	6088	99.31	42	0.69	6130	7.90
POSTAL	No	499	34.41	951	65.59	1450	99.38	9	0.62	1459	1.88
PRE_POLL	No	1392	38.51	2223	61.49	3615	99.67	12	0.33	3627	4.68
PROVISIONAL	No	105	33.98	204	66.02	309	98.41	5	1.59	314	0.40
Division Summary	No	27385	35.60	49545	64.40	76930	99.19	632	0.81	77562
	95.36
