Referendum: 6 November 1999									
		
Referendum Results										
	
By Division by Polling Place									
		

"A proposed law for the Alteration of the Constitution, entitled"			
								
   the Constitutional Alteration (Preamble) 1999					
						
											
											
South Australia											
Hindmarsh (84270)											

		Yes		No		Formal		Informal		Total	
Polling Place		                                                             
Votes	%	Votes	%	Votes	%	Votes	%	Votes	%
Adelaide (Hindmarsh)	No	64	42.11	88	57.89	152	97.44	4	2.56
	156	0.19
Ascot Park South	No	414	40.12	618	59.88	1032	98.47	16	1.53	1048
	1.29
Brooklyn Park	No	820	43.99	1044	56.01	1864	98.42	30	1.58	1894
	2.34
Brooklyn Park South	No	448	40.51	658	59.49	1106	98.49	17	1.51
	1123	1.38
Camden Park	No	568	41.22	810	58.78	1378	98.99	14	1.01	1392	1.72
Cowandilla	No	895	48.93	934	51.07	1829	97.55	46	2.45	1875	2.31
Cowandilla West	No	280	44.94	343	55.06	623	98.73	8	1.27	631
	0.78
Edwardstown	No	564	36.79	969	63.21	1533	98.65	21	1.35	1554	1.92
Flinders Park	No	1327	43.52	1722	56.48	3049	98.87	35	1.13	3084
	3.80
Forbes	No	944	38.91	1482	61.09	2426	98.66	33	1.34	2459	3.03
Fulham	No	787	42.86	1049	57.14	1836	98.50	28	1.50	1864	2.30
Fulham Gardens	No	1629	48.02	1763	51.98	3392	98.01	69	1.99	3461
	4.27
Glandore	No	573	44.77	707	55.23	1280	98.99	13	1.01	1293	1.59
Glenelg Central	No	724	43.80	929	56.20	1653	99.46	9	0.54	1662
	2.05
Glenelg East	No	692	44.50	863	55.50	1555	98.73	20	1.27	1575
	1.94
Glenelg North	No	907	41.53	1277	58.47	2184	99.09	20	0.91	2204
	2.72
Glenelg South	No	879	46.58	1008	53.42	1887	99.16	16	0.84	1903
	2.35
Glengowrie	No	698	39.77	1057	60.23	1755	99.72	5	0.28	1760	2.17
Grovene	No	615	45.56	735	54.44	1350	99.12	12	0.88	1362	1.68
Henley Beach	No	1028	45.57	1228	54.43	2256	98.82	27	1.18	2283
	2.82
Henley South	No	689	45.60	822	54.40	1511	99.15	13	0.85	1524
	1.88
Kidman Park	No	473	46.37	547	53.63	1020	97.79	23	2.21	1043	1.29
Kidman Park South	Yes	1222	50.77	1185	49.23	2407	98.24	43	1.76	2450
	3.02
Kurralta Park	No	643	45.64	766	54.36	1409	99.09	13	0.91	1422
	1.75
Lockleys	Yes	1033	55.75	820	44.25	1853	99.14	16	0.86	1869	2.30
Lockleys North	No	591	47.51	653	52.49	1244	98.34	21	1.66	1265
	1.56
Morphettville	No	486	39.48	745	60.52	1231	99.19	10	0.81	1241
	1.53
Netley	No	680	42.39	924	57.61	1604	98.77	20	1.23	1624	2.00
Novar Gardens	No	730	40.76	1061	59.24	1791	99.33	12	0.67	1803
	2.22
Park Holme	No	570	35.80	1022	64.20	1592	98.51	24	1.49	1616	1.99
Park Holme South	No	596	37.70	985	62.30	1581	98.75	20	1.25	1601
	1.97
Plympton	No	757	38.58	1205	61.42	1962	98.89	22	1.11	1984	2.45
Plympton Park	Yes	857	59.64	580	40.36	1437	98.70	19	1.30	1456
	1.80
Plympton West	No	595	42.74	797	57.26	1392	98.51	21	1.49	1413
	1.74
Richmond	No	784	44.14	992	55.86	1776	98.34	30	1.66	1806	2.23
Somerton Park East	No	563	39.32	869	60.68	1432	99.10	13	0.90
	1445	1.78
South Plympton	No	465	40.97	670	59.03	1135	98.61	16	1.39	1151
	1.42
Torrensville	Yes	1277	51.26	1214	48.74	2491	98.15	47	1.85	2538
	3.13
West Beach	No	1215	45.49	1456	54.51	2671	99.29	19	0.71	2690	3.32
West Richmond	No	351	38.78	554	61.22	905	98.69	12	1.31	917
	1.13
Special Hospitals	No	157	34.35	300	65.65	457	95.81	20	4.19	477
	0.59
Total Ordinary	No	29590	44.14	37451	55.86	67041	98.71	877	1.29	67918
	83.75
ABSENT	No	2980	44.17	3767	55.83	6747	99.05	65	0.95	6812	8.40
POSTAL	No	903	31.82	1935	68.18	2838	99.13	25	0.87	2863	3.53
PRE_POLL	No	1447	46.16	1688	53.84	3135	99.30	22	0.70	3157	3.89
PROVISIONAL	No	150	43.35	196	56.65	346	98.86	4	1.14	350	0.43
Division Summary	No	35070	43.78	45037	56.22	80107	98.78	993	1.22	81100
	96.24
