Referendum: 6 November 1999									
		
Referendum Results										
	
By Division by Polling Place									
		

"A proposed law for the Alteration of the Constitution, entitled"			
								
   the Constitutional Alteration (Establishment of Republic) 1999			
								
											
											
Victoria											
Corangamite (82467)										
	

		Yes		No		Formal		Informal		Total	
Polling Place		Votes	%	Votes	%	Votes	%	Votes	%	Votes	%
Aireys Inlet	Yes	343	62.36	207	37.64	550	99.46	3	0.54	553
	0.70
Alvie	No	33	18.86	142	81.14	175	100.00	0	0.00	175	0.22
Anglesea	Yes	795	53.25	698	46.75	1493	99.07	14	0.93	1507	1.89
Apollo Bay	No	517	43.12	682	56.88	1199	99.17	10	0.83	1209	1.52
Bannockburn	No	543	41.48	766	58.52	1309	99.47	7	0.53	1316	1.65
Barongarook	No	51	44.74	63	55.26	114	99.13	1	0.87	115	0.14
Barwon Heads	Yes	818	53.36	715	46.64	1533	99.29	11	0.71	1544
	1.94
Beeac	No	90	23.50	293	76.50	383	99.74	1	0.26	384	0.48
Bellbrae	Yes	310	60.78	200	39.22	510	99.42	3	0.58	513	0.64
Belmont	No	849	41.23	1210	58.77	2059	99.28	15	0.72	2074	2.61
Belmont North	No	1187	46.64	1358	53.36	2545	99.03	25	0.97	2570
	3.23
Birregurra	No	211	37.54	351	62.46	562	98.25	10	1.75	572	0.72
Carlisle River	Yes	69	69.00	31	31.00	100	100.00	0	0.00
	100	0.13
Ceres	No	260	44.07	330	55.93	590	99.66	2	0.34	592	0.74
Colac	No	545	28.62	1359	71.38	1904	98.91	21	1.09	1925	2.42
Colac East	No	712	31.52	1547	68.48	2259	98.95	24	1.05	2283	2.87
Colac West	No	575	28.33	1455	71.67	2030	99.36	13	0.64	2043	2.57
Collendina	No	1450	48.64	1531	51.36	2981	99.20	24	0.80	3005	3.78
Connewarre	Yes	107	61.49	67	38.51	174	100.00	0	0.00	174
	0.22
Cororooke	No	147	34.19	283	65.81	430	99.54	2	0.46	432	0.54
Cressy	No	36	25.71	104	74.29	140	100.00	0	0.00	140
	0.18
Deans Marsh	Yes	140	54.05	119	45.95	259	99.23	2	0.77	261	0.33
Dereel	No	99	36.80	170	63.20	269	99.63	1	0.37	270	0.34
Drysdale (Corangamite)	No	315	42.23	431	57.77	746	99.60	3	0.40
	749	0.94
Elliminyt	No	420	31.30	922	68.70	1342	98.97	14	1.03	1356	1.70
Forrest	No	133	44.48	166	55.52	299	98.36	5	1.64	304	0.38
Freshwater Creek	No	74	43.53	96	56.47	170	100.00	0	0.00
	170	0.21
Gellibrand River	No	105	41.83	146	58.17	251	99.60	1	0.40	252
	0.32
Grovedale	No	1691	45.79	2002	54.21	3693	99.25	28	0.75	3721	4.68
Grovedale East	No	441	41.92	611	58.08	1052	99.25	8	0.75	1060
	1.33
Highton	Yes	1383	51.51	1302	48.49	2685	99.44	15	0.56	2700	3.39
Highton North	Yes	1459	51.68	1364	48.32	2823	99.40	17	0.60	2840
	3.57
Highton South	No	1144	47.75	1252	52.25	2396	99.42	14	0.58	2410
	3.03
Indented Head	No	131	36.59	227	63.41	358	99.44	2	0.56	360
	0.45
Inverleigh	No	220	37.10	373	62.90	593	99.00	6	1.00	599	0.75
Irrewillipe East	No	31	22.96	104	77.04	135	100.00	0	0.00
	135	0.17
Lavers Hill	Yes	104	52.26	95	47.74	199	98.51	3	1.49	202	0.25
Lethbridge	No	166	41.50	234	58.50	400	99.50	2	0.50	402	0.51
Lorne	Yes	469	54.16	397	45.84	866	98.52	13	1.48	879	1.10
Mandama	No	1224	46.17	1427	53.83	2651	99.14	23	0.86	2674	3.36
Melbourne (Corangamite)	Yes	43	66.15	22	33.85	65	100.00	0
	0.00	65	0.08
Meredith	No	155	34.44	295	65.56	450	99.12	4	0.88	454	0.57
Moriac	No	316	42.59	426	57.41	742	99.46	4	0.54	746	0.94
Mount Duneed	No	240	45.98	282	54.02	522	99.43	3	0.57	525
	0.66
Oberon	No	919	44.29	1156	55.71	2075	99.09	19	0.91	2094	2.63
Oberon South	No	708	43.62	915	56.38	1623	99.39	10	0.61	1633
	2.05
Ocean Grove	Yes	1577	54.89	1296	45.11	2873	99.27	21	0.73	2894	3.64
Pirron Yallock (Corangamite)	No	52	34.21	100	65.79	152	99.35	1
	0.65	153	0.19
Point Lonsdale	No	813	48.68	857	51.32	1670	99.23	13	0.77	1683
	2.12
Portarlington	No	798	38.96	1250	61.04	2048	99.61	8	0.39	2056
	2.58
Queenscliff	Yes	450	53.07	398	46.93	848	99.30	6	0.70	854	1.07
Rokewood	No	80	37.04	136	62.96	216	99.54	1	0.46	217	0.27
St Leonards	No	430	40.64	628	59.36	1058	99.44	6	0.56	1064	1.34
Shelford	No	41	30.15	95	69.85	136	99.27	1	0.73	137	0.17
Simpson (Corangamite)	No	39	22.29	136	77.71	175	100.00	0
	0.00	175	0.22
Teesdale	No	255	42.36	347	57.64	602	99.18	5	0.82	607	0.76
Torquay	Yes	1550	59.16	1070	40.84	2620	99.13	23	0.87	2643	3.32
Torquay East	Yes	896	59.93	599	40.07	1495	99.40	9	0.60	1504
	1.89
Wallington	No	319	47.97	346	52.03	665	99.25	5	0.75	670	0.84
Warrion	No	50	29.94	117	70.06	167	100.00	0	0.00	167
	0.21
Winchelsea	No	363	31.79	779	68.21	1142	98.79	14	1.21	1156	1.45
Wiridjil (Corangamite)	No	26	27.66	68	72.34	94	100.00	0
	0.00	94	0.12
Wurdi Boluc	No	82	45.30	99	54.70	181	98.37	3	1.63	184	0.23
Special Hospitals	No	43	22.40	149	77.60	192	95.05	10	4.95	202
	0.25
Total Ordinary	No	29642	44.89	36396	55.11	66038	99.24	509	0.76	66547
	83.65
ABSENT	Yes	3096	53.68	2672	46.32	5768	99.45	32	0.55	5800	7.29
POSTAL	No	981	33.98	1906	66.02	2887	99.62	11	0.38	2898	3.64
PRE_POLL	No	1882	46.04	2206	53.96	4088	99.59	17	0.41	4105	5.16
PROVISIONAL	Yes	103	50.74	100	49.26	203	100.00	0	0.00	203
	0.26
Division Summary	No	35704	45.20	43280	54.80	78984	99.28	569	0.72	79553
	96.47
