Referendum: 6 November 1999									
		
Referendum Results										
	
By Division by Polling Place									
		

"A proposed law for the Alteration of the Constitution, entitled"			
								
   the Constitutional Alteration (Preamble) 1999					
						
											
											
Victoria											
Gippsland (82446)											

		Yes		No		Formal		Informal		Total	
Polling Place		                                                             
Votes	%	Votes	%	Votes	%	Votes	%	Votes	%
Alberton	No	104	26.80	284	73.20	388	99.49	2	0.51	390	0.49
Arawata	No	31	21.99	110	78.01	141	100.00	0	0.00	141
	0.18
Bairnsdale	No	508	29.28	1227	70.72	1735	98.69	23	1.31	1758	2.23
Bairnsdale East	No	116	22.31	404	77.69	520	99.24	4	0.76	524
	0.66
Bairnsdale West	No	1106	33.81	2165	66.19	3271	99.30	23	0.70	3294
	4.17
Bemm River	No	9	18.75	39	81.25	48	100.00	0	0.00	48
	0.06
Bena	No	61	29.90	143	70.10	204	98.55	3	1.45	207	0.26
Benambra	No	26	18.31	116	81.69	142	99.30	1	0.70	143	0.18
Bendoc	No	15	16.85	74	83.15	89	98.89	1	1.11	90	0.11
Berrys Creek	No	17	17.89	78	82.11	95	100.00	0	0.00	95
	0.12
Boisdale	No	72	34.62	136	65.38	208	99.05	2	0.95	210	0.27
Bonang	No	14	21.54	51	78.46	65	100.00	0	0.00	65
	0.08
Briagolong	No	153	31.94	326	68.06	479	99.17	4	0.83	483	0.61
Bruthen	No	201	28.67	500	71.33	701	98.87	8	1.13	709	0.90
Buchan	No	49	20.16	194	79.84	243	99.59	1	0.41	244	0.31
Bundalaguah	No	60	25.53	175	74.47	235	100.00	0	0.00	235
	0.30
Cann River	No	70	30.17	162	69.83	232	99.57	1	0.43	233	0.30
Cape Paterson	No	145	38.06	236	61.94	381	98.20	7	1.80	388
	0.49
Carrajung South	No	31	28.18	79	71.82	110	100.00	0	0.00
	110	0.14
Cobains	No	58	29.29	140	70.71	198	100.00	0	0.00	198
	0.25
Coongulla	No	42	33.60	83	66.40	125	100.00	0	0.00	125
	0.16
Cowwarr	No	83	33.60	164	66.40	247	98.02	5	1.98	252	0.32
Dargo	No	33	29.20	80	70.80	113	100.00	0	0.00	113	0.14
Denison	No	67	31.90	143	68.10	210	100.00	0	0.00	210
	0.27
Devon North	No	72	30.38	165	69.62	237	99.58	1	0.42	238	0.30
Dudley	No	59	31.72	127	68.28	186	100.00	0	0.00	186
	0.24
Dumbalk	No	93	25.91	266	74.09	359	100.00	0	0.00	359
	0.45
Eagle Point	No	132	27.73	344	72.27	476	99.79	1	0.21	477	0.60
Ellaswood	No	46	24.86	139	75.14	185	100.00	0	0.00	185
	0.23
Ensay	No	40	26.14	113	73.86	153	100.00	0	0.00	153	0.19
Fernbank	No	10	13.70	63	86.30	73	100.00	0	0.00	73
	0.09
Fish Creek	No	183	29.85	430	70.15	613	99.35	4	0.65	617	0.78
Foster	No	456	34.76	856	65.24	1312	99.02	13	0.98	1325	1.68
Genoa	No	27	29.67	64	70.33	91	100.00	0	0.00	91	0.12
Glengarry	No	179	24.76	544	75.24	723	98.91	8	1.09	731	0.93
Glenmaggie	No	30	28.04	77	71.96	107	100.00	0	0.00	107
	0.14
Golden Beach	Yes	140	69.31	62	30.69	202	99.02	2	0.98	204
	0.26
Gormandale	No	99	27.65	259	72.35	358	100.00	0	0.00	358
	0.45
Heyfield	No	356	27.99	916	72.01	1272	98.83	15	1.17	1287	1.63
Inverloch	No	778	35.75	1398	64.25	2176	99.09	20	0.91	2196	2.78
Johnsonville	No	138	25.79	397	74.21	535	99.63	2	0.37	537
	0.68
Kilmany	No	33	26.19	93	73.81	126	100.00	0	0.00	126
	0.16
Kongwak	No	67	27.80	174	72.20	241	97.18	7	2.82	248	0.31
Koonwarra	No	109	36.82	187	63.18	296	99.00	3	1.00	299	0.38
Korumburra	No	744	31.77	1598	68.23	2342	99.32	16	0.68	2358	2.99
Lakes Entrance	No	968	28.97	2373	71.03	3341	99.46	18	0.54	3359
	4.25
Leongatha	No	979	29.81	2305	70.19	3284	99.36	21	0.64	3305	4.18
Leongatha South	No	55	31.61	119	68.39	174	99.43	1	0.57	175
	0.22
Lindenow	No	209	25.83	600	74.17	809	99.75	2	0.25	811	1.03
Loch	No	71	25.91	203	74.09	274	99.28	2	0.72	276	0.35
Loch Sport	No	153	29.42	367	70.58	520	98.67	7	1.33	527	0.67
Longford	No	157	26.48	436	73.52	593	99.16	5	0.84	598	0.76
Lucknow	No	316	27.31	841	72.69	1157	99.48	6	0.52	1163	1.47
Maffra	No	860	29.87	2019	70.13	2879	99.38	18	0.62	2897	3.67
Mallacoota	No	259	41.77	361	58.23	620	99.04	6	0.96	626	0.79
Mardan	No	33	31.13	73	68.87	106	100.00	0	0.00	106
	0.13
Marlo	No	96	29.18	233	70.82	329	99.70	1	0.30	330	0.42
Meeniyan	No	209	27.39	554	72.61	763	99.61	3	0.39	766	0.97
Meerlieu	No	43	33.59	85	66.41	128	100.00	0	0.00	128
	0.16
Melbourne (Gippsland)	No	35	42.68	47	57.32	82	98.80	1	1.20	83
	0.11
Metung	No	184	32.97	374	67.03	558	100.00	0	0.00	558
	0.71
Mirboo North	No	406	30.14	941	69.86	1347	99.12	12	0.88	1359
	1.72
Mount Eccles	No	36	29.75	85	70.25	121	100.00	0	0.00
	121	0.15
Nambrok	No	53	25.73	153	74.27	206	99.52	1	0.48	207	0.26
Nerrena	No	48	30.38	110	69.62	158	99.37	1	0.63	159	0.20
Newmerella	No	57	21.27	211	78.73	268	100.00	0	0.00	268
	0.34
Newry	No	61	22.93	205	77.07	266	100.00	0	0.00	266	0.34
Nicholson	No	189	30.05	440	69.95	629	99.53	3	0.47	632	0.80
Nowa Nowa	No	59	28.50	148	71.50	207	99.52	1	0.48	208	0.26
Nungurner	No	39	26.17	110	73.83	149	99.33	1	0.67	150	0.19
Omeo	No	97	29.85	228	70.15	325	99.69	1	0.31	326	0.41
Orbost	No	384	25.93	1097	74.07	1481	98.67	20	1.33	1501	1.90
Paynesville	No	705	32.97	1433	67.03	2138	99.53	10	0.47	2148	2.72
Poowong	No	152	29.69	360	70.31	512	99.42	3	0.58	515	0.65
Port Albert	No	68	30.91	152	69.09	220	100.00	0	0.00	220
	0.28
Port Franklin	No	38	30.16	88	69.84	126	100.00	0	0.00
	126	0.16
Rosedale	No	243	25.10	725	74.90	968	99.08	9	0.92	977	1.24
Sale	No	1264	35.21	2326	64.79	3590	99.17	30	0.83	3620	4.58
Sale East	No	721	35.87	1289	64.13	2010	99.21	16	0.79	2026	2.57
Sale North	No	639	30.06	1487	69.94	2126	99.35	14	0.65	2140	2.71
Seaspray	No	69	26.04	196	73.96	265	98.88	3	1.12	268	0.34
Staceys Bridge	No	42	33.87	82	66.13	124	99.20	1	0.80	125
	0.16
Stradbroke	No	36	28.80	89	71.20	125	98.43	2	1.57	127	0.16
Stratford	No	420	30.13	974	69.87	1394	99.08	13	0.92	1407	1.78
Swifts Creek	No	65	23.38	213	76.62	278	98.23	5	1.77	283
	0.36
Tarwin Lower	No	197	30.93	440	69.07	637	99.53	3	0.47	640
	0.81
Tinamba	No	65	27.43	172	72.57	237	99.58	1	0.42	238	0.30
Toongabbie	No	129	27.86	334	72.14	463	99.78	1	0.22	464	0.59
Toora	No	176	29.43	422	70.57	598	99.34	4	0.66	602	0.76
Toorloo Arm	No	148	31.22	326	68.78	474	98.96	5	1.04	479	0.61
Valencia Creek	No	29	24.58	89	75.42	118	100.00	0	0.00
	118	0.15
Welshpool	No	114	21.76	410	78.24	524	99.43	3	0.57	527	0.67
Wonthaggi	No	792	35.06	1467	64.94	2259	99.04	22	0.96	2281	2.89
Wonthaggi North	No	511	31.84	1094	68.16	1605	98.53	24	1.47	1629
	2.06
Won Wron	No	39	34.21	75	65.79	114	100.00	0	0.00	114
	0.14
Woodside	No	102	28.98	250	71.02	352	99.15	3	0.85	355	0.45
Wurruk	No	91	31.06	202	68.94	293	98.65	4	1.35	297	0.38
Wy Yung	No	195	28.47	490	71.53	685	98.85	8	1.15	693	0.88
Yanakie	No	65	36.93	111	63.07	176	99.44	1	0.56	177	0.22
Yarram	No	426	28.08	1091	71.92	1517	99.41	9	0.59	1526	1.93
Special Hospitals	No	154	29.50	368	70.50	522	96.13	21	3.87	543
	0.69
Total Ordinary	No	20613	30.55	46854	69.45	67467	99.23	523	0.77	67990
	86.08
ABSENT	No	1673	37.12	2834	62.88	4507	99.25	34	0.75	4541	5.75
POSTAL	No	605	23.83	1934	76.17	2539	99.57	11	0.43	2550	3.23
PRE_POLL	No	1222	33.16	2463	66.84	3685	99.43	21	0.57	3706	4.69
PROVISIONAL	No	48	25.26	142	74.74	190	97.94	4	2.06	194	0.25
Division Summary	No	24161	30.82	54227	69.18	78388	99.25	593	0.75	78981
	95.80
