Referendum: 6 November 1999									
		
Referendum Results										
	
By Division by Polling Place									
		

"A proposed law for the Alteration of the Constitution, entitled"			
								
   the Constitutional Alteration (Establishment of Republic) 1999			
								
											
											
New South Wales											
Paterson (84193)											

		Yes		No		Formal		Informal		Total	
Polling Place		Votes	%	Votes	%	Votes	%	Votes	%	Votes	%
Anna Bay	No	1020	48.73	1073	51.27	2093	99.15	18	0.85	2111	2.59
Ashtonfield	No	632	47.02	712	52.98	1344	99.70	4	0.30	1348	1.65
Bandon Grove	No	40	32.00	85	68.00	125	100.00	0	0.00
	125	0.15
Barrington	No	107	34.74	201	65.26	308	99.35	2	0.65	310	0.38
Bobs Farm	No	84	31.70	181	68.30	265	99.62	1	0.38	266	0.33
Bolwarra	No	399	40.63	583	59.37	982	99.29	7	0.71	989	1.21
Booral	No	108	25.96	308	74.04	416	99.05	4	0.95	420	0.51
Bulahdelah	No	287	28.56	718	71.44	1005	99.31	7	0.69	1012	1.24
Bungwahl	No	85	38.46	136	61.54	221	99.10	2	0.90	223	0.27
Bunyah	No	17	34.00	33	66.00	50	100.00	0	0.00	50
	0.06
Clarence Town	No	381	39.69	579	60.31	960	99.38	6	0.62	966
	1.18
Coolongolook	No	44	30.56	100	69.44	144	100.00	0	0.00
	144	0.18
Coomba Park	No	117	39.39	180	60.61	297	98.67	4	1.33	301	0.37
Corlette	No	772	48.28	827	51.72	1599	99.69	5	0.31	1604	1.97
Dungog	No	586	34.47	1114	65.53	1700	99.30	12	0.70	1712	2.10
East Maitland	No	350	41.22	499	58.78	849	99.30	6	0.70	855
	1.05
East Maitland Heights	No	573	39.96	861	60.04	1434	98.96	15	1.04
	1449	1.78
East Maitland South	No	863	49.01	898	50.99	1761	99.55	8	0.45
	1769	2.17
Eastville	No	187	32.47	389	67.53	576	99.48	3	0.52	579	0.71
Fern Bay	No	337	40.65	492	59.35	829	98.93	9	1.07	838	1.03
Fingal Bay	No	411	45.12	500	54.88	911	99.56	4	0.44	915	1.12
Gillieston Heights	No	142	33.49	282	66.51	424	98.83	5	1.17
	429	0.53
Glen William	No	25	23.81	80	76.19	105	100.00	0	0.00
	105	0.13
Gloucester	No	448	24.78	1360	75.22	1808	99.56	8	0.44	1816	2.23
Gloucester Hospital	No	117	29.18	284	70.82	401	100.00	0
	0.00	401	0.49
Grahamstown	No	300	42.08	413	57.92	713	99.17	6	0.83	719	0.88
Gresford	No	205	35.84	367	64.16	572	99.48	3	0.52	575	0.70
Hawks Nest	No	377	43.33	493	56.67	870	99.20	7	0.80	877	1.08
Hinton	No	172	31.97	366	68.03	538	99.63	2	0.37	540	0.66
Karuah	No	324	36.40	566	63.60	890	99.66	3	0.34	893	1.09
Largs	No	288	39.72	437	60.28	725	99.72	2	0.28	727	0.89
Lemon Tree Passage	No	535	43.64	691	56.36	1226	99.35	8	0.65
	1234	1.51
Lorn	No	582	47.47	644	52.53	1226	99.27	9	0.73	1235	1.51
Maitland	No	226	38.44	362	61.56	588	98.66	8	1.34	596	0.73
Maitland Grossmann High	No	109	35.16	201	64.84	310	98.41	5	1.59
	315	0.39
Maitland High	No	480	42.93	638	57.07	1118	99.55	5	0.45	1123
	1.38
Maitland Hospital	No	246	42.41	334	57.59	580	98.98	6	1.02	586
	0.72
Maitland West	No	455	43.13	600	56.87	1055	98.78	13	1.22	1068
	1.31
Mallabula	No	237	41.29	337	58.71	574	99.83	1	0.17	575	0.70
Martins Creek	No	63	29.72	149	70.28	212	99.53	1	0.47	213
	0.26
Medowie	No	646	40.43	952	59.57	1598	99.07	15	0.93	1613	1.98
Metford	No	731	38.58	1164	61.42	1895	99.06	18	0.94	1913	2.35
Millers Forest	No	112	40.88	162	59.12	274	100.00	0	0.00
	274	0.34
Morpeth	No	382	39.96	574	60.04	956	99.27	7	0.73	963	1.18
Mount Kanwary	No	63	34.62	119	65.38	182	99.45	1	0.55	183
	0.22
Nelson Bay	No	514	43.56	666	56.44	1180	99.16	10	0.84	1190	1.46
Nelson Bay Central	No	418	45.78	495	54.22	913	99.67	3	0.33
	916	1.12
Nelson Bay East	No	148	37.85	243	62.15	391	99.49	2	0.51	393
	0.48
Nelson Bay West	No	203	49.03	211	50.97	414	98.34	7	1.66	421
	0.52
North Arm Cove	No	92	35.52	167	64.48	259	100.00	0	0.00
	259	0.32
Pacific Palms	No	433	47.17	485	52.83	918	98.92	10	1.08	928
	1.14
Paterson	No	172	38.14	279	61.86	451	99.56	2	0.44	453	0.56
Raymond Terrace	No	624	38.49	997	61.51	1621	98.60	23	1.40	1644
	2.02
Raymond Terrace Central	No	629	38.05	1024	61.95	1653	99.22	13	0.78
	1666	2.04
Raymond Terrace East	No	610	41.81	849	58.19	1459	99.25	11	0.75
	1470	1.80
Raymond Terrace North	No	503	35.00	934	65.00	1437	99.10	13	0.90
	1450	1.78
Rookhurst	No	28	28.57	70	71.43	98	100.00	0	0.00	98
	0.12
Rutherford	No	532	35.61	962	64.39	1494	99.20	12	0.80	1506	1.85
Rutherford North	No	920	38.30	1482	61.70	2402	98.69	32	1.31	2434
	2.98
Rutherford West	No	200	33.73	393	66.27	593	98.83	7	1.17	600
	0.74
Salamander	No	412	48.87	431	51.13	843	99.06	8	0.94	851	1.04
Salamander Bay	No	685	42.55	925	57.45	1610	99.38	10	0.62	1620
	1.99
Salisbury	No	8	10.96	65	89.04	73	98.65	1	1.35	74	0.09
Salt Ash	No	226	34.29	433	65.71	659	99.85	1	0.15	660	0.81
Seaham	No	385	42.31	525	57.69	910	99.02	9	0.98	919	1.13
Shoal Bay	No	418	47.45	463	52.55	881	99.32	6	0.68	887	1.09
Soldiers Point	No	384	45.34	463	54.66	847	99.30	6	0.70	853
	1.05
Stratford	No	40	21.74	144	78.26	184	98.92	2	1.08	186	0.23
Stroud	No	132	26.72	362	73.28	494	99.20	4	0.80	498	0.61
Stroud Road	No	53	29.61	126	70.39	179	100.00	0	0.00	179
	0.22
Sydney (Paterson)	Yes	26	60.47	17	39.53	43	100.00	0	0.00	43
	0.05
Tanilba Bay	No	580	38.93	910	61.07	1490	99.53	7	0.47	1497	1.84
Tea Gardens	No	370	42.87	493	57.13	863	99.77	2	0.23	865	1.06
Telarah	No	512	33.71	1007	66.29	1519	98.83	18	1.17	1537	1.88
Tenambit	No	894	39.58	1365	60.42	2259	98.91	25	1.09	2284	2.80
Tomago	No	38	33.33	76	66.67	114	100.00	0	0.00	114
	0.14
Vacy	No	144	35.82	258	64.18	402	99.75	1	0.25	403	0.49
Wallarobba	No	40	29.41	96	70.59	136	100.00	0	0.00	136
	0.17
Wards River	No	30	26.32	84	73.68	114	100.00	0	0.00	114
	0.14
Williamtown	No	237	35.06	439	64.94	676	99.27	5	0.73	681	0.83
Wirreanda Medowie	No	724	42.24	990	57.76	1714	99.02	17	0.98	1731
	2.12
Woodville	No	177	42.04	244	57.96	421	98.83	5	1.17	426	0.52
Wootton	No	35	33.33	70	66.67	105	100.00	0	0.00	105
	0.13
Special Hospitals	No	106	29.61	252	70.39	358	97.55	9	2.45	367
	0.45
Total Ordinary	No	27347	39.70	41539	60.30	68886	99.24	531	0.76	69417
	85.10
ABSENT	No	2154	44.41	2696	55.59	4850	99.41	29	0.59	4879	5.98
POSTAL	No	883	31.40	1929	68.60	2812	99.75	7	0.25	2819	3.46
PRE_POLL	No	1625	38.91	2551	61.09	4176	99.62	16	0.38	4192	5.14
PROVISIONAL	No	120	45.45	144	54.55	264	99.62	1	0.38	265	0.32
Division Summary	No	32129	39.67	48859	60.33	80988	99.28	584	0.72	81572
	96.89
