Referendum: 6 November 1999									
		
Referendum Results										
	
By Division by Polling Place									
		

"A proposed law for the Alteration of the Constitution, entitled"			
								
   the Constitutional Alteration (Establishment of Republic) 1999			
								
											
											
Victoria											
Corio (84364)											

		Yes		No		Formal		Informal		Total	
Polling Place		Votes	%	Votes	%	Votes	%	Votes	%	Votes	%
Aberdeen	Yes	742	53.08	656	46.92	1398	99.50	7	0.50	1405	1.73
Anakie	No	142	32.95	289	67.05	431	98.63	6	1.37	437	0.54
Barwon	Yes	544	53.81	467	46.19	1011	98.54	15	1.46	1026	1.26
Batesford	No	62	46.62	71	53.38	133	98.52	2	1.48	135	0.17
Bell Park	Yes	1955	52.67	1757	47.33	3712	98.12	71	1.88	3783	4.66
Breakwater	No	255	39.97	383	60.03	638	99.22	5	0.78	643	0.79
Britannia	No	624	48.71	657	51.29	1281	99.23	10	0.77	1291	1.59
Chilwell	Yes	1491	57.00	1125	43.00	2616	99.13	23	0.87	2639	3.25
Clifton Springs	No	1185	41.70	1657	58.30	2842	99.34	19	0.66	2861
	3.53
Corio	No	1233	38.16	1998	61.84	3231	98.75	41	1.25	3272	4.03
Corio Central	No	804	37.68	1330	62.32	2134	99.12	19	0.88	2153
	2.65
Corio West	No	1197	37.51	1994	62.49	3191	98.64	44	1.36	3235	3.99
Drysdale (Corio)	No	695	37.96	1136	62.04	1831	99.19	15	0.81	1846
	2.27
Fyans Park	Yes	547	51.46	516	48.54	1063	99.72	3	0.28	1066	1.31
Geelong East	Yes	1382	52.87	1232	47.13	2614	98.87	30	1.13	2644
	3.26
Geelong West	Yes	1635	53.31	1432	46.69	3067	98.65	42	1.35	3109
	3.83
Hamlyn Heights	No	1615	45.63	1924	54.37	3539	98.85	41	1.15	3580
	4.41
Herne Hill	No	475	45.94	559	54.06	1034	99.61	4	0.39	1038	1.28
Kardinia Park	Yes	493	52.95	438	47.05	931	98.62	13	1.38	944
	1.16
Lara	No	1430	41.76	1994	58.24	3424	99.16	29	0.84	3453	4.26
Lara Central	No	1037	43.70	1336	56.30	2373	99.46	13	0.54	2386
	2.94
Leopold	No	1244	45.65	1481	54.35	2725	99.38	17	0.62	2742	3.38
Leopold South	No	451	37.93	738	62.07	1189	99.00	12	1.00	1201
	1.48
Manifold Heights	No	813	47.08	914	52.92	1727	99.25	13	0.75	1740
	2.14
Melbourne (Corio)	Yes	33	53.23	29	46.77	62	100.00	0	0.00	62
	0.08
Moolap	No	279	39.30	431	60.70	710	99.02	7	0.98	717	0.88
Newcomb	No	933	38.87	1467	61.13	2400	99.21	19	0.79	2419	2.98
Newcomb South	No	437	38.27	705	61.73	1142	99.22	9	0.78	1151
	1.42
Norlane	No	1827	45.71	2170	54.29	3997	97.51	102	2.49	4099	5.05
North Shore	No	867	38.74	1371	61.26	2238	99.03	22	0.97	2260	2.79
Rollins	Yes	1030	50.37	1015	49.63	2045	98.94	22	1.06	2067	2.55
St Helens	No	429	44.59	533	55.41	962	98.97	10	1.03	972	1.20
Shannon	No	660	48.74	694	51.26	1354	98.90	15	1.10	1369	1.69
Thomson	No	722	42.15	991	57.85	1713	98.90	19	1.10	1732	2.13
Whittington	No	1439	39.36	2217	60.64	3656	98.81	44	1.19	3700	4.56
Special Hospitals	No	113	39.37	174	60.63	287	98.97	3	1.03	290
	0.36
Total Ordinary	No	30820	44.86	37881	55.14	68701	98.90	766	1.10	69467
	85.61
ABSENT	Yes	1906	50.13	1896	49.87	3802	99.29	27	0.71	3829	4.72
POSTAL	No	999	31.91	2132	68.09	3131	99.62	12	0.38	3143	3.87
PRE_POLL	No	1867	43.46	2429	56.54	4296	99.49	22	0.51	4318	5.32
PROVISIONAL	No	170	44.04	216	55.96	386	99.74	1	0.26	387	0.48
Division Summary	No	35762	44.53	44554	55.47	80316	98.98	828	1.02	81144
	96.18
