Referendum: 6 November 1999									
		
Referendum Results										
	
By Division by Polling Place									
		

"A proposed law for the Alteration of the Constitution, entitled"			
								
   the Constitutional Alteration (Establishment of Republic) 1999			
								
											
											
Victoria											
Indi (84170)											

		Yes		No		Formal		Informal		Total	
Polling Place		Votes	%	Votes	%	Votes	%	Votes	%	Votes	%
Arcadia	No	35	25.36	103	74.64	138	100.00	0	0.00	138
	0.17
Baddaginnie	No	65	30.37	149	69.63	214	99.53	1	0.47	215	0.27
Baranduda	No	233	45.96	274	54.04	507	99.41	3	0.59	510	0.63
Barnawartha	No	219	33.44	436	66.56	655	99.54	3	0.46	658	0.82
Beechworth	No	836	43.03	1107	56.97	1943	99.34	13	0.66	1956	2.43
Benalla	No	1102	35.26	2023	64.74	3125	99.17	26	0.83	3151	3.92
Benalla District Hospital	No	14	40.00	21	60.00	35	100.00	0
	0.00	35	0.04
Benalla West	No	905	33.81	1772	66.19	2677	99.22	21	0.78	2698
	3.35
Bethanga	No	169	36.03	300	63.97	469	98.95	5	1.05	474	0.59
Bonegilla	No	127	34.23	244	65.77	371	99.20	3	0.80	374	0.46
Boorhaman	No	39	29.32	94	70.68	133	100.00	0	0.00	133
	0.17
Boosey	No	24	20.17	95	79.83	119	100.00	0	0.00	119
	0.15
Bright	No	638	42.88	850	57.12	1488	98.80	18	1.20	1506	1.87
Bullioh	No	25	23.15	83	76.85	108	100.00	0	0.00	108
	0.13
Bundalong	No	84	32.56	174	67.44	258	99.61	1	0.39	259	0.32
Caniambo	No	16	20.51	62	79.49	78	100.00	0	0.00	78
	0.10
Carboor	No	7	29.17	17	70.83	24	100.00	0	0.00	24
	0.03
Cheshunt	No	70	46.67	80	53.33	150	99.34	1	0.66	151	0.19
Chiltern	No	331	35.90	591	64.10	922	99.25	7	0.75	929	1.15
Corryong	No	311	28.09	796	71.91	1107	98.84	13	1.16	1120	1.39
Cudgewa	No	52	24.41	161	75.59	213	100.00	0	0.00	213
	0.26
Dederang	No	59	25.32	174	74.68	233	100.00	0	0.00	233
	0.29
Devenish	No	30	18.29	134	81.71	164	99.39	1	0.61	165	0.21
Edi Upper	No	17	26.15	48	73.85	65	100.00	0	0.00	65
	0.08
Eldorado	No	80	34.48	152	65.52	232	99.57	1	0.43	233	0.29
Eskdale	No	71	28.06	182	71.94	253	99.22	2	0.78	255	0.32
Euroa	No	729	30.31	1676	69.69	2405	99.50	12	0.50	2417	3.00
Everton	No	60	38.96	94	61.04	154	100.00	0	0.00	154
	0.19
Falls Creek	Yes	30	71.43	12	28.57	42	100.00	0	0.00	42
	0.05
Gapsted	No	70	41.92	97	58.08	167	98.82	2	1.18	169	0.21
Glenrowan	No	232	36.77	399	63.23	631	99.53	3	0.47	634	0.79
Goorambat	No	56	27.59	147	72.41	203	99.51	1	0.49	204	0.25
Granya	No	22	34.92	41	65.08	63	100.00	0	0.00	63
	0.08
Greta Valley	No	48	28.40	121	71.60	169	100.00	0	0.00
	169	0.21
Harrietville	No	74	44.05	94	55.95	168	98.25	3	1.75	171
	0.21
Invergordon	No	78	20.37	305	79.63	383	99.74	1	0.26	384	0.48
Katandra West	No	122	23.46	398	76.54	520	99.81	1	0.19	521
	0.65
Kergunyah	No	64	27.59	168	72.41	232	99.57	1	0.43	233	0.29
Kiewa	No	167	31.69	360	68.31	527	99.62	2	0.38	529	0.66
Londrigan	No	58	47.15	65	52.85	123	100.00	0	0.00	123
	0.15
Lurg	No	55	35.95	98	64.05	153	100.00	0	0.00	153	0.19
Markwood	No	78	40.21	116	59.79	194	100.00	0	0.00	194
	0.24
Melbourne (Indi)	Yes	33	64.71	18	35.29	51	100.00	0	0.00	51
	0.06
Milawa	No	104	31.61	225	68.39	329	99.10	3	0.90	332	0.41
Mitta Mitta	No	46	27.88	119	72.12	165	100.00	0	0.00	165
	0.21
Molyullah	No	38	39.18	59	60.82	97	100.00	0	0.00	97
	0.12
Mongans Bridge	No	39	32.77	80	67.23	119	100.00	0	0.00
	119	0.15
Mount Beauty	No	418	41.30	594	58.70	1012	99.31	7	0.69	1019
	1.27
Moyhu	No	138	31.94	294	68.06	432	99.54	2	0.46	434	0.54
Mudgegonga	No	41	33.33	82	66.67	123	99.19	1	0.81	124	0.15
Myrrhee	No	40	41.67	56	58.33	96	98.97	1	1.03	97	0.12
Myrtleford	No	980	38.00	1599	62.00	2579	99.04	25	0.96	2604	3.24
Oxley	No	113	33.43	225	66.57	338	99.41	2	0.59	340	0.42
Porepunkah	No	235	40.17	350	59.83	585	98.98	6	1.02	591	0.73
Rutherglen	No	580	38.13	941	61.87	1521	99.02	15	0.98	1536	1.91
St James	No	42	19.81	170	80.19	212	99.53	1	0.47	213	0.26
Sandy Creek	No	51	31.29	112	68.71	163	99.39	1	0.61	164	0.20
Springhurst	No	58	29.00	142	71.00	200	99.50	1	0.50	201	0.25
Stanley	No	90	43.90	115	56.10	205	99.51	1	0.49	206	0.26
Strathbogie	No	85	34.98	158	65.02	243	99.59	1	0.41	244	0.30
Swanpool	No	100	28.82	247	71.18	347	98.02	7	1.98	354	0.44
Tallangatta	No	247	29.40	593	70.60	840	99.53	4	0.47	844	1.05
Tallangatta Valley	No	29	29.59	69	70.41	98	98.99	1	1.01	99
	0.12
Tarrawingee	No	56	29.95	131	70.05	187	97.40	5	2.60	192	0.24
Tatong	No	72	42.35	98	57.65	170	99.42	1	0.58	171	0.21
Tawonga	No	137	39.26	212	60.74	349	100.00	0	0.00	349
	0.43
Thoona	No	63	31.82	135	68.18	198	100.00	0	0.00	198
	0.25
Tungamah	No	88	26.91	239	73.09	327	99.09	3	0.91	330	0.41
Violet Town	No	235	33.05	476	66.95	711	99.58	3	0.42	714	0.89
Wahgunyah	No	215	36.63	372	63.37	587	98.49	9	1.51	596	0.74
Walwa	No	74	33.04	150	66.96	224	99.56	1	0.44	225	0.28
Wandiligong	Yes	86	50.59	84	49.41	170	99.42	1	0.58	171	0.21
Wangaratta	No	787	39.31	1215	60.69	2002	98.96	21	1.04	2023	2.51
Wangaratta Hospital	No	67	48.20	72	51.80	139	98.58	2	1.42
	141	0.18
Wangaratta West	No	756	32.91	1541	67.09	2297	99.22	18	0.78	2315
	2.88
Warrenbayne	No	26	37.68	43	62.32	69	100.00	0	0.00	69
	0.09
West End	No	920	41.16	1315	58.84	2235	99.03	22	0.97	2257	2.80
Whitfield	No	84	43.98	107	56.02	191	100.00	0	0.00	191
	0.24
Whorouly	No	136	37.36	228	62.64	364	99.18	3	0.82	367	0.46
Wodonga	No	2873	38.93	4507	61.07	7380	99.03	72	0.97	7452	9.26
Wodonga Central	No	1028	36.67	1775	63.33	2803	98.77	35	1.23	2838
	3.53
Wodonga District Hospital	No	42	45.16	51	54.84	93	100.00	0
	0.00	93	0.12
Wodonga South	No	1095	39.37	1686	60.63	2781	99.46	15	0.54	2796
	3.47
Wodonga West	No	1171	41.33	1662	58.67	2833	98.85	33	1.15	2866
	3.56
Wooragee	No	72	43.64	93	56.36	165	99.40	1	0.60	166	0.21
Yackandandah	No	465	42.62	626	57.38	1091	99.73	3	0.27	1094
	1.36
Yarrawonga	No	710	31.84	1520	68.16	2230	99.60	9	0.40	2239	2.78
Yarrawonga West	No	403	30.60	914	69.40	1317	99.85	2	0.15	1319
	1.64
Yarrunga	No	1008	32.38	2105	67.62	3113	98.76	39	1.24	3152	3.92
Special Hospitals	No	61	25.74	176	74.26	237	98.75	3	1.25	240
	0.30
Total Ordinary	No	23739	36.06	42094	63.94	65833	99.21	525	0.79	66358
	82.47
ABSENT	No	1960	49.87	1970	50.13	3930	99.67	13	0.33	3943	4.90
POSTAL	No	701	32.35	1466	67.65	2167	99.49	11	0.51	2178	2.71
PRE_POLL	No	3008	38.38	4830	61.62	7838	99.61	31	0.39	7869	9.78
PROVISIONAL	No	43	37.07	73	62.93	116	100.00	0	0.00	116
	0.14
Division Summary	No	29451	36.87	50433	63.13	79884	99.28	580	0.72	80464
	95.60
