Referendum: 6 November 1999									
		
Referendum Results										
	
By Division by Polling Place									
		

"A proposed law for the Alteration of the Constitution, entitled"			
								
   the Constitutional Alteration (Establishment of Republic) 1999			
								
											
											
Victoria											
Lalor (84586)											

		Yes		No		Formal		Informal		Total	
Polling Place		Votes	%	Votes	%	Votes	%	Votes	%	Votes	%
Altona	No	1527	47.33	1699	52.67	3226	98.65	44	1.35	3270	4.03
Altona Bay	Yes	2391	56.14	1868	43.86	4259	98.36	71	1.64	4330	5.33
Altona Meadows	No	1856	49.52	1892	50.48	3748	98.48	58	1.52	3806
	4.69
Altona West	Yes	989	51.32	938	48.68	1927	98.62	27	1.38	1954	2.41
Ardeer East (Lalor)	Yes	97	60.25	64	39.75	161	99.38	1	0.62
	162	0.20
Ardeer South	Yes	1588	64.74	865	35.26	2453	98.63	34	1.37	2487
	3.06
Bellbridge	No	1975	48.80	2072	51.20	4047	98.90	45	1.10	4092	5.04
Cambridge	Yes	1462	52.51	1322	47.49	2784	98.93	30	1.07	2814	3.46
Derrimut Heath	Yes	1102	54.10	935	45.90	2037	98.64	28	1.36	2065
	2.54
Exford	No	67	43.23	88	56.77	155	99.36	1	0.64	156	0.19
Galvin Park	No	1444	43.31	1890	56.69	3334	98.55	49	1.45	3383	4.17
Glengala (Lalor)	Yes	1449	60.15	960	39.85	2409	98.25	43	1.75	2452
	3.02
Glengala South	Yes	892	50.25	883	49.75	1775	98.78	22	1.22	1797
	2.21
Glenorden	No	1160	46.77	1320	53.23	2480	99.08	23	0.92	2503	3.08
Iramoo	No	1477	44.13	1870	55.87	3347	98.70	44	1.30	3391	4.17
Laverton	No	585	45.99	687	54.01	1272	98.45	20	1.55	1292	1.59
Laverton North	No	831	40.13	1240	59.87	2071	98.76	26	1.24	2097
	2.58
Little River	No	163	40.65	238	59.35	401	98.53	6	1.47	407
	0.50
Manorvale	No	1104	43.91	1410	56.09	2514	99.25	19	0.75	2533	3.12
Melbourne (Lalor)	Yes	62	55.36	50	44.64	112	100.00	0	0.00
	112	0.14
Mossfiel	No	2034	47.71	2229	52.29	4263	98.59	61	1.41	4324	5.32
Point Cook	Yes	68	52.31	62	47.69	130	99.24	1	0.76	131	0.16
Seabrook	Yes	1333	51.79	1241	48.21	2574	98.96	27	1.04	2601	3.20
Seaholme	No	1214	48.74	1277	51.26	2491	99.09	23	0.91	2514	3.10
The Grange	Yes	948	50.13	943	49.87	1891	99.06	18	0.94	1909	2.35
Thomas Chirnside	No	688	45.03	840	54.97	1528	99.03	15	0.97	1543
	1.90
Werribee	No	1435	48.25	1539	51.75	2974	98.74	38	1.26	3012	3.71
Werribee Central	No	1111	47.28	1239	52.72	2350	99.03	23	0.97	2373
	2.92
Werribee South	No	366	41.45	517	58.55	883	98.66	12	1.34	895
	1.10
Westgrove	No	756	45.54	904	54.46	1660	99.05	16	0.95	1676	2.06
Woodville	No	1553	48.70	1636	51.30	3189	99.19	26	0.81	3215	3.96
Special Hospitals	No	11	30.56	25	69.44	36	100.00	0	0.00	36
	0.04
Total Ordinary	No	33738	49.27	34743	50.73	68481	98.77	851	1.23	69332
	85.36
ABSENT	Yes	2126	50.49	2085	49.51	4211	99.18	35	0.82	4246	5.23
POSTAL	No	732	40.33	1083	59.67	1815	99.51	9	0.49	1824	2.25
PRE_POLL	No	2375	43.59	3074	56.41	5449	99.49	28	0.51	5477	6.74
PROVISIONAL	No	156	46.15	182	53.85	338	98.26	6	1.74	344	0.42
Division Summary	No	39127	48.73	41167	51.27	80294	98.86	929	1.14	81223
	96.02
