Referendum: 6 November 1999									
		
Referendum Results										
	
By Division by Polling Place									
		

"A proposed law for the Alteration of the Constitution, entitled"			
								
   the Constitutional Alteration (Establishment of Republic) 1999			
								
											
											
Australian Capital Territory									
		
Canberra (106199)											

		Yes		No		Formal		Informal		Total	
Polling Place		Votes	%	Votes	%	Votes	%	Votes	%	Votes	%
Bonython	Yes	1109	61.07	707	38.93	1816	99.23	14	0.77	1830	1.80
Calwell	Yes	1810	62.24	1098	37.76	2908	99.28	21	0.72	2929	2.88
Canberra Hospital	Yes	587	66.33	298	33.67	885	98.99	9	1.01	894
	0.88
Chapman	Yes	1629	69.35	720	30.65	2349	99.07	22	0.93	2371	2.33
Chifley	Yes	955	63.88	540	36.12	1495	98.88	17	1.12	1512	1.49
Chisholm	Yes	1172	58.81	821	41.19	1993	99.10	18	0.90	2011	1.98
Conder	Yes	1541	57.37	1145	42.63	2686	99.15	23	0.85	2709	2.67
Curtin	Yes	2089	69.66	910	30.34	2999	98.98	31	1.02	3030	2.98
Deakin	Yes	985	66.15	504	33.85	1489	99.33	10	0.67	1499	1.48
Duffy	Yes	1346	66.08	691	33.92	2037	99.32	14	0.68	2051	2.02
Fadden	Yes	1485	66.06	763	33.94	2248	99.47	12	0.53	2260	2.23
Farrer	Yes	1641	57.97	1190	42.03	2831	99.12	25	0.88	2856	2.81
Gilmore	Yes	1292	57.07	972	42.93	2264	99.17	19	0.83	2283	2.25
Gordon	Yes	2281	58.61	1611	41.39	3892	99.16	33	0.84	3925	3.87
Gowrie	Yes	1208	61.54	755	38.46	1963	99.14	17	0.86	1980	1.95
Holder	Yes	1058	64.04	594	35.96	1652	98.98	17	1.02	1669	1.64
Hughes	Yes	1947	69.09	871	30.91	2818	99.33	19	0.67	2837	2.79
Isabella Plains	Yes	1390	54.60	1156	45.40	2546	99.07	24	0.93	2570
	2.53
Kambah East	Yes	1175	61.65	731	38.35	1906	99.37	12	0.63	1918	1.89
Kambah North	Yes	1017	61.12	647	38.88	1664	99.11	15	0.89	1679
	1.65
Kambah South	Yes	932	57.64	685	42.36	1617	99.14	14	0.86	1631
	1.61
Kambah West	Yes	2261	63.51	1299	36.49	3560	99.39	22	0.61	3582	3.53
Lyons	Yes	983	65.01	529	34.99	1512	99.15	13	0.85	1525	1.50
Mawson	Yes	1961	65.85	1017	34.15	2978	99.27	22	0.73	3000	2.95
Monash	Yes	1866	62.28	1130	37.72	2996	99.07	28	0.93	3024	2.98
Oaks Estate	No	82	49.10	85	50.90	167	99.40	1	0.60	168	0.17
Pearce	Yes	1492	62.72	887	37.28	2379	99.17	20	0.83	2399	2.36
Red Hill	Yes	1206	67.75	574	32.25	1780	99.33	12	0.67	1792	1.76
Richardson	Yes	863	52.08	794	47.92	1657	99.10	15	0.90	1672	1.65
Rivett	Yes	1244	62.70	740	37.30	1984	99.40	12	0.60	1996	1.97
Tharwa	Yes	56	53.33	49	46.67	105	99.06	1	0.94	106	0.10
Theodore	Yes	958	60.40	628	39.60	1586	99.19	13	0.81	1599	1.57
Wanniassa	Yes	1760	59.28	1209	40.72	2969	99.36	19	0.64	2988	2.94
Wanniassa Hills	Yes	1767	62.35	1067	37.65	2834	99.30	20	0.70	2854
	2.81
Waramanga	Yes	2139	62.47	1285	37.53	3424	99.07	32	0.93	3456	3.40
Weston	Yes	1277	65.82	663	34.18	1940	99.23	15	0.77	1955	1.93
Yarralumla	Yes	1209	70.66	502	29.34	1711	99.71	5	0.29	1716	1.69
Special Hospitals	No	273	40.62	399	59.38	672	98.68	9	1.32	681
	0.67
Total Ordinary	Yes	50046	62.31	30266	37.69	80312	99.20	645	0.80	80957
	79.73
ABSENT	Yes	1879	66.14	962	33.86	2841	99.30	20	0.70	2861	2.82
POSTAL	Yes	1264	52.40	1148	47.60	2412	99.50	12	0.50	2424	2.39
PRE_POLL	Yes	9107	61.76	5638	38.24	14745	99.55	67	0.45	14812	14.59
PROVISIONAL	Yes	279	57.53	206	42.47	485	99.18	4	0.82	489	0.48
Division Summary	Yes	62575	62.08	38220	37.92	100795	99.26	748	0.74
	101543	95.62
