Referendum: 6 November 1999									
		
Referendum Results										
	
By Division by Polling Place									
		

"A proposed law for the Alteration of the Constitution, entitled"			
								
   the Constitutional Alteration (Establishment of Republic) 1999			
								
											
											
Northern Territory										
	
Northern Territory (108149)									
		

		Yes		No		Formal		Informal		Total	
Polling Place		Votes	%	Votes	%	Votes	%	Votes	%	Votes	%
Alice Springs	No	894	46.23	1040	53.77	1934	99.54	9	0.46	1943
	2.11
Alyangula	Yes	216	51.43	204	48.57	420	99.29	3	0.71	423	0.46
Anula	Yes	1224	53.31	1072	46.69	2296	98.97	24	1.03	2320	2.53
Bakewell	No	514	47.42	570	52.58	1084	99.09	10	0.91	1094	1.19
Batchelor	No	165	48.82	173	51.18	338	99.71	1	0.29	339	0.37
Berrimah	No	311	45.07	379	54.93	690	99.28	5	0.72	695	0.76
Berry Springs	No	297	44.13	376	55.87	673	99.12	6	0.88	679
	0.74
Braitling	No	704	42.05	970	57.95	1674	98.59	24	1.41	1698	1.85
Casuarina	Yes	1770	55.40	1425	44.60	3195	99.04	31	0.96	3226	3.51
Christmas Island	Yes	218	57.22	163	42.78	381	89.44	45	10.56	426
	0.46
Darwin	Yes	756	58.74	531	41.26	1287	98.17	24	1.83	1311	1.43
Driver	No	1458	44.40	1826	55.60	3284	99.21	26	0.79	3310	3.60
Durack	Yes	607	50.92	585	49.08	1192	99.33	8	0.67	1200	1.31
Gillen	No	1104	40.38	1630	59.62	2734	98.88	31	1.12	2765	3.01
Gray	No	973	44.05	1236	55.95	2209	99.06	21	0.94	2230	2.43
Home Island	No	86	36.29	151	63.71	237	98.34	4	1.66	241	0.26
Howard Springs	Yes	1188	50.19	1179	49.81	2367	99.58	10	0.42	2377
	2.59
Humpty Doo	No	1242	44.98	1519	55.02	2761	99.39	17	0.61	2778	3.02
Jabiru	Yes	292	54.99	239	45.01	531	99.25	4	0.75	535	0.58
Karama	No	1791	49.30	1842	50.70	3633	98.86	42	1.14	3675	4.00
Katherine	No	808	40.62	1181	59.38	1989	99.15	17	0.85	2006	2.18
Katherine East	No	476	39.63	725	60.37	1201	99.42	7	0.58	1208
	1.31
Larapinta	No	507	38.85	798	61.15	1305	99.39	8	0.61	1313	1.43
Larrakeyah	Yes	732	59.42	500	40.58	1232	99.52	6	0.48	1238	1.35
Leanyer	Yes	1093	55.37	881	44.63	1974	99.05	19	0.95	1993	2.17
Ludmilla	No	792	48.29	848	51.71	1640	98.50	25	1.50	1665	1.81
Moulden	No	168	45.65	200	54.35	368	98.40	6	1.60	374	0.41
Nakara	Yes	1390	57.11	1044	42.89	2434	98.98	25	1.02	2459	2.68
Nhulunbuy	Yes	932	54.60	775	45.40	1707	99.01	17	0.99	1724	1.88
Nightcliff	Yes	2109	58.73	1482	41.27	3591	99.20	29	0.80	3620	3.94
Parap	Yes	1839	59.55	1249	40.45	3088	99.42	18	0.58	3106	3.38
Pine Creek	No	92	43.19	121	56.81	213	98.61	3	1.39	216	0.24
Railway Side	No	78	45.88	92	54.12	170	97.14	5	2.86	175
	0.19
Rapid Creek	Yes	1005	57.40	746	42.60	1751	98.81	21	1.19	1772	1.93
Sadadeen	No	1041	47.56	1148	52.44	2189	99.23	17	0.77	2206	2.40
Stuart Park	Yes	751	56.17	586	43.83	1337	98.96	14	1.04	1351	1.47
Tennant Creek	No	428	33.15	863	66.85	1291	97.88	28	2.12	1319
	1.44
Tindal	No	105	37.91	172	62.09	277	99.64	1	0.36	278	0.30
Tiwi	Yes	512	57.08	385	42.92	897	99.23	7	0.77	904	0.98
Wanguri	Yes	1222	52.72	1096	47.28	2318	99.23	18	0.77	2336	2.54
West Island	Yes	22	64.71	12	35.29	34	100.00	0	0.00	34
	0.04
Woodroffe	No	224	46.96	253	53.04	477	97.75	11	2.25	488	0.53
Wulagi	Yes	581	52.77	520	47.23	1101	99.46	6	0.54	1107	1.20
Yirara	No	206	34.51	391	65.49	597	97.71	14	2.29	611	0.66
Yulara	No	155	45.86	183	54.14	338	100.00	0	0.00	338
	0.37
Special Hospitals	No	95	42.22	130	57.78	225	98.68	3	1.32	228
	0.25
Remote Mobiles	No	5535	46.33	6411	53.67	11946	98.96	126	1.04	12072
	13.14
Prison Mobiles	No	69	33.50	137	66.50	206	100.00	0	0.00
	206	0.22
Total Ordinary	No	38777	49.20	40039	50.80	78816	99.00	796	1.00	79612
	86.65
ABSENT	No	0	0.00	0	0.00	0	0.00	0	0.00	0	0.00
POSTAL	No	881	38.25	1422	61.75	2303	99.65	8	0.35	2311	2.52
PRE_POLL	No	4268	47.83	4656	52.17	8924	99.61	35	0.39	8959	9.75
PROVISIONAL	No	465	47.21	520	52.79	985	98.70	13	1.30	998	1.09
Division Summary	No	44391	48.77	46637	51.23	91028	99.07	852	0.93	91880
	84.96
