Referendum: 6 November 1999									
		
Referendum Results										
	
By Division by Polling Place									
		

"A proposed law for the Alteration of the Constitution, entitled"			
								
   the Constitutional Alteration (Establishment of Republic) 1999			
								
											
											
Western Australia											
Swan (84991)											

		Yes		No		Formal		Informal		Total	
Polling Place		Votes	%	Votes	%	Votes	%	Votes	%	Votes	%
Beckenham	No	1041	35.87	1861	64.13	2902	99.11	26	0.89	2928	3.64
Belmont	No	499	39.17	775	60.83	1274	99.30	9	0.70	1283	1.59
Bentley	No	549	39.99	824	60.01	1373	97.93	29	2.07	1402	1.74
Bentley South	No	351	43.28	460	56.72	811	98.90	9	1.10	820
	1.02
Bentley West	Yes	441	50.46	433	49.54	874	98.53	13	1.47	887
	1.10
Cannington	No	682	42.49	923	57.51	1605	98.05	32	1.95	1637	2.03
Cannington East	No	772	35.97	1374	64.03	2146	98.76	27	1.24	2173
	2.70
Carlisle	No	435	37.93	712	62.07	1147	99.05	11	0.95	1158	1.44
Cloverdale	No	389	39.21	603	60.79	992	99.70	3	0.30	995	1.24
Cloverdale North	No	910	35.74	1636	64.26	2546	99.14	22	0.86	2568
	3.19
Cloverdale West	No	1177	39.50	1803	60.50	2980	98.77	37	1.23	3017
	3.75
Como	No	1286	48.38	1372	51.62	2658	99.36	17	0.64	2675	3.32
Como North	No	341	47.43	378	52.57	719	99.45	4	0.55	723	0.90
Como South	No	460	45.82	544	54.18	1004	99.41	6	0.59	1010	1.25
Guildford (Swan)	No	250	46.04	293	53.96	543	98.73	7	1.27	550
	0.68
Hazelmere	No	264	36.16	466	63.84	730	99.46	4	0.54	734	0.91
High Wycombe	No	891	33.45	1773	66.55	2664	99.07	25	0.93	2689
	3.34
High Wycombe South	No	611	32.67	1259	67.33	1870	98.94	20	1.06
	1890	2.35
Kensington	Yes	1019	53.94	870	46.06	1889	99.26	14	0.74	1903	2.36
Kewdale	No	655	38.39	1051	61.61	1706	99.19	14	0.81	1720	2.14
Kewdale West	No	1121	40.99	1614	59.01	2735	99.06	26	0.94	2761
	3.43
Lathlain	No	808	44.44	1010	55.56	1818	99.18	15	0.82	1833	2.28
Manning	No	1530	49.79	1543	50.21	3073	99.48	16	0.52	3089	3.84
Manning North	No	582	46.97	657	53.03	1239	99.20	10	0.80	1249
	1.55
Millen	No	564	43.12	744	56.88	1308	99.47	7	0.53	1315	1.63
Perth (Swan)	No	130	47.62	143	52.38	273	98.20	5	1.80	278
	0.35
Perth Domestic Airport	No	23	38.33	37	61.67	60	98.36	1	1.64	61
	0.08
Perth International Airport	No	16	39.02	25	60.98	41	100.00	0
	0.00	41	0.05
Queens Park	No	438	38.66	695	61.34	1133	98.44	18	1.56	1151	1.43
Redcliffe	No	404	35.82	724	64.18	1128	98.95	12	1.05	1140	1.42
Rivervale	No	259	41.11	371	58.89	630	98.59	9	1.41	639	0.79
Rivervale North	No	776	41.59	1090	58.41	1866	98.94	20	1.06	1886
	2.34
Rottnest (Swan)	Yes	46	58.23	33	41.77	79	100.00	0	0.00	79
	0.10
Rowethorpe	No	105	31.16	232	68.84	337	98.83	4	1.17	341	0.42
South Perth	Yes	1324	54.58	1102	45.42	2426	99.18	20	0.82	2446	3.04
South Perth Central	No	1618	49.45	1654	50.55	3272	99.15	28	0.85
	3300	4.10
South Perth North	No	380	44.81	468	55.19	848	98.95	9	1.05	857
	1.06
Swan Cottage Homes	No	186	28.40	469	71.60	655	98.05	13	1.95
	668	0.83
Victoria Park	Yes	1356	52.09	1247	47.91	2603	98.82	31	1.18	2634
	3.27
Victoria Park Central	Yes	1290	51.62	1209	48.38	2499	99.13	22	0.87
	2521	3.13
Victoria Park East	No	974	49.95	976	50.05	1950	99.39	12	0.61
	1962	2.44
Wilson	No	1075	45.92	1266	54.08	2341	98.82	28	1.18	2369	2.94
Special Hospitals	No	276	32.02	586	67.98	862	98.40	14	1.60	876
	1.09
Prison Mobiles	No	0	0.00	1	100.00	1	100.00	0
	0.00	1	0.00
Total Ordinary	No	28304	43.14	37306	56.86	65610	99.02	649	0.98	66259
	82.30
ABSENT	No	3234	43.95	4124	56.05	7358	99.34	49	0.66	7407	9.20
POSTAL	No	769	36.15	1358	63.85	2127	99.49	11	0.51	2138	2.66
PRE_POLL	No	1751	46.15	2043	53.85	3794	99.53	18	0.47	3812	4.73
PROVISIONAL	No	376	42.20	515	57.80	891	99.22	7	0.78	898	1.12
Division Summary	No	34434	43.16	45346	56.84	79780	99.09	734	0.91	80514
	94.73
