Referendum: 6 November 1999									
		
Referendum Results										
	
By Division by Polling Place									
		

"A proposed law for the Alteration of the Constitution, entitled"			
								
   the Constitutional Alteration (Preamble) 1999					
						
											
											
Tasmania											
Braddon (61795)											

		Yes		No		Formal		Informal		Total	
Polling Place		                                                             
Votes	%	Votes	%	Votes	%	Votes	%	Votes	%
Abbotsham	No	53	33.33	106	66.67	159	99.37	1	0.63	160	0.27
Acton	No	416	21.31	1536	78.69	1952	98.04	39	1.96	1991	3.33
Addison Street	No	267	29.24	646	70.76	913	98.38	15	1.62	928
	1.55
Ambleside	No	238	39.80	360	60.20	598	99.34	4	0.66	602	1.01
Blythe Heads	No	60	25.64	174	74.36	234	98.73	3	1.27	237
	0.40
Boat Harbour	No	117	39.93	176	60.07	293	99.32	2	0.68	295
	0.49
Brooklyn	No	197	33.50	391	66.50	588	99.16	5	0.84	593	0.99
Burnie	No	485	35.32	888	64.68	1373	98.92	15	1.08	1388	2.32
Burnie South	No	107	29.00	262	71.00	369	98.40	6	1.60	375
	0.63
Calder	No	29	32.95	59	67.05	88	100.00	0	0.00	88
	0.15
Cooee	No	338	39.91	509	60.09	847	99.41	5	0.59	852	1.43
Cuprona	No	44	32.35	92	67.65	136	98.55	2	1.45	138	0.23
Currie	No	212	25.45	621	74.55	833	98.70	11	1.30	844	1.41
Devonport Central	No	653	36.30	1146	63.70	1799	99.28	13	0.72	1812
	3.03
Devonport East	No	600	26.55	1660	73.45	2260	99.04	22	0.96	2282
	3.82
Devonport North	No	279	35.68	503	64.32	782	99.74	2	0.26	784
	1.31
Devonport South	No	549	31.73	1181	68.27	1730	98.58	25	1.42	1755
	2.94
Don	No	240	37.56	399	62.44	639	99.38	4	0.62	643	1.08
Edith Creek	No	42	30.00	98	70.00	140	98.59	2	1.41	142	0.24
Elliott	No	81	36.16	143	63.84	224	98.68	3	1.32	227	0.38
Forest	No	93	24.60	285	75.40	378	99.21	3	0.79	381	0.64
Forth	No	269	36.06	477	63.94	746	99.20	6	0.80	752	1.26
Gawler	No	99	27.20	265	72.80	364	99.45	2	0.55	366	0.61
Grassy	No	30	27.78	78	72.22	108	98.18	2	1.82	110	0.18
Gunns Plains	No	15	16.48	76	83.52	91	100.00	0	0.00	91
	0.15
Havenview	No	153	28.98	375	71.02	528	99.25	4	0.75	532	0.89
Highclere	No	23	17.42	109	82.58	132	100.00	0	0.00	132
	0.22
Irishtown	No	70	25.93	200	74.07	270	99.63	1	0.37	271	0.45
Lileah	No	18	32.73	37	67.27	55	100.00	0	0.00	55
	0.09
Malonga Park	No	448	40.58	656	59.42	1104	99.55	5	0.45	1109
	1.86
Marrawah	No	36	21.56	131	78.44	167	98.82	2	1.18	169	0.28
Mawbanna	No	13	21.67	47	78.33	60	100.00	0	0.00	60
	0.10
Melrose	No	46	32.39	96	67.61	142	99.30	1	0.70	143	0.24
Montagu	No	41	33.33	82	66.67	123	99.19	1	0.81	124	0.21
Montello	No	398	29.39	956	70.61	1354	98.83	16	1.17	1370	2.29
Moorleah	No	46	24.73	140	75.27	186	97.89	4	2.11	190	0.32
Natone	No	63	35.39	115	64.61	178	98.89	2	1.11	180	0.30
Nietta	No	18	29.03	44	70.97	62	100.00	0	0.00	62
	0.10
Nixon Street	No	886	36.16	1564	63.84	2450	99.11	22	0.89	2472
	4.14
North Motton	No	58	24.68	177	75.32	235	99.58	1	0.42	236
	0.40
Penguin	No	646	30.47	1474	69.53	2120	99.39	13	0.61	2133	3.57
Preston	No	33	32.67	68	67.33	101	100.00	0	0.00	101
	0.17
Redpa	No	18	27.27	48	72.73	66	100.00	0	0.00	66	0.11
Reekara	No	34	32.38	71	67.62	105	99.06	1	0.94	106	0.18
Riana	No	77	34.53	146	65.47	223	99.55	1	0.45	224	0.38
Ridgley	No	169	25.84	485	74.16	654	99.39	4	0.61	658	1.10
Rocky Cape	No	125	29.48	299	70.52	424	99.07	4	0.93	428	0.72
Savage River	No	11	23.40	36	76.60	47	100.00	0	0.00	47
	0.08
Sisters Beach	No	87	40.28	129	59.72	216	99.08	2	0.92	218
	0.37
Sisters Creek	No	68	34.34	130	65.66	198	97.54	5	2.46	203
	0.34
Smithton	No	695	27.32	1849	72.68	2544	98.64	35	1.36	2579	4.32
Somerset	No	681	29.44	1632	70.56	2313	98.22	42	1.78	2355	3.94
South Riana	No	54	27.27	144	72.73	198	99.50	1	0.50	199	0.33
Sprent	No	52	25.62	151	74.38	203	99.02	2	0.98	205	0.34
Spreyton	No	329	31.36	720	68.64	1049	98.78	13	1.22	1062	1.78
Stanley	No	118	26.82	322	73.18	440	98.65	6	1.35	446	0.75
Stowport	No	69	29.49	165	70.51	234	98.73	3	1.27	237	0.40
Sulphur Creek	No	147	34.43	280	65.57	427	98.84	5	1.16	432
	0.72
Togari	No	21	28.77	52	71.23	73	97.33	2	2.67	75	0.13
Trowutta	No	23	35.94	41	64.06	64	100.00	0	0.00	64
	0.11
Turners Beach	No	271	36.92	463	63.08	734	99.19	6	0.81	740
	1.24
Ulverstone	No	390	33.51	774	66.49	1164	98.90	13	1.10	1177	1.97
Ulverstone East	No	341	33.17	687	66.83	1028	98.37	17	1.63	1045
	1.75
Ulverstone South	No	703	31.22	1549	68.78	2252	98.73	29	1.27	2281
	3.82
Ulverstone West	No	558	27.97	1437	72.03	1995	99.30	14	0.70	2009
	3.36
Upper Burnie	No	467	30.80	1049	69.20	1516	98.63	21	1.37	1537
	2.57
Valley Road	No	501	30.57	1138	69.43	1639	98.91	18	1.09	1657	2.77
Waratah	No	49	36.03	87	63.97	136	97.14	4	2.86	140	0.23
West Wynyard	No	342	31.43	746	68.57	1088	99.18	9	0.82	1097
	1.84
Wivenhoe	No	110	29.41	264	70.59	374	99.20	3	0.80	377	0.63
Wynyard	No	687	32.09	1454	67.91	2141	98.89	24	1.11	2165	3.63
Wynyard East	No	153	27.13	411	72.87	564	99.30	4	0.70	568
	0.95
Yolla	No	142	32.49	295	67.51	437	98.42	7	1.58	444	0.74
Special Hospitals	No	185	32.01	393	67.99	578	96.66	20	3.34	598
	1.00
Total Ordinary	No	16186	31.11	35849	68.89	52035	98.90	579	1.10	52614
	88.11
ABSENT	No	891	38.66	1414	61.34	2305	99.27	17	0.73	2322	3.89
POSTAL	No	441	26.78	1206	73.22	1647	99.58	7	0.42	1654	2.77
PRE_POLL	No	994	35.72	1789	64.28	2783	99.46	15	0.54	2798	4.69
PROVISIONAL	No	95	29.69	225	70.31	320	98.77	4	1.23	324	0.54
Division Summary	No	18607	31.49	40483	68.51	59090	98.96	622	1.04	59712
	96.63
