Referendum: 6 November 1999									
		
Referendum Results										
	
By Division by Polling Place									
		

"A proposed law for the Alteration of the Constitution, entitled"			
								
   the Constitutional Alteration (Preamble) 1999					
						
											
											
Western Australia											
Swan (84991)											

		Yes		No		Formal		Informal		Total	
Polling Place		                                                             
Votes	%	Votes	%	Votes	%	Votes	%	Votes	%
Beckenham	No	816	28.18	2080	71.82	2896	98.94	31	1.06	2927	3.63
Belmont	No	406	31.87	868	68.13	1274	99.30	9	0.70	1283	1.59
Bentley	No	447	32.49	929	67.51	1376	98.15	26	1.85	1402	1.74
Bentley South	No	288	35.60	521	64.40	809	98.66	11	1.34	820
	1.02
Bentley West	No	338	38.99	529	61.01	867	97.64	21	2.36	888
	1.10
Cannington	No	581	36.11	1028	63.89	1609	98.29	28	1.71	1637	2.03
Cannington East	No	643	29.99	1501	70.01	2144	98.67	29	1.33	2173
	2.70
Carlisle	No	360	31.41	786	68.59	1146	98.96	12	1.04	1158	1.44
Cloverdale	No	296	29.93	693	70.07	989	99.30	7	0.70	996	1.24
Cloverdale North	No	759	29.86	1783	70.14	2542	98.95	27	1.05	2569
	3.19
Cloverdale West	No	953	31.95	2030	68.05	2983	98.51	45	1.49	3028
	3.76
Como	No	1085	40.68	1582	59.32	2667	99.26	20	0.74	2687	3.34
Como North	No	276	38.49	441	61.51	717	99.31	5	0.69	722	0.90
Como South	No	356	35.49	647	64.51	1003	99.31	7	0.69	1010	1.25
Guildford (Swan)	No	211	38.72	334	61.28	545	99.63	2	0.37	547
	0.68
Hazelmere	No	224	30.60	508	69.40	732	99.59	3	0.41	735	0.91
High Wycombe	No	715	26.96	1937	73.04	2652	98.66	36	1.34	2688
	3.34
High Wycombe South	No	476	25.48	1392	74.52	1868	98.84	22	1.16
	1890	2.35
Kensington	No	794	42.01	1096	57.99	1890	99.32	13	0.68	1903	2.36
Kewdale	No	519	30.44	1186	69.56	1705	99.01	17	0.99	1722	2.14
Kewdale West	No	896	32.83	1833	67.17	2729	98.84	32	1.16	2761
	3.43
Lathlain	No	627	34.55	1188	65.45	1815	99.07	17	0.93	1832	2.27
Manning	No	1249	40.67	1822	59.33	3071	99.51	15	0.49	3086	3.83
Manning North	No	428	34.60	809	65.40	1237	99.12	11	0.88	1248
	1.55
Millen	No	471	36.04	836	63.96	1307	99.39	8	0.61	1315	1.63
Perth (Swan)	No	100	36.90	171	63.10	271	97.48	7	2.52	278
	0.35
Perth Domestic Airport	No	23	38.33	37	61.67	60	98.36	1	1.64	61
	0.08
Perth International Airport	No	17	41.46	24	58.54	41	100.00	0
	0.00	41	0.05
Queens Park	No	383	33.92	746	66.08	1129	98.09	22	1.91	1151	1.43
Redcliffe	No	332	29.41	797	70.59	1129	99.04	11	0.96	1140	1.42
Rivervale	No	223	35.40	407	64.60	630	98.59	9	1.41	639	0.79
Rivervale North	No	643	34.70	1210	65.30	1853	98.41	30	1.59	1883
	2.34
Rottnest (Swan)	No	36	45.57	43	54.43	79	100.00	0	0.00	79
	0.10
Rowethorpe	No	100	29.67	237	70.33	337	99.12	3	0.88	340	0.42
South Perth	No	1087	44.84	1337	55.16	2424	99.14	21	0.86	2445	3.04
South Perth Central	No	1312	40.16	1955	59.84	3267	98.94	35	1.06
	3302	4.10
South Perth North	No	313	36.91	535	63.09	848	98.95	9	1.05	857
	1.06
Swan Cottage Homes	No	171	25.99	487	74.01	658	98.36	11	1.64
	669	0.83
Victoria Park	No	1049	40.35	1551	59.65	2600	98.75	33	1.25	2633
	3.27
Victoria Park Central	No	985	39.37	1517	60.63	2502	99.13	22	0.87
	2524	3.13
Victoria Park East	No	719	36.89	1230	63.11	1949	99.24	15	0.76
	1964	2.44
Wilson	No	875	37.47	1460	62.53	2335	98.56	34	1.44	2369	2.94
Special Hospitals	No	344	40.57	504	59.43	848	96.80	28	3.20	876
	1.09
Prison Mobiles	Yes	1	100.00	0	0.00	1	100.00	0
	0.00	1	0.00
Total Ordinary	No	22927	34.98	42607	65.02	65534	98.88	745	1.12	66279
	82.29
ABSENT	No	2687	36.49	4677	63.51	7364	99.35	48	0.65	7412	9.20
POSTAL	No	672	31.65	1451	68.35	2123	99.25	16	0.75	2139	2.66
PRE_POLL	No	1436	37.88	2355	62.12	3791	99.48	20	0.52	3811	4.73
PROVISIONAL	No	334	37.57	555	62.43	889	99.00	9	1.00	898	1.11
Division Summary	No	28056	35.20	51645	64.80	79701	98.96	838	1.04	80539
	94.76
