Referendum: 6 November 1999									
		
Referendum Results										
	
By Division by Polling Place									
		

"A proposed law for the Alteration of the Constitution, entitled"			
								
   the Constitutional Alteration (Establishment of Republic) 1999			
								
											
											
New South Wales											
Page (81079)											

		Yes		No		Formal		Informal		Total	
Polling Place		Votes	%	Votes	%	Votes	%	Votes	%	Votes	%
Baryulgil	No	28	44.44	35	55.56	63	100.00	0	0.00	63
	0.08
Bentley	No	92	43.81	118	56.19	210	100.00	0	0.00	210
	0.27
Bexhill	No	206	43.19	271	56.81	477	99.79	1	0.21	478	0.61
Bonalbo	No	110	25.88	315	74.12	425	98.84	5	1.16	430	0.55
Broadwater	No	140	38.67	222	61.33	362	99.18	3	0.82	365	0.47
Brooms Head	No	84	45.90	99	54.10	183	100.00	0	0.00	183
	0.24
Caniaba	No	77	31.69	166	68.31	243	100.00	0	0.00	243
	0.31
Casino	No	1213	33.00	2463	67.00	3676	98.84	43	1.16	3719	4.78
Casino High	No	260	31.25	572	68.75	832	99.40	5	0.60	837	1.08
Casino Hospital	No	177	30.52	403	69.48	580	98.81	7	1.19	587
	0.76
Casino South	No	327	33.89	638	66.11	965	99.28	7	0.72	972
	1.25
Casino West	No	196	26.24	551	73.76	747	100.00	0	0.00	747
	0.96
Cawongla	Yes	259	66.75	129	33.25	388	99.49	2	0.51	390	0.50
Chatsworth Island	No	115	31.34	252	68.66	367	99.19	3	0.81	370
	0.48
Clovass	No	51	21.79	183	78.21	234	100.00	0	0.00	234
	0.30
Clunes	Yes	200	56.98	151	43.02	351	99.15	3	0.85	354	0.46
Copmanhurst	No	105	32.81	215	67.19	320	99.69	1	0.31	321	0.41
Coraki	No	306	32.97	622	67.03	928	99.57	4	0.43	932	1.20
Corindi	No	248	40.13	370	59.87	618	100.00	0	0.00	618
	0.80
Corndale	No	63	49.22	65	50.78	128	98.46	2	1.54	130	0.17
Coutts Crossing	No	235	31.50	511	68.50	746	99.47	4	0.53	750
	0.96
Cowper	No	123	33.61	243	66.39	366	99.73	1	0.27	367	0.47
Drake	No	64	43.84	82	56.16	146	99.32	1	0.68	147	0.19
Dundurrabin	No	59	45.04	72	54.96	131	98.50	2	1.50	133	0.17
Dunoon	No	285	47.74	312	52.26	597	99.17	5	0.83	602	0.77
Eltham	No	95	47.98	103	52.02	198	100.00	0	0.00	198
	0.25
Evans Head	No	634	40.15	945	59.85	1579	99.37	10	0.63	1589	2.04
Fairy Hill	No	114	28.15	291	71.85	405	100.00	0	0.00	405
	0.52
Gillwinga	No	278	43.10	367	56.90	645	99.69	2	0.31	647	0.83
Glenreagh	No	151	34.63	285	65.37	436	98.20	8	1.80	444	0.57
Goolmangar	No	184	43.50	239	56.50	423	99.06	4	0.94	427	0.55
Goonellabah	No	1002	40.42	1477	59.58	2479	99.44	14	0.56	2493	3.21
Goonellabah South	No	698	37.85	1146	62.15	1844	99.51	9	0.49	1853
	2.38
Grafton	No	780	39.88	1176	60.12	1956	98.94	21	1.06	1977	2.54
Grafton East	No	562	38.08	914	61.92	1476	98.93	16	1.07	1492
	1.92
Grafton Hospital	No	119	37.42	199	62.58	318	99.69	1	0.31	319
	0.41
Grafton North	No	692	35.31	1268	64.69	1960	99.44	11	0.56	1971
	2.54
Grafton South	No	364	30.98	811	69.02	1175	99.07	11	0.93	1186
	1.53
Grevillia	No	36	21.18	134	78.82	170	100.00	0	0.00	170
	0.22
Gulmarrad	No	170	44.27	214	55.73	384	99.22	3	0.78	387	0.50
Gundurimba South	No	32	27.12	86	72.88	118	100.00	0	0.00
	118	0.15
Harwood Island	No	96	31.89	205	68.11	301	99.67	1	0.33	302
	0.39
Horseshoe Creek	No	57	37.75	94	62.25	151	98.69	2	1.31	153
	0.20
Iluka	No	412	35.64	744	64.36	1156	99.48	6	0.52	1162	1.50
Jiggi	Yes	126	54.31	106	45.69	232	97.07	7	2.93	239	0.31
Junction Hill	No	279	38.17	452	61.83	731	99.73	2	0.27	733
	0.94
Kyogle	No	721	32.46	1500	67.54	2221	99.02	22	0.98	2243	2.89
Kyogle Hospital	No	126	35.69	227	64.31	353	98.33	6	1.67	359
	0.46
Lawrence	No	213	37.70	352	62.30	565	99.47	3	0.53	568	0.73
Leeville	No	88	28.95	216	71.05	304	98.06	6	1.94	310	0.40
Legume	No	32	21.62	116	78.38	148	98.67	2	1.33	150	0.19
Lismore	No	1126	46.26	1308	53.74	2434	98.22	44	1.78	2478	3.19
Lismore Central	No	788	47.07	886	52.93	1674	99.41	10	0.59	1684
	2.17
Lismore East	No	745	43.62	963	56.38	1708	99.36	11	0.64	1719
	2.21
Lismore Heights	No	379	47.20	424	52.80	803	99.63	3	0.37	806
	1.04
Lismore Hospital	No	133	40.80	193	59.20	326	99.39	2	0.61	328
	0.42
Lismore North	No	224	41.48	316	58.52	540	99.82	1	0.18	541
	0.70
Lismore St Vincents Hospital	No	262	43.89	335	56.11	597	99.17	5
	0.83	602	0.77
Lismore South	No	696	40.68	1015	59.32	1711	99.02	17	0.98	1728
	2.22
Liston	No	43	31.16	95	68.84	138	100.00	0	0.00	138
	0.18
Maclean	No	640	36.63	1107	63.37	1747	99.43	10	0.57	1757	2.26
Maclean Hospital	No	185	34.13	357	65.87	542	99.63	2	0.37	544
	0.70
Mallanganee	No	70	29.29	169	70.71	239	98.76	3	1.24	242	0.31
Modanville	No	118	42.29	161	57.71	279	99.64	1	0.36	280	0.36
Nimbin	Yes	617	65.29	328	34.71	945	97.32	26	2.68	971	1.25
Nymboida	No	54	44.63	67	55.37	121	99.18	1	0.82	122	0.16
Palmers Island	No	215	36.01	382	63.99	597	99.00	6	1.00	603
	0.78
Pound Hill	No	563	39.02	880	60.98	1443	99.11	13	0.89	1456	1.87
Rappville	No	32	21.62	116	78.38	148	99.33	1	0.67	149	0.19
Red Rock	No	76	46.63	87	53.37	163	100.00	0	0.00	163
	0.21
Rosebank	Yes	165	73.01	61	26.99	226	99.12	2	0.88	228	0.29
Southgate	No	38	33.04	77	66.96	115	100.00	0	0.00	115
	0.15
Sydney (Page)	No	8	33.33	16	66.67	24	96.00	1	4.00	25
	0.03
Tabulam	No	123	33.88	240	66.12	363	99.18	3	0.82	366	0.47
The Channon	Yes	285	68.67	130	31.33	415	97.42	11	2.58	426	0.55
Tregeagle	No	157	39.45	241	60.55	398	100.00	0	0.00	398
	0.51
Tucabia	No	104	31.61	225	68.39	329	99.70	1	0.30	330	0.42
Ulmarra	No	143	24.32	445	75.68	588	99.83	1	0.17	589	0.76
Urbenville	No	44	19.21	185	80.79	229	99.57	1	0.43	230	0.30
Vere Street	No	793	32.47	1649	67.53	2442	98.83	29	1.17	2471	3.18
Waterview Heights	No	292	33.22	587	66.78	879	99.10	8	0.90	887
	1.14
Westlawn	No	326	34.42	621	65.58	947	99.37	6	0.63	953	1.23
Whiporie	No	35	30.70	79	69.30	114	97.44	3	2.56	117	0.15
Wiangaree	No	113	34.24	217	65.76	330	99.70	1	0.30	331	0.43
Woodburn	No	271	32.69	558	67.31	829	99.64	3	0.36	832	1.07
Woodenbong	No	70	20.06	279	79.94	349	100.00	0	0.00	349
	0.45
Wooli	No	171	35.70	308	64.30	479	99.17	4	0.83	483	0.62
Woombah	No	136	37.67	225	62.33	361	99.45	2	0.55	363	0.47
Wyrallah	No	127	36.08	225	63.92	352	99.44	2	0.56	354	0.46
Yamba	No	906	43.58	1173	56.42	2079	99.76	5	0.24	2084	2.68
Yamba West	No	352	41.07	505	58.93	857	99.30	6	0.70	863	1.11
Special Hospitals	No	148	32.96	301	67.04	449	97.19	13	2.81	462
	0.59
Total Ordinary	No	24857	38.17	40263	61.83	65120	99.20	524	0.80	65644
	84.46
ABSENT	No	1837	48.15	1978	51.85	3815	99.30	27	0.70	3842	4.94
POSTAL	No	950	33.50	1886	66.50	2836	99.72	8	0.28	2844	3.66
PRE_POLL	No	2103	43.11	2775	56.89	4878	99.55	22	0.45	4900	6.30
PROVISIONAL	No	178	36.40	311	63.60	489	98.99	5	1.01	494	0.64
Division Summary	No	29925	38.79	47213	61.21	77138	99.25	586	0.75	77724
	95.86
