Referendum: 6 November 1999									
		
Referendum Results										
	
By Division by Polling Place									
		

"A proposed law for the Alteration of the Constitution, entitled"			
								
   the Constitutional Alteration (Preamble) 1999					
						
											
											
Northern Territory										
	
Northern Territory (108149)									
		

		Yes		No		Formal		Informal		Total	
Polling Place		                                                             
Votes	%	Votes	%	Votes	%	Votes	%	Votes	%
Alice Springs	No	607	31.55	1317	68.45	1924	99.23	15	0.77	1939
	2.11
Alyangula	No	169	40.33	250	59.67	419	99.05	4	0.95	423	0.46
Anula	No	956	41.51	1347	58.49	2303	99.22	18	0.78	2321	2.53
Bakewell	No	434	40.07	649	59.93	1083	98.99	11	1.01	1094	1.19
Batchelor	No	139	41.25	198	58.75	337	99.41	2	0.59	339	0.37
Berrimah	No	259	37.65	429	62.35	688	98.99	7	1.01	695	0.76
Berry Springs	No	239	35.51	434	64.49	673	98.97	7	1.03	680
	0.74
Braitling	No	481	28.77	1191	71.23	1672	98.47	26	1.53	1698	1.85
Casuarina	No	1433	45.09	1745	54.91	3178	98.48	49	1.52	3227	3.51
Christmas Island	No	184	48.55	195	51.45	379	88.97	47	11.03	426
	0.46
Darwin	No	583	44.85	717	55.15	1300	98.48	20	1.52	1320	1.44
Driver	No	1168	35.57	2116	64.43	3284	99.24	25	0.76	3309	3.60
Durack	No	492	41.28	700	58.72	1192	99.33	8	0.67	1200	1.31
Gillen	No	841	30.85	1885	69.15	2726	98.55	40	1.45	2766	3.01
Gray	No	844	38.29	1360	61.71	2204	98.70	29	1.30	2233	2.43
Home Island	No	80	33.76	157	66.24	237	98.34	4	1.66	241	0.26
Howard Springs	No	887	37.57	1474	62.43	2361	99.24	18	0.76	2379
	2.59
Humpty Doo	No	978	35.60	1769	64.40	2747	98.96	29	1.04	2776	3.02
Jabiru	No	200	37.81	329	62.19	529	99.06	5	0.94	534	0.58
Karama	No	1408	38.81	2220	61.19	3628	98.77	45	1.23	3673	4.00
Katherine	No	644	32.39	1344	67.61	1988	99.10	18	0.90	2006	2.18
Katherine East	No	366	30.42	837	69.58	1203	99.50	6	0.50	1209
	1.32
Larapinta	No	364	27.96	938	72.04	1302	99.01	13	0.99	1315	1.43
Larrakeyah	No	565	45.93	665	54.07	1230	99.35	8	0.65	1238	1.35
Leanyer	No	845	42.87	1126	57.13	1971	98.90	22	1.10	1993	2.17
Ludmilla	No	633	38.50	1011	61.50	1644	98.62	23	1.38	1667	1.81
Moulden	No	138	37.60	229	62.40	367	98.13	7	1.87	374	0.41
Nakara	No	1047	42.93	1392	57.07	2439	98.82	29	1.18	2468	2.69
Nhulunbuy	No	666	39.18	1034	60.82	1700	98.95	18	1.05	1718	1.87
Nightcliff	No	1381	38.58	2199	61.42	3580	98.95	38	1.05	3618	3.94
Parap	No	1351	43.79	1734	56.21	3085	99.29	22	0.71	3107	3.38
Pine Creek	No	78	36.45	136	63.55	214	99.07	2	0.93	216	0.24
Railway Side	No	69	40.35	102	59.65	171	97.71	4	2.29	175
	0.19
Rapid Creek	No	725	41.40	1026	58.60	1751	98.87	20	1.13	1771	1.93
Sadadeen	No	646	29.66	1532	70.34	2178	98.73	28	1.27	2206	2.40
Stuart Park	No	536	40.24	796	59.76	1332	98.59	19	1.41	1351	1.47
Tennant Creek	No	354	27.46	935	72.54	1289	97.73	30	2.27	1319
	1.44
Tindal	No	86	31.05	191	68.95	277	99.64	1	0.36	278	0.30
Tiwi	No	363	40.51	533	59.49	896	99.12	8	0.88	904	0.98
Wanguri	No	949	40.96	1368	59.04	2317	99.23	18	0.77	2335	2.54
West Island	No	17	50.00	17	50.00	34	100.00	0	0.00	34
	0.04
Woodroffe	No	239	50.00	239	50.00	478	97.75	11	2.25	489	0.53
Wulagi	No	471	42.70	632	57.30	1103	99.55	5	0.45	1108	1.21
Yirara	No	151	25.25	447	74.75	598	97.87	13	2.13	611	0.66
Yulara	No	134	39.64	204	60.36	338	99.71	1	0.29	339	0.37
Special Hospitals	No	93	42.08	128	57.92	221	96.93	7	3.07	228
	0.25
Remote Mobiles	No	4909	41.18	7013	58.82	11922	98.69	158	1.31	12080
	13.14
Prison Mobiles	No	78	38.05	127	61.95	205	99.51	1	0.49	206
	0.22
Total Ordinary	No	30280	38.48	48417	61.52	78697	98.82	939	1.18	79636
	86.65
ABSENT	No	0	0.00	0	0.00	0	0.00	0	0.00	0	0.00
POSTAL	No	762	33.14	1537	66.86	2299	99.48	12	0.52	2311	2.51
PRE_POLL	No	3588	40.25	5327	59.75	8915	99.52	43	0.48	8958	9.75
PROVISIONAL	No	381	38.88	599	61.12	980	97.90	21	2.10	1001	1.09
Division Summary	No	35011	38.52	55880	61.48	90891	98.90	1015	1.10	91906
	84.98
