Referendum: 6 November 1999									
		
Referendum Results										
	
By Division by Polling Place									
		

"A proposed law for the Alteration of the Constitution, entitled"			
								
   the Constitutional Alteration (Preamble) 1999					
						
											
											
Western Australia											
Forrest (85315)											

		Yes		No		Formal		Informal		Total	
Polling Place		                                                             
Votes	%	Votes	%	Votes	%	Votes	%	Votes	%
Acton Park	No	29	21.64	105	78.36	134	100.00	0	0.00	134
	0.16
Albany	No	468	34.85	875	65.15	1343	98.97	14	1.03	1357	1.66
Albany Central	No	375	30.05	873	69.95	1248	98.97	13	1.03	1261
	1.54
Albany Regional Hospital	No	117	29.92	274	70.08	391	97.99	8
	2.01	399	0.49
Alexandra Bridge	No	36	27.91	93	72.09	129	99.23	1	0.77	130
	0.16
Augusta	No	220	27.16	590	72.84	810	99.02	8	0.98	818	1.00
Balingup	No	123	35.45	224	64.55	347	98.58	5	1.42	352	0.43
Bayonet Head	No	227	27.89	587	72.11	814	99.39	5	0.61	819
	1.00
Bornholm	No	100	27.03	270	72.97	370	99.73	1	0.27	371	0.45
Boyanup	No	216	30.04	503	69.96	719	99.31	5	0.69	724	0.89
Boyup Brook	No	120	19.97	481	80.03	601	99.50	3	0.50	604	0.74
Bridgetown	No	448	25.96	1278	74.04	1726	99.20	14	0.80	1740	2.13
Brookhampton	No	34	30.36	78	69.64	112	98.25	2	1.75	114
	0.14
Bunbury	No	458	39.62	698	60.38	1156	99.48	6	0.52	1162	1.42
Bunbury Central	No	329	38.84	518	61.16	847	99.18	7	0.82	854
	1.04
Bunbury East	No	655	31.28	1439	68.72	2094	99.05	20	0.95	2114
	2.59
Burekup	No	98	29.34	236	70.66	334	100.00	0	0.00	334
	0.41
Busselton	No	596	30.07	1386	69.93	1982	98.90	22	1.10	2004	2.45
Busselton East	No	529	29.65	1255	70.35	1784	99.17	15	0.83	1799
	2.20
Busselton West	No	1010	29.60	2402	70.40	3412	99.33	23	0.67	3435
	4.20
Capel	No	383	27.77	996	72.23	1379	99.35	9	0.65	1388	1.70
Carbunup River	No	109	34.38	208	65.62	317	99.37	2	0.63	319
	0.39
Carey Park	No	595	27.14	1597	72.86	2192	98.83	26	1.17	2218	2.71
Carey Park South	No	277	26.13	783	73.87	1060	99.16	9	0.84	1069
	1.31
Centennial Park	No	386	26.69	1060	73.31	1446	99.31	10	0.69	1456
	1.78
Chowerup	No	13	23.21	43	76.79	56	100.00	0	0.00	56
	0.07
Coral Park	No	567	29.97	1325	70.03	1892	98.90	21	1.10	1913	2.34
Cowaramup	No	201	34.90	375	65.10	576	99.65	2	0.35	578	0.71
Dardanup	No	204	27.83	529	72.17	733	99.19	6	0.81	739	0.90
Deanmill	No	40	20.62	154	79.38	194	98.98	2	1.02	196	0.24
Denmark	No	590	34.44	1123	65.56	1713	99.19	14	0.81	1727	2.11
Dinninup	No	24	20.34	94	79.66	118	100.00	0	0.00	118
	0.14
Donnybrook	No	442	29.08	1078	70.92	1520	98.89	17	1.11	1537	1.88
Dunsborough	No	666	40.63	973	59.37	1639	99.27	12	0.73	1651	2.02
Eaton	No	765	26.76	2094	73.24	2859	99.44	16	0.56	2875	3.52
Elgin	No	42	27.27	112	72.73	154	99.35	1	0.65	155	0.19
Elleker	No	105	27.78	273	72.22	378	98.69	5	1.31	383	0.47
Emu Point	No	76	25.68	220	74.32	296	99.66	1	0.34	297	0.36
Ferguson	No	59	39.07	92	60.93	151	100.00	0	0.00	151
	0.18
Gelorup	No	416	35.14	768	64.86	1184	99.83	2	0.17	1186	1.45
Greenbushes	No	23	6.63	324	93.37	347	98.58	5	1.42	352	0.43
Karridale	No	74	37.76	122	62.24	196	99.49	1	0.51	197	0.24
King River	No	80	25.97	228	74.03	308	98.72	4	1.28	312	0.38
Kirup	No	47	24.23	147	75.77	194	100.00	0	0.00	194	0.24
Kudardup	No	39	28.47	98	71.53	137	97.86	3	2.14	140	0.17
Little Grove	No	269	27.82	698	72.18	967	99.38	6	0.62	973
	1.19
Lockyer	No	548	22.30	1909	77.70	2457	99.07	23	0.93	2480	3.03
Lowden	No	53	25.60	154	74.40	207	99.52	1	0.48	208	0.25
Lower Kalgan	No	69	29.49	165	70.51	234	99.15	2	0.85	236
	0.29
Lower King	No	204	26.49	566	73.51	770	99.48	4	0.52	774	0.95
Ludlow	No	24	28.57	60	71.43	84	100.00	0	0.00	84
	0.10
Manjimup	No	674	25.18	2003	74.82	2677	98.67	36	1.33	2713	3.32
Manjimup East	No	154	21.60	559	78.40	713	99.17	6	0.83	719
	0.88
Manypeaks	No	61	34.27	117	65.73	178	100.00	0	0.00	178
	0.22
Margaret River	No	1059	41.61	1486	58.39	2545	98.83	30	1.17	2575
	3.15
Mayanup	No	16	14.41	95	85.59	111	100.00	0	0.00	111
	0.14
Middlesex	No	33	31.73	71	68.27	104	100.00	0	0.00	104
	0.13
Middleton Beach	No	279	32.03	592	67.97	871	99.20	7	0.80	878
	1.07
Nannup	No	169	25.64	490	74.36	659	98.36	11	1.64	670	0.82
Napier	No	41	30.60	93	69.40	134	100.00	0	0.00	134
	0.16
Northcliffe	No	86	20.72	329	79.28	415	98.57	6	1.43	421	0.52
Parryville	No	33	24.63	101	75.37	134	98.53	2	1.47	136	0.17
Pemberton	No	201	22.38	697	77.62	898	99.67	3	0.33	901	1.10
Perth (Forrest)	No	21	29.17	51	70.83	72	98.63	1	1.37	73
	0.09
Picton	No	181	27.42	479	72.58	660	99.25	5	0.75	665	0.81
Quinninup	No	22	24.44	68	75.56	90	98.90	1	1.10	91	0.11
Redmond	No	34	26.15	96	73.85	130	100.00	0	0.00	130
	0.16
Rosa Brook	No	45	35.16	83	64.84	128	100.00	0	0.00	128
	0.16
Rottnest (Forrest)	No	18	52.94	16	47.06	34	97.14	1	2.86	35
	0.04
Scotsdale	No	62	32.63	128	67.37	190	100.00	0	0.00	190
	0.23
Sealinks	No	417	37.60	692	62.40	1109	98.84	13	1.16	1122	1.37
South Bunbury	No	503	34.36	961	65.64	1464	99.05	14	0.95	1478
	1.81
South Stirling	No	8	28.57	20	71.43	28	100.00	0	0.00	28
	0.03
South West Health Campus	No	78	30.71	176	69.29	254	97.69	6
	2.31	260	0.32
Spencer Park	No	505	26.75	1383	73.25	1888	98.59	27	1.41	1915
	2.34
Tingledale	No	43	26.54	119	73.46	162	98.78	2	1.22	164	0.20
Vasse	No	266	29.36	640	70.64	906	99.45	5	0.55	911	1.11
Villa Maria	No	121	30.48	276	69.52	397	99.50	2	0.50	399	0.49
Walpole	No	104	28.81	257	71.19	361	98.37	6	1.63	367	0.45
Wellstead	No	38	32.76	78	67.24	116	99.15	1	0.85	117	0.14
Witchcliffe	No	100	30.40	229	69.60	329	99.40	2	0.60	331	0.40
Withers	No	551	26.45	1532	73.55	2083	98.63	29	1.37	2112	2.58
Wollaston	No	309	33.62	610	66.38	919	98.82	11	1.18	930	1.14
Yakamia	No	388	24.79	1177	75.21	1565	99.18	13	0.82	1578	1.93
Yallingup	No	196	47.92	213	52.08	409	99.51	2	0.49	411	0.50
Yoongarillup	No	53	26.50	147	73.50	200	99.01	2	0.99	202
	0.25
Yornup	No	21	16.94	103	83.06	124	100.00	0	0.00	124
	0.15
Special Hospitals	No	151	36.21	266	63.79	417	92.05	36	7.95	453
	0.55
Total Ordinary	No	20619	29.63	48966	70.37	69585	99.07	656	0.93	70241
	85.93
ABSENT	No	1932	32.81	3957	67.19	5889	99.46	32	0.54	5921	7.24
POSTAL	No	413	25.88	1183	74.12	1596	99.25	12	0.75	1608	1.97
PRE_POLL	No	1077	34.57	2038	65.43	3115	99.55	14	0.45	3129	3.83
PROVISIONAL	No	254	30.49	579	69.51	833	98.81	10	1.19	843	1.03
Division Summary	No	24295	29.99	56723	70.01	81018	99.11	724	0.89	81742
	95.81
