Referendum: 6 November 1999									
		
Referendum Results										
	
By Division by Polling Place									
		

"A proposed law for the Alteration of the Constitution, entitled"			
								
   the Constitutional Alteration (Preamble) 1999					
						
											
											
South Australia											
Boothby (89260)											

		Yes		No		Formal		Informal		Total	
Polling Place		                                                             
Votes	%	Votes	%	Votes	%	Votes	%	Votes	%
Aberfoyle Park North (Boothby)	No	265	49.91	266	50.09	531	98.33	9
	1.67	540	0.63
Adelaide (Boothby)	Yes	63	54.78	52	45.22	115	99.14	1	0.86
	116	0.13
Bedford Park	No	358	47.86	390	52.14	748	98.29	13	1.71	761
	0.88
Belair	No	1998	49.38	2048	50.62	4046	99.48	21	0.52	4067	4.72
Bellevue Heights	No	975	47.49	1078	52.51	2053	99.52	10	0.48	2063
	2.39
Blackwood	No	1082	47.58	1192	52.42	2274	99.48	12	0.52	2286	2.65
Blackwood Central	No	569	45.67	677	54.33	1246	99.36	8	0.64	1254
	1.46
Brighton	No	1435	42.12	1972	57.88	3407	99.21	27	0.79	3434	3.99
Brighton South	No	439	39.91	661	60.09	1100	98.92	12	1.08	1112
	1.29
Clapham	No	927	46.61	1062	53.39	1989	98.81	24	1.19	2013	2.34
Clarence Gardens	No	358	41.01	515	58.99	873	99.43	5	0.57	878
	1.02
Colonel Light Gardens	No	769	48.30	823	51.70	1592	99.19	13	0.81
	1605	1.86
Coromandel Valley (Boothby)	No	299	46.79	340	53.21	639	99.07	6
	0.93	645	0.75
Darlington	No	732	37.42	1224	62.58	1956	98.94	21	1.06	1977	2.29
Daw Park	No	781	42.17	1071	57.83	1852	99.04	18	0.96	1870	2.17
Dover Gardens	No	633	34.91	1180	65.09	1813	98.16	34	1.84	1847
	2.14
Eden Hills	No	615	48.46	654	51.54	1269	98.75	16	1.25	1285	1.49
Flagstaff Hill	No	1902	47.84	2074	52.16	3976	99.20	32	0.80	4008
	4.65
Flagstaff Hill East	No	331	49.77	334	50.23	665	99.55	3	0.45
	668	0.78
Hawthorn	No	308	49.36	316	50.64	624	99.68	2	0.32	626	0.73
Hawthorndene	No	779	46.65	891	53.35	1670	99.40	10	0.60	1680
	1.95
Hawthorn West	No	711	48.90	743	51.10	1454	98.84	17	1.16	1471
	1.71
Kingswood	Yes	785	50.94	756	49.06	1541	99.10	14	0.90	1555	1.80
Marino	No	620	42.88	826	57.12	1446	99.59	6	0.41	1452	1.69
Marion	No	469	39.25	726	60.75	1195	98.68	16	1.32	1211	1.41
Melrose Park	No	900	42.92	1197	57.08	2097	99.06	20	0.94	2117
	2.46
Mitcham	No	1227	47.14	1376	52.86	2603	99.50	13	0.50	2616	3.04
Mitchell Park	No	909	43.27	1192	56.73	2101	98.59	30	1.41	2131
	2.47
Netherby	Yes	608	50.41	598	49.59	1206	99.34	8	0.66	1214	1.41
North Brighton	No	556	41.62	780	58.38	1336	98.82	16	1.18	1352
	1.57
Oaklands Park	No	517	37.52	861	62.48	1378	99.21	11	0.79	1389
	1.61
Panorama	No	499	45.61	595	54.39	1094	99.00	11	1.00	1105	1.28
Pasadena	No	1237	45.58	1477	54.42	2714	98.33	46	1.67	2760	3.20
St Marys	No	762	42.17	1045	57.83	1807	99.01	18	0.99	1825	2.12
Seacliff	No	927	44.02	1179	55.98	2106	99.20	17	0.80	2123	2.46
Seacombe Heights	No	1187	42.47	1608	57.53	2795	99.11	25	0.89	2820
	3.27
Seaview Downs	No	622	41.41	880	58.59	1502	98.88	17	1.12	1519
	1.76
Sturt	No	308	37.88	505	62.12	813	99.15	7	0.85	820	0.95
Tonsley Park	No	518	37.35	869	62.65	1387	99.28	10	0.72	1397
	1.62
Warradale	No	1252	40.35	1851	59.65	3103	99.42	18	0.58	3121	3.62
Westbourne Park	No	875	46.82	994	53.18	1869	99.47	10	0.53	1879
	2.18
West Brighton	No	695	46.93	786	53.07	1481	99.26	11	0.74	1492
	1.73
Special Hospitals	No	234	38.05	381	61.95	615	96.24	24	3.76	639
	0.74
Total Ordinary	No	32036	44.44	40045	55.56	72081	99.09	662	0.91	72743
	84.42
ABSENT	No	2810	44.71	3475	55.29	6285	99.40	38	0.60	6323	7.34
POSTAL	No	980	35.74	1762	64.26	2742	99.64	10	0.36	2752	3.19
PRE_POLL	No	1679	41.94	2324	58.06	4003	99.48	21	0.52	4024	4.67
PROVISIONAL	No	147	45.51	176	54.49	323	98.78	4	1.22	327	0.38
Division Summary	No	37652	44.07	47782	55.93	85434	99.15	735	0.85	86169
	96.54
