Referendum: 6 November 1999									
		
Referendum Results										
	
By Division by Polling Place									
		

"A proposed law for the Alteration of the Constitution, entitled"			
								
   the Constitutional Alteration (Preamble) 1999					
						
											
											
Western Australia											
Brand (80681)											

		Yes		No		Formal		Informal		Total	
Polling Place		                                                             
Votes	%	Votes	%	Votes	%	Votes	%	Votes	%
Baldivis	No	479	30.94	1069	69.06	1548	98.72	20	1.28	1568	2.03
Calista	No	740	27.15	1986	72.85	2726	98.70	36	1.30	2762	3.58
Coodanup	No	432	23.93	1373	76.07	1805	99.45	10	0.55	1815	2.35
Cooloongup	No	1039	26.02	2954	73.98	3993	99.03	39	0.97	4032	5.22
Golden Bay	No	230	29.04	562	70.96	792	99.00	8	1.00	800	1.04
Greenfields	No	600	26.80	1639	73.20	2239	98.85	26	1.15	2265	2.93
Greenfields East	No	350	25.47	1024	74.53	1374	99.21	11	0.79	1385
	1.79
Halls Head	No	1061	31.19	2341	68.81	3402	99.30	24	0.70	3426	4.44
Halls Head South	No	469	31.46	1022	68.54	1491	99.40	9	0.60	1500
	1.94
Hillman	No	522	26.09	1479	73.91	2001	98.96	21	1.04	2022	2.62
Hope Valley	No	194	31.04	431	68.96	625	99.05	6	0.95	631	0.82
Leda	No	438	28.57	1095	71.43	1533	98.78	19	1.22	1552	2.01
Madora	No	83	26.27	233	73.73	316	99.06	3	0.94	319	0.41
Mandurah	No	526	30.16	1218	69.84	1744	98.81	21	1.19	1765	2.29
Mandurah Central	No	535	30.11	1242	69.89	1777	98.89	20	1.11	1797
	2.33
Mandurah East	No	362	26.12	1024	73.88	1386	98.93	15	1.07	1401
	1.81
Mandurah South	No	570	26.55	1577	73.45	2147	99.03	21	0.97	2168
	2.81
Meadow Springs	No	637	32.94	1297	67.06	1934	99.18	16	0.82	1950
	2.52
Meadow Springs North	No	67	31.02	149	68.98	216	100.00	0
	0.00	216	0.28
Medina	No	590	24.06	1862	75.94	2452	98.91	27	1.09	2479	3.21
Parmelia	No	543	26.07	1540	73.93	2083	98.86	24	1.14	2107	2.73
Perth (Brand)	No	15	32.61	31	67.39	46	100.00	0	0.00	46
	0.06
Port Kennedy	No	553	29.27	1336	70.73	1889	99.00	19	1.00	1908
	2.47
Rockingham	No	1361	28.83	3360	71.17	4721	99.06	45	0.94	4766	6.17
Rockingham Beach	No	523	30.66	1183	69.34	1706	98.78	21	1.22	1727
	2.24
Rottnest (Brand)	No	22	41.51	31	58.49	53	100.00	0	0.00	53
	0.07
Safety Bay	No	1201	30.36	2755	69.64	3956	99.02	39	0.98	3995	5.17
Safety Bay Central	No	890	29.32	2145	70.68	3035	98.96	32	1.04
	3067	3.97
Secret Harbour	No	277	35.42	505	64.58	782	98.99	8	1.01	790
	1.02
Singleton	No	254	30.02	592	69.98	846	99.41	5	0.59	851	1.10
Waikiki	No	1151	30.51	2621	69.49	3772	99.13	33	0.87	3805	4.93
Warnbro	No	842	28.73	2089	71.27	2931	99.29	21	0.71	2952	3.82
Warnbro East	No	491	25.03	1471	74.97	1962	99.49	10	0.51	1972
	2.55
Wellard	No	89	23.61	288	76.39	377	99.74	1	0.26	378	0.49
Special Hospitals	No	118	30.65	267	69.35	385	98.97	4	1.03	389
	0.50
Total Ordinary	No	18254	28.50	45791	71.50	64045	99.05	614	0.95	64659
	83.72
ABSENT	No	1596	30.23	3683	69.77	5279	99.38	33	0.62	5312	6.88
POSTAL	No	441	28.58	1102	71.42	1543	99.23	12	0.77	1555	2.01
PRE_POLL	No	1474	31.22	3248	68.78	4722	99.75	12	0.25	4734	6.13
PROVISIONAL	No	274	28.66	682	71.34	956	98.56	14	1.44	970	1.26
Division Summary	No	22039	28.79	54506	71.21	76545	99.11	685	0.89	77230
	95.72
