Referendum: 6 November 1999									
		
Referendum Results										
	
By Division by Polling Place									
		

"A proposed law for the Alteration of the Constitution, entitled"			
								
   the Constitutional Alteration (Establishment of Republic) 1999			
								
											
											
Queensland											
Blair (74824)											

		Yes		No		Formal		Informal		Total	
Polling Place		Votes	%	Votes	%	Votes	%	Votes	%	Votes	%
Amberley	No	173	27.16	464	72.84	637	99.07	6	0.93	643	0.90
Blackbutt	No	202	21.17	752	78.83	954	99.17	8	0.83	962	1.34
Blair School	No	610	35.14	1126	64.86	1736	99.88	2	0.12	1738
	2.42
Blenheim	No	56	19.93	225	80.07	281	98.94	3	1.06	284	0.40
Brassall	No	385	27.11	1035	72.89	1420	99.51	7	0.49	1427	1.99
Brassall School	No	654	27.18	1752	72.82	2406	99.30	17	0.70	2423
	3.38
Brisbane City (Blair)	No	30	43.48	39	56.52	69	100.00	0
	0.00	69	0.10
Brooklands	No	15	14.29	90	85.71	105	100.00	0	0.00	105
	0.15
Churchill (Blair)	No	371	27.67	970	72.33	1341	99.11	12	0.89	1353
	1.89
Coolabunia	No	52	20.80	198	79.20	250	100.00	0	0.00	250
	0.35
Coominya	No	152	20.60	586	79.40	738	100.00	0	0.00	738
	1.03
Cooyar	No	34	18.48	150	81.52	184	100.00	0	0.00	184
	0.26
Crows Nest	No	274	20.85	1040	79.15	1314	99.17	11	0.83	1325	1.85
Esk	No	294	27.92	759	72.08	1053	98.78	13	1.22	1066	1.49
Fernvale	No	334	28.07	856	71.93	1190	99.42	7	0.58	1197	1.67
Flagstone Creek	No	13	9.77	120	90.23	133	100.00	0	0.00
	133	0.19
Forest Hill	No	134	22.75	455	77.25	589	99.16	5	0.84	594	0.83
Gatton	No	318	19.63	1302	80.37	1620	99.14	14	0.86	1634	2.28
Gatton South	No	487	22.10	1717	77.90	2204	99.23	17	0.77	2221
	3.10
Glamorgan Vale	No	91	24.80	276	75.20	367	100.00	0	0.00
	367	0.51
Glenore Grove	No	284	21.88	1014	78.12	1298	99.31	9	0.69	1307
	1.82
Grandchester	No	63	25.40	185	74.60	248	98.80	3	1.20	251
	0.35
Grantham	No	117	21.83	419	78.17	536	98.35	9	1.65	545	0.76
Haden	No	16	11.68	121	88.32	137	100.00	0	0.00	137	0.19
Haigslea	No	63	20.86	239	79.14	302	99.02	3	0.98	305	0.43
Hatton Vale	No	253	24.98	760	75.02	1013	99.70	3	0.30	1016	1.42
Helidon	No	139	19.44	576	80.56	715	98.89	8	1.11	723	1.01
Inverlaw	No	17	10.12	151	89.88	168	100.00	0	0.00	168
	0.23
Jimna	No	11	18.64	48	81.36	59	98.33	1	1.67	60	0.08
Karalee	No	798	37.45	1333	62.55	2131	99.49	11	0.51	2142	2.99
Karana Downs	No	1101	44.98	1347	55.02	2448	99.76	6	0.24	2454
	3.42
Kentville	No	38	18.01	173	81.99	211	98.60	3	1.40	214	0.30
Kilcoy	No	267	20.48	1037	79.52	1304	99.16	11	0.84	1315	1.83
Kingaroy	No	727	20.70	2785	79.30	3512	99.38	22	0.62	3534	4.93
Kumbia	No	74	17.45	350	82.55	424	99.76	1	0.24	425	0.59
Laidley	No	504	21.84	1804	78.16	2308	99.40	14	0.60	2322	3.24
Lake Clarendon	No	42	14.84	241	85.16	283	98.61	4	1.39	287
	0.40
Lawes	No	20	32.79	41	67.21	61	100.00	0	0.00	61	0.09
Leichhardt	No	211	22.35	733	77.65	944	99.47	5	0.53	949	1.32
Leichhardt School	No	361	23.58	1170	76.42	1531	99.09	14	0.91	1545
	2.15
Lowood	No	323	22.08	1140	77.92	1463	99.39	9	0.61	1472	2.05
Maidenwell	No	43	20.48	167	79.52	210	99.53	1	0.47	211	0.29
Ma Ma Creek	No	28	12.28	200	87.72	228	100.00	0	0.00	228
	0.32
Marburg	No	113	22.42	391	77.58	504	99.41	3	0.59	507	0.71
Memerambi	No	55	15.07	310	84.93	365	100.00	0	0.00	365
	0.51
Minden	No	151	26.17	426	73.83	577	99.65	2	0.35	579	0.81
Moore	No	46	16.49	233	83.51	279	99.29	2	0.71	281	0.39
Mount Kilcoy	No	52	19.62	213	80.38	265	100.00	0	0.00
	265	0.37
Mount Sylvia	No	33	15.79	176	84.21	209	99.52	1	0.48	210
	0.29
Mount Tarampa	No	63	23.60	204	76.40	267	100.00	0	0.00
	267	0.37
Murphys Creek	No	92	27.22	246	72.78	338	99.12	3	0.88	341
	0.48
Mutdapilly	No	51	18.48	225	81.52	276	99.64	1	0.36	277	0.39
Nanango	No	639	23.83	2042	76.17	2681	99.33	18	0.67	2699	3.76
North Ipswich	No	378	27.92	976	72.08	1354	98.98	14	1.02	1368
	1.91
Perseverance	No	43	22.75	146	77.25	189	99.47	1	0.53	190
	0.26
Pine Mountain	No	106	27.18	284	72.82	390	99.49	2	0.51	392
	0.55
Rosevale	No	8	5.88	128	94.12	136	100.00	0	0.00	136
	0.19
Rosewood	No	418	20.31	1640	79.69	2058	99.81	4	0.19	2062	2.87
St Josephs	No	450	30.18	1041	69.82	1491	99.60	6	0.40	1497	2.09
Somerset Dam	No	29	38.67	46	61.33	75	100.00	0	0.00	75
	0.10
Stockyard Creek	No	45	27.27	120	72.73	165	99.40	1	0.60	166
	0.23
Taabinga	No	230	18.71	999	81.29	1229	99.51	6	0.49	1235	1.72
Tarampa	No	63	17.65	294	82.35	357	98.89	4	1.11	361	0.50
Thornton	No	17	12.69	117	87.31	134	99.26	1	0.74	135	0.19
Tivoli	No	391	29.94	915	70.06	1306	99.24	10	0.76	1316	1.83
Toogoolawah	No	215	19.62	881	80.38	1096	99.55	5	0.45	1101	1.54
Upper Tenthill	No	38	14.13	231	85.87	269	99.63	1	0.37	270
	0.38
Walloon	No	328	24.48	1012	75.52	1340	99.33	9	0.67	1349	1.88
Warrill View	No	21	15.00	119	85.00	140	100.00	0	0.00
	140	0.20
Withcott	No	289	27.16	775	72.84	1064	99.25	8	0.75	1072	1.49
Yarraman	No	119	19.35	496	80.65	615	99.68	2	0.32	617	0.86
Special Hospitals	No	89	21.34	328	78.66	417	98.82	5	1.18	422
	0.59
Total Ordinary	No	14751	24.70	44960	75.30	59711	99.39	368	0.61	60079
	83.76
ABSENT	No	1944	31.23	4280	68.77	6224	99.38	39	0.62	6263	8.73
POSTAL	No	597	21.31	2205	78.69	2802	99.75	7	0.25	2809	3.92
PRE_POLL	No	706	31.31	1549	68.69	2255	99.60	9	0.40	2264	3.16
PROVISIONAL	No	80	26.06	227	73.94	307	98.71	4	1.29	311	0.43
Division Summary	No	18078	25.36	53221	74.64	71299	99.40	427	0.60	71726
	95.86
