Referendum: 6 November 1999									
		
Referendum Results										
	
By Division by Polling Place									
		

"A proposed law for the Alteration of the Constitution, entitled"			
								
   the Constitutional Alteration (Establishment of Republic) 1999			
								
											
											
Tasmania											
Braddon (61795)											

		Yes		No		Formal		Informal		Total	
Polling Place		Votes	%	Votes	%	Votes	%	Votes	%	Votes	%
Abbotsham	No	53	33.33	106	66.67	159	99.37	1	0.63	160	0.27
Acton	No	500	25.56	1456	74.44	1956	98.34	33	1.66	1989	3.33
Addison Street	No	270	29.54	644	70.46	914	98.49	14	1.51	928
	1.55
Ambleside	No	212	35.51	385	64.49	597	99.17	5	0.83	602	1.01
Blythe Heads	No	66	28.33	167	71.67	233	98.31	4	1.69	237
	0.40
Boat Harbour	No	110	37.54	183	62.46	293	99.32	2	0.68	295
	0.49
Brooklyn	No	200	33.90	390	66.10	590	99.49	3	0.51	593	0.99
Burnie	No	535	38.82	843	61.18	1378	99.35	9	0.65	1387	2.32
Burnie South	No	118	31.89	252	68.11	370	98.93	4	1.07	374
	0.63
Calder	No	23	26.14	65	73.86	88	100.00	0	0.00	88
	0.15
Cooee	No	326	38.58	519	61.42	845	99.18	7	0.82	852	1.43
Cuprona	No	43	31.62	93	68.38	136	98.55	2	1.45	138	0.23
Currie	No	245	29.27	592	70.73	837	99.05	8	0.95	845	1.42
Devonport Central	No	665	37.11	1127	62.89	1792	98.90	20	1.10	1812
	3.03
Devonport East	No	634	28.05	1626	71.95	2260	99.08	21	0.92	2281
	3.82
Devonport North	No	286	36.62	495	63.38	781	99.62	3	0.38	784
	1.31
Devonport South	No	543	31.37	1188	68.63	1731	98.63	24	1.37	1755
	2.94
Don	No	232	36.36	406	63.64	638	99.22	5	0.78	643	1.08
Edith Creek	No	37	26.24	104	73.76	141	99.30	1	0.70	142	0.24
Elliott	No	74	33.04	150	66.96	224	98.68	3	1.32	227	0.38
Forest	No	95	25.13	283	74.87	378	99.21	3	0.79	381	0.64
Forth	No	258	34.63	487	65.37	745	99.07	7	0.93	752	1.26
Gawler	No	112	30.68	253	69.32	365	99.73	1	0.27	366	0.61
Grassy	No	22	20.37	86	79.63	108	98.18	2	1.82	110	0.18
Gunns Plains	No	21	23.08	70	76.92	91	100.00	0	0.00	91
	0.15
Havenview	No	152	28.68	378	71.32	530	99.62	2	0.38	532	0.89
Highclere	No	27	20.45	105	79.55	132	100.00	0	0.00	132
	0.22
Irishtown	No	69	25.56	201	74.44	270	99.63	1	0.37	271	0.45
Lileah	No	20	36.36	35	63.64	55	100.00	0	0.00	55
	0.09
Malonga Park	No	482	43.78	619	56.22	1101	99.37	7	0.63	1108
	1.86
Marrawah	No	34	20.12	135	79.88	169	99.41	1	0.59	170	0.28
Mawbanna	No	13	21.67	47	78.33	60	100.00	0	0.00	60
	0.10
Melrose	No	42	29.37	101	70.63	143	100.00	0	0.00	143
	0.24
Montagu	No	36	29.27	87	70.73	123	99.19	1	0.81	124	0.21
Montello	No	417	30.80	937	69.20	1354	98.83	16	1.17	1370	2.29
Moorleah	No	61	32.80	125	67.20	186	97.89	4	2.11	190	0.32
Natone	No	56	31.46	122	68.54	178	98.89	2	1.11	180	0.30
Nietta	No	21	33.87	41	66.13	62	100.00	0	0.00	62
	0.10
Nixon Street	No	895	36.53	1555	63.47	2450	99.07	23	0.93	2473
	4.14
North Motton	No	57	24.26	178	75.74	235	99.58	1	0.42	236
	0.40
Penguin	No	668	31.48	1454	68.52	2122	99.34	14	0.66	2136	3.58
Preston	No	29	28.71	72	71.29	101	100.00	0	0.00	101
	0.17
Redpa	No	18	27.27	48	72.73	66	100.00	0	0.00	66	0.11
Reekara	No	25	23.58	81	76.42	106	100.00	0	0.00	106
	0.18
Riana	No	73	32.74	150	67.26	223	99.55	1	0.45	224	0.38
Ridgley	No	165	25.27	488	74.73	653	99.24	5	0.76	658	1.10
Rocky Cape	No	142	33.49	282	66.51	424	99.07	4	0.93	428	0.72
Savage River	No	14	29.79	33	70.21	47	100.00	0	0.00	47
	0.08
Sisters Beach	No	94	43.72	121	56.28	215	98.62	3	1.38	218
	0.37
Sisters Creek	No	58	29.00	142	71.00	200	98.52	3	1.48	203
	0.34
Smithton	No	678	26.62	1869	73.38	2547	98.80	31	1.20	2578	4.32
Somerset	No	719	31.10	1593	68.90	2312	98.17	43	1.83	2355	3.94
South Riana	No	45	22.84	152	77.16	197	98.99	2	1.01	199	0.33
Sprent	No	67	33.33	134	66.67	201	98.53	3	1.47	204	0.34
Spreyton	No	347	32.98	705	67.02	1052	98.97	11	1.03	1063	1.78
Stanley	No	133	30.37	305	69.63	438	98.21	8	1.79	446	0.75
Stowport	No	62	26.61	171	73.39	233	98.31	4	1.69	237	0.40
Sulphur Creek	No	143	33.33	286	66.67	429	99.08	4	0.92	433
	0.73
Togari	No	30	40.54	44	59.46	74	98.67	1	1.33	75	0.13
Trowutta	No	27	42.19	37	57.81	64	100.00	0	0.00	64
	0.11
Turners Beach	No	254	34.65	479	65.35	733	99.19	6	0.81	739
	1.24
Ulverstone	No	403	34.50	765	65.50	1168	99.24	9	0.76	1177	1.97
Ulverstone East	No	343	33.20	690	66.80	1033	98.85	12	1.15	1045
	1.75
Ulverstone South	No	704	31.34	1542	68.66	2246	98.47	35	1.53	2281
	3.82
Ulverstone West	No	560	28.08	1434	71.92	1994	99.25	15	0.75	2009
	3.36
Upper Burnie	No	505	33.25	1014	66.75	1519	98.83	18	1.17	1537
	2.57
Valley Road	No	466	28.35	1178	71.65	1644	99.22	13	0.78	1657	2.78
Waratah	No	45	32.61	93	67.39	138	98.57	2	1.43	140	0.23
West Wynyard	No	328	30.15	760	69.85	1088	99.18	9	0.82	1097
	1.84
Wivenhoe	No	107	28.53	268	71.47	375	99.47	2	0.53	377	0.63
Wynyard	No	676	31.47	1472	68.53	2148	99.21	17	0.79	2165	3.63
Wynyard East	No	156	27.86	404	72.14	560	98.59	8	1.41	568
	0.95
Yolla	No	149	34.02	289	65.98	438	98.65	6	1.35	444	0.74
Special Hospitals	No	155	26.36	433	73.64	588	98.33	10	1.67	598
	1.00
Total Ordinary	No	16450	31.59	35624	68.41	52074	98.98	539	1.02	52613
	88.11
ABSENT	No	989	42.89	1317	57.11	2306	99.31	16	0.69	2322	3.89
POSTAL	No	477	28.94	1171	71.06	1648	99.58	7	0.42	1655	2.77
PRE_POLL	No	1054	37.94	1724	62.06	2778	99.32	19	0.68	2797	4.68
PROVISIONAL	No	91	28.44	229	71.56	320	98.77	4	1.23	324	0.54
Division Summary	No	19061	32.24	40065	67.76	59126	99.02	585	0.98	59711
	96.63
