Referendum: 6 November 1999									
		
Referendum Results										
	
By Division by Polling Place									
		

"A proposed law for the Alteration of the Constitution, entitled"			
								
   the Constitutional Alteration (Establishment of Republic) 1999			
								
											
											
New South Wales											
Macquarie (83739)											

		Yes		No		Formal		Informal		Total	
Polling Place		Votes	%	Votes	%	Votes	%	Votes	%	Votes	%
Bilpin	No	180	39.82	272	60.18	452	99.34	3	0.66	455	0.57
Blackheath	No	1116	48.08	1205	51.92	2321	99.06	22	0.94	2343	2.92
Blaxland (Macquarie)	Yes	490	55.68	390	44.32	880	99.55	4	0.45
	884	1.10
Blaxland East	Yes	1583	52.56	1429	47.44	3012	99.67	10	0.33	3022
	3.77
Bligh Park	No	1185	38.29	1910	61.71	3095	99.04	30	0.96	3125	3.90
Bligh Park East	No	339	38.35	545	61.65	884	99.10	8	0.90	892
	1.11
Bullaburra	Yes	337	56.64	258	43.36	595	98.67	8	1.33	603	0.75
Castlereagh (Macquarie)	No	105	35.00	195	65.00	300	99.34	2	0.66
	302	0.38
Colo Heights	No	56	35.44	102	64.56	158	99.37	1	0.63	159
	0.20
Comleroy Road	No	292	39.67	444	60.33	736	98.79	9	1.21	745
	0.93
Ebenezer	No	262	33.94	510	66.06	772	99.36	5	0.64	777	0.97
Faulconbridge	Yes	1181	52.33	1076	47.67	2257	99.30	16	0.70	2273
	2.84
Freemans Reach	No	411	33.25	825	66.75	1236	99.04	12	0.96	1248
	1.56
Glossodia	No	444	32.55	920	67.45	1364	99.20	11	0.80	1375	1.72
Grose View	No	198	43.71	255	56.29	453	99.56	2	0.44	455	0.57
Hazelbrook	Yes	1204	52.60	1085	47.40	2289	99.18	19	0.82	2308	2.88
Hobartville	No	682	37.49	1137	62.51	1819	98.97	19	1.03	1838	2.29
Katoomba	Yes	362	56.65	277	43.35	639	98.76	8	1.24	647	0.81
Katoomba High	Yes	306	50.83	296	49.17	602	99.34	4	0.66	606
	0.76
Katoomba Hospital	Yes	106	56.68	81	43.32	187	99.47	1	0.53	188
	0.23
Katoomba North	No	521	42.25	712	57.75	1233	98.96	13	1.04	1246
	1.56
Katoomba Street	Yes	929	55.53	744	44.47	1673	98.70	22	1.30	1695
	2.12
Kurmond	No	201	34.72	378	65.28	579	99.14	5	0.86	584	0.73
Kurrajong	No	776	41.32	1102	58.68	1878	99.73	5	0.27	1883	2.35
Kurrajong East	No	157	33.05	318	66.95	475	99.58	2	0.42	477
	0.60
Kurrajong Heights	No	188	48.58	199	51.42	387	99.49	2	0.51	389
	0.49
Lawson	Yes	715	50.25	708	49.75	1423	99.30	10	0.70	1433	1.79
Leura	Yes	298	51.83	277	48.17	575	98.29	10	1.71	585	0.73
Leura Central	Yes	857	56.12	670	43.88	1527	98.96	16	1.04	1543
	1.93
Londonderry (Macquarie)	No	524	32.53	1087	67.47	1611	98.05	32	1.95
	1643	2.05
McGraths Hill	No	371	35.98	660	64.02	1031	99.33	7	0.67	1038
	1.30
Medlow Bath	No	174	46.77	198	53.23	372	98.94	4	1.06	376	0.47
Mount Riverview	No	840	48.41	895	51.59	1735	99.77	4	0.23	1739
	2.17
Mount Victoria	No	225	48.39	240	51.61	465	99.57	2	0.43	467
	0.58
Mount Wilson	No	41	49.40	42	50.60	83	100.00	0	0.00	83
	0.10
North Richmond	No	1019	34.68	1919	65.32	2938	99.09	27	0.91	2965
	3.70
RAAF Richmond	No	58	36.02	103	63.98	161	99.38	1	0.62	162
	0.20
Richmond	No	835	37.28	1405	62.72	2240	99.38	14	0.62	2254	2.81
Richmond High	No	199	34.55	377	65.45	576	99.31	4	0.69	580
	0.72
St Albans	No	65	49.24	67	50.76	132	100.00	0	0.00	132
	0.16
Springwood	Yes	1388	51.52	1306	48.48	2694	99.15	23	0.85	2717	3.39
Springwood North	Yes	980	51.58	920	48.42	1900	99.79	4	0.21	1904
	2.38
Springwood South	Yes	692	51.56	650	48.44	1342	99.26	10	0.74	1352
	1.69
Sydney (Macquarie)	Yes	58	64.44	32	35.56	90	96.77	3	3.23	93
	0.12
Tennyson	No	65	29.82	153	70.18	218	99.54	1	0.46	219	0.27
Valley Heights	No	393	48.82	412	51.18	805	99.51	4	0.49	809
	1.01
Vineyard East (Macquarie)	No	59	28.23	150	71.77	209	99.05	2
	0.95	211	0.26
Warrimoo	Yes	497	54.20	420	45.80	917	99.14	8	0.86	925	1.15
Wentworth Falls	Yes	1381	52.00	1275	48.00	2656	99.44	15	0.56	2671
	3.33
Wilberforce	No	557	32.88	1137	67.12	1694	99.41	10	0.59	1704	2.13
Windsor	No	668	38.06	1087	61.94	1755	98.82	21	1.18	1776	2.22
Windsor South	No	625	31.79	1341	68.21	1966	98.74	25	1.26	1991
	2.49
Winmalee	No	1233	43.63	1593	56.37	2826	99.51	14	0.49	2840	3.55
Woodford	Yes	575	54.92	472	45.08	1047	99.24	8	0.76	1055	1.32
Yarramundi	No	72	36.92	123	63.08	195	100.00	0	0.00	195
	0.24
Special Hospitals	No	152	28.84	375	71.16	527	99.81	1	0.19	528
	0.66
Total Ordinary	No	29227	44.29	36759	55.71	65986	99.21	523	0.79	66509
	83.02
ABSENT	No	2700	47.96	2930	52.04	5630	99.33	38	0.67	5668	7.08
POSTAL	No	809	35.24	1487	64.76	2296	99.70	7	0.30	2303	2.87
PRE_POLL	No	2083	41.17	2977	58.83	5060	99.51	25	0.49	5085	6.35
PROVISIONAL	No	219	40.56	321	59.44	540	99.26	4	0.74	544	0.68
Division Summary	No	35038	44.07	44474	55.93	79512	99.25	597	0.75	80109
	95.67
