Referendum: 6 November 1999									
		
Referendum Results										
	
By Division by Polling Place									
		

"A proposed law for the Alteration of the Constitution, entitled"			
								
   the Constitutional Alteration (Establishment of Republic) 1999			
								
											
											
Tasmania											
Denison (66578)											

		Yes		No		Formal		Informal		Total	
Polling Place		Votes	%	Votes	%	Votes	%	Votes	%	Votes	%
Abbotsfield	No	658	38.41	1055	61.59	1713	98.39	28	1.61	1741	2.73
Albuera	Yes	392	70.00	168	30.00	560	99.47	3	0.53	563	0.88
Austins Ferry	No	610	41.30	867	58.70	1477	99.39	9	0.61	1486
	2.33
Battery Point	Yes	765	66.35	388	33.65	1153	98.97	12	1.03	1165
	1.83
Bowen Road	No	691	45.52	827	54.48	1518	98.51	23	1.49	1541	2.42
Brent Street	No	367	42.33	500	57.67	867	99.31	6	0.69	873
	1.37
Cascades	Yes	380	63.76	216	36.24	596	99.33	4	0.67	600	0.94
Chigwell	No	626	37.35	1050	62.65	1676	98.94	18	1.06	1694	2.66
Claremont	No	641	39.09	999	60.91	1640	99.15	14	0.85	1654	2.59
Collinsvale	No	160	48.05	173	51.95	333	98.52	5	1.48	338	0.53
Cornelian Bay	Yes	295	54.03	251	45.97	546	99.82	1	0.18	547
	0.86
Cosgrove	No	317	44.09	402	55.91	719	98.90	8	1.10	727	1.14
Creek Road	Yes	693	54.18	586	45.82	1279	98.76	16	1.24	1295	2.03
Cross Street	Yes	1011	56.14	790	43.86	1801	98.90	20	1.10	1821
	2.85
Dynnyrne	Yes	813	72.85	303	27.15	1116	99.29	8	0.71	1124	1.76
Elizabeth Street	Yes	560	67.88	265	32.12	825	99.04	8	0.96	833
	1.31
Elwick	No	180	42.06	248	57.94	428	98.85	5	1.15	433	0.68
Fern Tree	Yes	277	66.75	138	33.25	415	99.05	4	0.95	419	0.66
Glenorchy	No	1130	39.73	1714	60.27	2844	98.58	41	1.42	2885	4.52
Glenorchy East	No	971	43.02	1286	56.98	2257	98.82	27	1.18	2284
	3.58
Goodwood	No	357	36.54	620	63.46	977	98.99	10	1.01	987	1.55
Hill Street	Yes	278	67.31	135	32.69	413	99.76	1	0.24	414	0.65
Hobart	Yes	443	64.77	241	35.23	684	98.70	9	1.30	693	1.09
Hobart Central	Yes	136	69.04	61	30.96	197	99.49	1	0.51	198
	0.31
Hobart North	Yes	422	64.53	232	35.47	654	99.24	5	0.76	659
	1.03
Hobart South	Yes	1068	63.69	609	36.31	1677	99.53	8	0.47	1685
	2.64
Hobart West	Yes	661	69.43	291	30.57	952	99.17	8	0.83	960	1.50
Lansdowne Crescent	Yes	669	72.64	252	27.36	921	98.93	10	1.07
	931	1.46
Lenah Valley	Yes	964	57.83	703	42.17	1667	99.52	8	0.48	1675
	2.63
Lower Sandy Bay	Yes	1234	59.82	829	40.18	2063	99.42	12	0.58	2075
	3.25
Lutana	No	434	37.67	718	62.33	1152	99.65	4	0.35	1156	1.81
Montrose	No	202	40.32	299	59.68	501	99.60	2	0.40	503	0.79
Moonah	Yes	1100	50.39	1083	49.61	2183	99.00	22	1.00	2205	3.46
Moonah North	No	405	43.60	524	56.40	929	98.94	10	1.06	939
	1.47
Mount Nelson	Yes	679	63.70	387	36.30	1066	99.26	8	0.74	1074
	1.68
Mount Stuart	Yes	426	58.76	299	41.24	725	99.86	1	0.14	726
	1.14
Newdegate	Yes	708	62.54	424	37.46	1132	99.56	5	0.44	1137	1.78
New Town	Yes	621	65.09	333	34.91	954	99.48	5	0.52	959	1.50
Queenborough	Yes	333	60.00	222	40.00	555	99.28	4	0.72	559
	0.88
Roseneath	No	107	37.02	182	62.98	289	97.97	6	2.03	295	0.46
Rosetta	No	383	44.64	475	55.36	858	99.31	6	0.69	864	1.35
St Johns Park	Yes	169	54.87	139	45.13	308	99.35	2	0.65	310
	0.49
St Peters	Yes	274	71.17	111	28.83	385	99.23	3	0.77	388	0.61
Sandy Bay	Yes	1092	64.50	601	35.50	1693	99.41	10	0.59	1703	2.67
Sandy Bay Beach	Yes	526	58.31	376	41.69	902	99.01	9	0.99	911
	1.43
Swan	Yes	360	62.94	212	37.06	572	98.62	8	1.38	580	0.91
Taroona	Yes	887	63.13	518	36.87	1405	99.65	5	0.35	1410	2.21
Tolosa	No	689	43.39	899	56.61	1588	98.45	25	1.55	1613	2.53
Waimea Heights	Yes	450	63.03	264	36.97	714	99.86	1	0.14	715
	1.12
Windermere	No	403	38.38	647	61.62	1050	98.50	16	1.50	1066	1.67
Special Hospitals	No	190	32.31	398	67.69	588	98.66	8	1.34	596
	0.93
Total Ordinary	Yes	28207	52.71	25310	47.29	53517	99.09	492	0.91	54009
	84.65
ABSENT	Yes	1628	51.02	1563	48.98	3191	99.44	18	0.56	3209	5.03
POSTAL	No	918	38.44	1470	61.56	2388	99.46	13	0.54	2401	3.76
PRE_POLL	Yes	1996	58.07	1441	41.93	3437	99.36	22	0.64	3459	5.42
PROVISIONAL	Yes	381	53.29	334	46.71	715	99.17	6	0.83	721	1.13
Division Summary	Yes	33130	52.38	30118	47.62	63248	99.14	551	0.86	63799
	95.83
