Referendum: 6 November 1999									
		
Referendum Results										
	
By Division by Polling Place									
		

"A proposed law for the Alteration of the Constitution, entitled"			
								
   the Constitutional Alteration (Preamble) 1999					
						
											
											
Queensland											
Dawson (85664)											

		Yes		No		Formal		Informal		Total	
Polling Place		                                                             
Votes	%	Votes	%	Votes	%	Votes	%	Votes	%
Airlie Beach	No	283	36.61	490	63.39	773	99.36	5	0.64	778
	0.95
Airville	No	62	15.31	343	84.69	405	99.26	3	0.74	408	0.50
Alligator Creek	No	227	20.58	876	79.42	1103	99.55	5	0.45	1108
	1.36
Andergrove	No	588	25.90	1682	74.10	2270	99.26	17	0.74	2287	2.80
Ayr	No	496	21.74	1786	78.26	2282	99.26	17	0.74	2299	2.82
Ayr North	No	143	25.04	428	74.96	571	98.62	8	1.38	579	0.71
Bloomsbury	No	66	17.23	317	82.77	383	98.97	4	1.03	387	0.47
Bowen	No	733	27.86	1898	72.14	2631	99.10	24	0.90	2655	3.25
Bowen Hospital	No	65	32.34	136	67.66	201	100.00	0	0.00
	201	0.25
Brandon	No	173	21.15	645	78.85	818	99.88	1	0.12	819	1.00
Brisbane City (Dawson)	No	34	48.57	36	51.43	70	100.00	0
	0.00	70	0.09
Bucasia	No	445	32.04	944	67.96	1389	99.64	5	0.36	1394	1.71
Calen	No	89	17.25	427	82.75	516	99.42	3	0.58	519	0.64
Cannonvale Beach	No	792	35.50	1439	64.50	2231	99.11	20	0.89	2251
	2.76
Carmila	No	32	11.81	239	88.19	271	99.63	1	0.37	272	0.33
Chelona	No	67	14.99	380	85.01	447	99.33	3	0.67	450	0.55
Clare	No	67	22.48	231	77.52	298	99.67	1	0.33	299	0.37
Coningsby	No	137	21.96	487	78.04	624	99.84	1	0.16	625	0.77
Conway Beach	No	27	14.36	161	85.64	188	99.47	1	0.53	189
	0.23
Cunningham Home	No	89	29.67	211	70.33	300	97.09	9	2.91	309
	0.38
Dalbeg	No	9	23.08	30	76.92	39	100.00	0	0.00	39
	0.05
Dundula	No	149	22.21	522	77.79	671	99.55	3	0.45	674	0.83
East Ayr	No	371	22.23	1298	77.77	1669	99.76	4	0.24	1673	2.05
Eimeo	No	818	34.20	1574	65.80	2392	99.63	9	0.37	2401	2.94
Emmanuel	No	535	33.09	1082	66.91	1617	99.39	10	0.61	1627	1.99
Eton	No	89	20.79	339	79.21	428	100.00	0	0.00	428	0.52
Eungella	No	60	31.75	129	68.25	189	99.47	1	0.53	190	0.23
Farleigh	No	101	22.39	350	77.61	451	99.56	2	0.44	453	0.55
Finch Hatton	No	56	17.23	269	82.77	325	99.39	2	0.61	327
	0.40
Fitzgerald	No	638	33.54	1264	66.46	1902	99.11	17	0.89	1919	2.35
Gargett	No	54	17.14	261	82.86	315	100.00	0	0.00	315
	0.39
Giru	No	130	20.87	493	79.13	623	99.68	2	0.32	625	0.77
Glenella	No	249	27.48	657	72.52	906	99.12	8	0.88	914	1.12
Goose Ponds	No	376	26.59	1038	73.41	1414	99.16	12	0.84	1426	1.75
Grendon Street	No	209	28.05	536	71.95	745	99.33	5	0.67	750
	0.92
Gumlu	No	30	18.87	129	81.13	159	98.15	3	1.85	162	0.20
Habana	No	114	28.79	282	71.21	396	99.50	2	0.50	398	0.49
Hampden	No	100	22.27	349	77.73	449	98.90	5	1.10	454	0.56
Homebush	No	65	18.26	291	81.74	356	99.16	3	0.84	359	0.44
Homefield	No	230	24.92	693	75.08	923	98.72	12	1.28	935	1.15
Home Hill	No	421	19.48	1740	80.52	2161	99.08	20	0.92	2181	2.67
Inkerman	No	23	13.22	151	86.78	174	98.86	2	1.14	176	0.22
Jarvisfield	No	55	16.57	277	83.43	332	99.10	3	0.90	335	0.41
Kalamia	No	80	20.05	319	79.95	399	99.75	1	0.25	400	0.49
Koumala	No	90	17.05	438	82.95	528	100.00	0	0.00	528
	0.65
Mackay	No	376	32.11	795	67.89	1171	98.82	14	1.18	1185	1.45
Mackay East	No	144	30.64	326	69.36	470	100.00	0	0.00	470
	0.58
Mackay Hospital	No	126	26.75	345	73.25	471	97.72	11	2.28	482
	0.59
Mackay Mater Hospital	No	163	32.28	342	67.72	505	99.41	3	0.59
	508	0.62
Mackay South	No	731	27.39	1938	72.61	2669	99.07	25	0.93	2694
	3.30
Mackay West	No	675	28.63	1683	71.37	2358	99.41	14	0.59	2372	2.90
Marian	No	192	24.15	603	75.85	795	99.25	6	0.75	801	0.98
Merinda	No	89	18.54	391	81.46	480	98.77	6	1.23	486	0.60
Millaroo	No	13	13.98	80	86.02	93	100.00	0	0.00	93
	0.11
Mirani	No	169	22.24	591	77.76	760	99.61	3	0.39	763	0.93
Mount Julian	No	53	23.25	175	76.75	228	98.28	4	1.72	232
	0.28
Mount Ossa	No	35	17.33	167	82.67	202	99.02	2	0.98	204	0.25
Nebo Road	No	339	23.56	1100	76.44	1439	98.63	20	1.37	1459	1.79
North Eton	No	32	25.00	96	75.00	128	100.00	0	0.00	128
	0.16
North Mackay	No	159	19.63	651	80.37	810	99.26	6	0.74	816
	1.00
Oakenden	No	10	14.29	60	85.71	70	98.59	1	1.41	71	0.09
Osborne	No	22	10.09	196	89.91	218	99.54	1	0.46	219	0.27
Parkside	No	173	25.82	497	74.18	670	99.26	5	0.74	675	0.83
Pioneer High School	No	703	27.33	1869	72.67	2572	99.34	17	0.66
	2589	3.17
Planlands	No	98	21.87	350	78.13	448	99.33	3	0.67	451	0.55
Proserpine	No	583	23.19	1931	76.81	2514	98.98	26	1.02	2540	3.11
Proserpine Hospital	No	142	25.96	405	74.04	547	99.09	5	0.91
	552	0.68
Queens Beach	No	336	31.70	724	68.30	1060	99.34	7	0.66	1067
	1.31
Racecourse	No	62	18.79	268	81.21	330	99.70	1	0.30	331	0.41
Sarina	No	598	19.81	2421	80.19	3019	99.18	25	0.82	3044	3.73
Sarina Beach	No	78	20.10	310	79.90	388	99.74	1	0.26	389
	0.48
Sarina Range	No	22	20.95	83	79.05	105	100.00	0	0.00
	105	0.13
Seaforth	No	190	26.76	520	73.24	710	99.44	4	0.56	714	0.87
Septimus	No	9	9.57	85	90.43	94	98.95	1	1.05	95	0.12
Shinfield	No	28	11.72	211	88.28	239	99.58	1	0.42	240	0.29
Slade Point	No	552	29.76	1303	70.24	1855	99.36	12	0.64	1867	2.29
Victoria Park	No	773	31.23	1702	68.77	2475	99.08	23	0.92	2498
	3.06
Walkerston	No	515	24.87	1556	75.13	2071	98.67	28	1.33	2099	2.57
Special Hospitals	No	132	36.87	226	63.13	358	98.08	7	1.92	365
	0.45
Total Ordinary	No	17989	25.83	51667	74.17	69656	99.24	536	0.76	70192
	85.96
ABSENT	No	1849	39.65	2814	60.35	4663	99.74	12	0.26	4675	5.73
POSTAL	No	514	23.22	1700	76.78	2214	99.33	15	0.67	2229	2.73
PRE_POLL	No	1375	33.72	2703	66.28	4078	99.17	34	0.83	4112	5.04
PROVISIONAL	No	116	26.07	329	73.93	445	98.67	6	1.33	451	0.55
Division Summary	No	21843	26.95	59213	73.05	81056	99.26	603	0.74	81659
	95.32
