Referendum: 6 November 1999									
		
Referendum Results										
	
By Division by Polling Place									
		

"A proposed law for the Alteration of the Constitution, entitled"			
								
   the Constitutional Alteration (Establishment of Republic) 1999			
								
											
											
Queensland											
Bowman (82319)											

		Yes		No		Formal		Informal		Total	
Polling Place		Votes	%	Votes	%	Votes	%	Votes	%	Votes	%
Alexandra Hills	No	936	35.37	1710	64.63	2646	99.06	25	0.94	2671
	3.39
Alexandra Park	No	1145	39.92	1723	60.08	2868	99.03	28	0.97	2896
	3.68
Amity Point	No	112	39.44	172	60.56	284	99.30	2	0.70	286	0.36
Birkdale	No	1662	40.61	2431	59.39	4093	99.42	24	0.58	4117	5.23
Birkdale South	No	1174	36.39	2052	63.61	3226	99.32	22	0.68	3248
	4.12
Brisbane City (Bowman)	No	80	45.71	95	54.29	175	98.87	2	1.13
	177	0.22
Capalaba	No	739	33.01	1500	66.99	2239	99.33	15	0.67	2254	2.86
Capalaba School (Bowman)	No	1070	36.06	1897	63.94	2967	99.43	17
	0.57	2984	3.79
Cleveland	No	846	41.09	1213	58.91	2059	99.23	16	0.77	2075	2.63
Cleveland School	No	1732	40.34	2562	59.66	4294	99.21	34	0.79	4328
	5.49
Coolnwynpin	No	987	40.43	1454	59.57	2441	99.55	11	0.45	2452	3.11
Dunwich	No	206	38.79	325	61.21	531	98.88	6	1.12	537	0.68
Gumdale (Bowman)	No	146	39.04	228	60.96	374	98.42	6	1.58	380
	0.48
Hemmant	No	292	33.22	587	66.78	879	99.77	2	0.23	881	1.12
Hilliard	No	729	40.96	1051	59.04	1780	99.66	6	0.34	1786	2.27
Lake Sherrin	No	203	36.45	354	63.55	557	99.11	5	0.89	562
	0.71
Lindum	No	375	36.02	666	63.98	1041	99.33	7	0.67	1048	1.33
Lota	No	615	41.58	864	58.42	1479	98.93	16	1.07	1495	1.90
Manly	No	405	45.05	494	54.95	899	98.90	10	1.10	909	1.15
Manly School	No	637	42.41	865	57.59	1502	99.34	10	0.66	1512
	1.92
Manly West	No	924	41.94	1279	58.06	2203	99.19	18	0.81	2221	2.82
Ormiston	No	925	40.39	1365	59.61	2290	99.48	12	0.52	2302	2.92
Point Lookout	No	253	48.94	264	51.06	517	99.42	3	0.58	520
	0.66
Roles Hill	No	584	40.44	860	59.56	1444	98.97	15	1.03	1459	1.85
Tangalooma	No	25	34.72	47	65.28	72	100.00	0	0.00	72
	0.09
Thorneside	No	491	36.02	872	63.98	1363	99.49	7	0.51	1370	1.74
Thornlands	No	1461	38.36	2348	61.64	3809	99.50	19	0.50	3828	4.86
Vienna Woods	No	810	35.08	1499	64.92	2309	99.27	17	0.73	2326
	2.95
Wellington Point	No	1271	40.34	1880	59.66	3151	98.96	33	1.04	3184
	4.04
Wellington Point High	No	361	39.03	564	60.97	925	99.46	5	0.54
	930	1.18
Wondall Heights (Bowman)	No	1041	38.83	1640	61.17	2681	99.48	14
	0.52	2695	3.42
Wynnum	No	697	44.28	877	55.72	1574	99.12	14	0.88	1588	2.02
Wynnum Central	No	509	36.80	874	63.20	1383	98.50	21	1.50	1404
	1.78
Wynnum North	No	846	40.71	1232	59.29	2078	98.81	25	1.19	2103
	2.67
Wynnum North High	No	468	39.97	703	60.03	1171	99.15	10	0.85	1181
	1.50
Wynnum West	No	1074	38.67	1703	61.33	2777	99.28	20	0.72	2797	3.55
Special Hospitals	No	195	39.31	301	60.69	496	98.61	7	1.39	503
	0.64
Total Ordinary	No	26026	39.09	40551	60.91	66577	99.25	504	0.75	67081
	85.16
ABSENT	No	2050	42.51	2772	57.49	4822	99.38	30	0.62	4852	6.16
POSTAL	No	850	29.47	2034	70.53	2884	99.86	4	0.14	2888	3.67
PRE_POLL	No	1361	40.82	1973	59.18	3334	99.52	16	0.48	3350	4.25
PROVISIONAL	No	194	32.39	405	67.61	599	99.50	3	0.50	602	0.76
Division Summary	No	30481	38.97	47735	61.03	78216	99.29	557	0.71	78773
	95.69
