Referendum: 6 November 1999									
		
Referendum Results										
	
By Division by Polling Place									
		

"A proposed law for the Alteration of the Constitution, entitled"			
								
   the Constitutional Alteration (Establishment of Republic) 1999			
								
											
											
Queensland											
Groom (81948)											

		Yes		No		Formal		Informal		Total	
Polling Place		Votes	%	Votes	%	Votes	%	Votes	%	Votes	%
Acland	No	30	16.48	152	83.52	182	99.45	1	0.55	183	0.23
Baker Street	No	107	38.63	170	61.37	277	99.28	2	0.72	279
	0.36
Biddeston	No	60	16.17	311	83.83	371	99.20	3	0.80	374	0.48
Bongeen	No	20	15.27	111	84.73	131	98.50	2	1.50	133	0.17
Bowenville	No	21	10.14	186	89.86	207	100.00	0	0.00	207
	0.26
Brisbane City (Groom)	No	32	40.51	47	59.49	79	100.00	0
	0.00	79	0.10
Brookstead	No	18	11.39	140	88.61	158	99.37	1	0.63	159	0.20
Cambooya	No	104	15.09	585	84.91	689	99.71	2	0.29	691	0.88
Charlton	No	119	20.70	456	79.30	575	99.31	4	0.69	579	0.74
Clifton	No	145	17.24	696	82.76	841	98.94	9	1.06	850	1.08
Darling Heights	No	1003	30.73	2261	69.27	3264	99.54	15	0.46	3279
	4.18
Drayton	No	337	22.65	1151	77.35	1488	99.27	11	0.73	1499	1.91
Fairview Heights	No	229	25.25	678	74.75	907	99.45	5	0.55	912
	1.16
Felton East	No	23	15.54	125	84.46	148	100.00	0	0.00	148
	0.19
Gabbinbar	No	593	38.48	948	61.52	1541	99.61	6	0.39	1547	1.97
Geham	No	76	25.76	219	74.24	295	99.33	2	0.67	297	0.38
Glenvale	No	472	26.99	1277	73.01	1749	99.66	6	0.34	1755	2.24
Goombungee	No	118	18.70	513	81.30	631	99.68	2	0.32	633	0.81
Gowrie	No	163	21.45	597	78.55	760	99.61	3	0.39	763	0.97
Greenmount East	No	76	16.41	387	83.59	463	99.78	1	0.22	464
	0.59
Harlaxton	No	477	29.98	1114	70.02	1591	99.50	8	0.50	1599	2.04
Harlaxton North	No	61	22.02	216	77.98	277	98.93	3	1.07	280
	0.36
Harristown	No	710	26.91	1928	73.09	2638	99.43	15	0.57	2653	3.38
Harristown East	No	433	27.44	1145	72.56	1578	99.37	10	0.63	1588
	2.02
Highfields	No	828	32.75	1700	67.25	2528	99.45	14	0.55	2542	3.24
Jondaryan	No	46	15.81	245	84.19	291	100.00	0	0.00	291
	0.37
Kingsthorpe	No	193	21.76	694	78.24	887	99.44	5	0.56	892	1.14
Kulpi	No	30	13.22	197	86.78	227	100.00	0	0.00	227	0.29
Maclagan	No	16	13.33	104	86.67	120	100.00	0	0.00	120
	0.15
Meringandan	No	150	25.73	433	74.27	583	99.83	1	0.17	584	0.74
Middle Ridge	No	866	28.51	2171	71.49	3037	99.70	9	0.30	3046
	3.88
Mount Lofty	No	402	28.07	1030	71.93	1432	99.31	10	0.69	1442	1.84
Mount Tyson	No	42	16.54	212	83.46	254	99.61	1	0.39	255	0.32
Newtown	No	752	26.83	2051	73.17	2803	99.05	27	0.95	2830	3.60
Nobby	No	25	12.14	181	87.86	206	99.52	1	0.48	207	0.26
Oakey	No	498	22.36	1729	77.64	2227	99.20	18	0.80	2245	2.86
Pilton	No	27	17.42	128	82.58	155	100.00	0	0.00	155
	0.20
Pittsworth	No	381	21.71	1374	78.29	1755	99.49	9	0.51	1764	2.25
Quinalow	No	12	7.32	152	92.68	164	100.00	0	0.00	164
	0.21
Rangeville	No	1157	32.78	2373	67.22	3530	99.21	28	0.79	3558	4.53
Rockville	No	286	24.16	898	75.84	1184	99.16	10	0.84	1194	1.52
Ryeford	No	14	10.69	117	89.31	131	100.00	0	0.00	131
	0.17
St Josephs College	No	316	33.65	623	66.35	939	99.37	6	0.63
	945	1.20
Southbrook	No	58	16.52	293	83.48	351	99.72	1	0.28	352	0.45
South End	No	555	30.60	1259	69.40	1814	99.45	10	0.55	1824	2.32
Southtown	No	1037	30.75	2335	69.25	3372	99.47	18	0.53	3390	4.32
The Range	No	361	38.32	581	61.68	942	99.68	3	0.32	945	1.20
Toowoomba City	No	478	31.02	1063	68.98	1541	99.16	13	0.84	1554
	1.98
Toowoomba East	No	993	38.80	1566	61.20	2559	99.49	13	0.51	2572
	3.28
Toowoomba North	No	271	31.88	579	68.12	850	99.30	6	0.70	856
	1.09
Toowoomba Taylor St	No	381	29.35	917	70.65	1298	98.63	18	1.37
	1316	1.68
Toowoomba West	No	464	22.33	1614	77.67	2078	99.43	12	0.57	2090
	2.66
Tor Street North	No	534	24.98	1604	75.02	2138	99.49	11	0.51	2149
	2.74
Westbrook	No	125	21.44	458	78.56	583	99.49	3	0.51	586	0.75
Wilsonton	No	824	24.12	2592	75.88	3416	99.33	23	0.67	3439	4.38
Wyreema	No	96	18.22	431	81.78	527	100.00	0	0.00	527
	0.67
Special Hospitals	No	168	20.61	647	79.39	815	98.55	12	1.45	827
	1.05
Total Ordinary	No	17813	27.16	47764	72.84	65577	99.40	393	0.60	65970
	84.04
ABSENT	No	1749	30.63	3961	69.37	5710	99.65	20	0.35	5730	7.30
POSTAL	No	623	21.64	2256	78.36	2879	99.76	7	0.24	2886	3.68
PRE_POLL	No	1133	31.59	2454	68.41	3587	99.61	14	0.39	3601	4.59
PROVISIONAL	No	88	28.03	226	71.97	314	99.37	2	0.63	316	0.40
Division Summary	No	21406	27.42	56661	72.58	78067	99.44	436	0.56	78503
	95.80
