Referendum: 6 November 1999									
		
Referendum Results										
	
By Division by Polling Place									
		

"A proposed law for the Alteration of the Constitution, entitled"			
								
   the Constitutional Alteration (Preamble) 1999					
						
											
											
New South Wales											
Gilmore (81457)											

		Yes		No		Formal		Informal		Total	
Polling Place		                                                             
Votes	%	Votes	%	Votes	%	Votes	%	Votes	%
Avoca	No	64	33.68	126	66.32	190	98.96	2	1.04	192	0.25
Basin View	No	264	34.69	497	65.31	761	99.22	6	0.78	767	0.98
Bawley Point	No	153	32.62	316	67.38	469	99.58	2	0.42	471
	0.60
Berry	No	821	43.10	1084	56.90	1905	99.27	14	0.73	1919	2.46
Bomaderry	No	1098	37.06	1865	62.94	2963	99.10	27	0.90	2990	3.83
Bomaderry South	No	258	38.91	405	61.09	663	99.70	2	0.30	665
	0.85
Bundanoon	No	455	41.48	642	58.52	1097	99.37	7	0.63	1104	1.41
Burrawang	No	143	42.31	195	57.69	338	99.41	2	0.59	340	0.44
Burrill Lake	No	358	36.13	633	63.87	991	99.30	7	0.70	998
	1.28
Callala Bay	No	336	37.54	559	62.46	895	99.67	3	0.33	898	1.15
Callala Beach	No	115	36.74	198	63.26	313	100.00	0	0.00
	313	0.40
Cambewarra	No	370	40.75	538	59.25	908	99.56	4	0.44	912	1.17
Canyonleigh	No	57	43.85	73	56.15	130	99.24	1	0.76	131	0.17
Cudmirrah	No	126	33.69	248	66.31	374	99.47	2	0.53	376	0.48
Culburra	No	554	36.50	964	63.50	1518	99.67	5	0.33	1523	1.95
Currarong	No	132	34.11	255	65.89	387	99.74	1	0.26	388	0.50
Erowal Bay	No	142	39.55	217	60.45	359	98.90	4	1.10	363	0.46
Exeter	No	139	39.27	215	60.73	354	99.16	3	0.84	357	0.46
Falls Creek	No	195	38.01	318	61.99	513	99.03	5	0.97	518	0.66
Gerringong	No	628	46.52	722	53.48	1350	99.12	12	0.88	1362	1.74
Gerroa	No	117	47.18	131	52.82	248	100.00	0	0.00	248
	0.32
Greenwell Point	No	297	34.78	557	65.22	854	98.27	15	1.73	869
	1.11
Huskisson	No	400	38.68	634	61.32	1034	99.23	8	0.77	1042	1.33
Hyams Beach	Yes	49	55.68	39	44.32	88	100.00	0	0.00	88
	0.11
Illaroo	No	1040	39.16	1616	60.84	2656	98.99	27	1.01	2683	3.44
Jamberoo	No	510	49.66	517	50.34	1027	99.23	8	0.77	1035	1.33
Kangaroo Valley	No	251	36.43	438	63.57	689	99.71	2	0.29	691
	0.88
Kiama	No	1473	47.50	1628	52.50	3101	99.01	31	0.99	3132	4.01
Kiama Downs	Yes	755	51.78	703	48.22	1458	99.18	12	0.82	1470	1.88
Kiama South	No	285	43.51	370	56.49	655	99.70	2	0.30	657	0.84
Lake Conjola	No	193	37.48	322	62.52	515	100.00	0	0.00
	515	0.66
Manyana	No	152	42.82	203	57.18	355	100.00	0	0.00	355
	0.45
Mayflower	No	105	42.00	145	58.00	250	99.60	1	0.40	251	0.32
Milton	No	521	37.06	885	62.94	1406	99.50	7	0.50	1413	1.81
Minnamurra	No	804	44.77	992	55.23	1796	99.23	14	0.77	1810	2.32
Mollymook	No	629	42.07	866	57.93	1495	99.40	9	0.60	1504	1.93
Moss Vale	No	357	31.76	767	68.24	1124	98.94	12	1.06	1136	1.45
Moss Vale Central	No	898	37.92	1470	62.08	2368	99.45	13	0.55	2381
	3.05
New Berrima	No	93	32.75	191	67.25	284	100.00	0	0.00	284
	0.36
North Nowra	No	276	35.89	493	64.11	769	99.48	4	0.52	773	0.99
Nowra	No	840	37.91	1376	62.09	2216	99.33	15	0.67	2231	2.86
Nowra Centre	No	459	39.00	718	61.00	1177	98.74	15	1.26	1192
	1.53
Nowra East	No	613	30.50	1397	69.50	2010	98.67	27	1.33	2037	2.61
Nowra Hill	No	79	28.32	200	71.68	279	99.29	2	0.71	281	0.36
Nowra Hospital	No	123	45.39	148	54.61	271	98.91	3	1.09	274
	0.35
Nowra South	No	182	34.87	340	65.13	522	98.86	6	1.14	528	0.68
Orient Point	No	180	37.04	306	62.96	486	99.79	1	0.21	487
	0.62
Penrose	No	38	30.16	88	69.84	126	100.00	0	0.00	126
	0.16
Robertson	No	369	39.89	556	60.11	925	98.93	10	1.07	935	1.20
St Georges Basin	No	394	35.82	706	64.18	1100	99.19	9	0.81	1109
	1.42
Sanctuary Point	No	1091	36.16	1926	63.84	3017	99.34	20	0.66	3037
	3.89
Shoalhaven Heads	No	783	37.72	1293	62.28	2076	99.38	13	0.62	2089
	2.68
Sussex Inlet	No	772	36.90	1320	63.10	2092	99.48	11	0.52	2103
	2.69
Sutton Forest	No	118	33.91	230	66.09	348	99.71	1	0.29	349
	0.45
Sydney (Gilmore)	No	23	44.23	29	55.77	52	98.11	1	1.89	53
	0.07
Tallong	No	65	36.11	115	63.89	180	97.30	5	2.70	185	0.24
Terara	No	205	36.48	357	63.52	562	99.65	2	0.35	564	0.72
Tomerong	No	210	40.54	308	59.46	518	98.48	8	1.52	526	0.67
Ulladulla	No	1138	37.24	1918	62.76	3056	98.93	33	1.07	3089	3.96
Vincentia	No	656	39.05	1024	60.95	1680	99.64	6	0.36	1686	2.16
Werri Beach	No	295	44.43	369	55.57	664	98.96	7	1.04	671	0.86
Wingello	No	83	38.97	130	61.03	213	98.61	3	1.39	216	0.28
Special Hospitals	No	125	42.96	166	57.04	291	97.32	8	2.68	299
	0.38
Total Ordinary	No	24454	39.12	38057	60.88	62511	99.24	480	0.76	62991
	80.67
ABSENT	No	1969	40.77	2861	59.23	4830	99.36	31	0.64	4861	6.23
POSTAL	No	764	34.74	1435	65.26	2199	99.55	10	0.45	2209	2.83
PRE_POLL	No	2937	38.60	4671	61.40	7608	99.70	23	0.30	7631	9.77
PROVISIONAL	No	156	40.31	231	59.69	387	98.98	4	1.02	391	0.50
Division Summary	No	30280	39.05	47255	60.95	77535	99.30	548	0.70	78083
	95.86
