Referendum: 6 November 1999									
		
Referendum Results										
	
By Division by Polling Place									
		

"A proposed law for the Alteration of the Constitution, entitled"			
								
   the Constitutional Alteration (Preamble) 1999					
						
											
											
Queensland											
Brisbane (91109)											

		Yes		No		Formal		Informal		Total	
Polling Place		                                                             
Votes	%	Votes	%	Votes	%	Votes	%	Votes	%
Alderley	No	807	40.33	1194	59.67	2001	99.21	16	0.79	2017	2.38
Ashgrove	No	1400	48.63	1479	51.37	2879	99.21	23	0.79	2902	3.43
Ashgrove West	No	1005	49.56	1023	50.44	2028	99.51	10	0.49	2038
	2.41
Auchenflower	No	722	48.39	770	51.61	1492	98.87	17	1.13	1509
	1.78
Ballymore	No	266	47.58	293	52.42	559	99.11	5	0.89	564	0.67
Bardon	Yes	657	51.49	619	48.51	1276	99.53	6	0.47	1282	1.51
Brisbane City (Brisbane)	No	914	44.03	1162	55.97	2076	99.14	18
	0.86	2094	2.47
Buranda	No	173	41.79	241	58.21	414	98.57	6	1.43	420	0.50
Dorrington	No	549	43.68	708	56.32	1257	98.98	13	1.02	1270	1.50
Dutton Park	No	396	45.57	473	54.43	869	99.43	5	0.57	874	1.03
East Brisbane	No	1176	48.12	1268	51.88	2444	98.91	27	1.09	2471
	2.92
Enoggera	No	362	40.22	538	59.78	900	99.67	3	0.33	903	1.07
Ferny Grove (Brisbane)	No	120	40.68	175	59.32	295	99.33	2	0.67
	297	0.35
Fortitude Valley	No	254	47.92	276	52.08	530	98.88	6	1.12	536
	0.63
Gaythorne	No	452	39.30	698	60.70	1150	99.05	11	0.95	1161	1.37
Grange	No	351	39.62	535	60.38	886	99.77	2	0.23	888	1.05
Grange West	No	336	46.09	393	53.91	729	99.86	1	0.14	730	0.86
Grovely (Brisbane)	No	199	39.25	308	60.75	507	98.83	6	1.17
	513	0.61
Hill End	No	638	44.65	791	55.35	1429	99.03	14	0.97	1443	1.70
Holy Spirit	No	771	46.70	880	53.30	1651	99.10	15	0.90	1666	1.97
Ithaca Creek	No	592	46.00	695	54.00	1287	99.46	7	0.54	1294
	1.53
Ithaca South	No	679	47.82	741	52.18	1420	99.44	8	0.56	1428
	1.69
Kangaroo Point	No	708	48.16	762	51.84	1470	99.26	11	0.74	1481
	1.75
Kelvin Grove	No	560	45.53	670	54.47	1230	98.87	14	1.13	1244
	1.47
Keperra (Brisbane)	No	803	36.29	1410	63.71	2213	98.93	24	1.07
	2237	2.64
Lutwyche	No	498	46.03	584	53.97	1082	98.72	14	1.28	1096	1.29
Mater Hospital	No	557	46.19	649	53.81	1206	98.29	21	1.71	1227
	1.45
Merthyr	No	539	41.46	761	58.54	1300	98.78	16	1.22	1316	1.55
Milton	No	1339	47.20	1498	52.80	2837	99.30	20	0.70	2857	3.37
Mitchelton (Brisbane)	No	734	38.69	1163	61.31	1897	99.37	12	0.63
	1909	2.25
New Farm	No	1352	49.25	1393	50.75	2745	99.31	19	0.69	2764	3.26
Newmarket	No	825	47.14	925	52.86	1750	98.93	19	1.07	1769	2.09
Newmarket South	No	329	42.34	448	57.66	777	99.11	7	0.89	784
	0.93
Oxford Park (Brisbane)	No	268	37.91	439	62.09	707	99.02	7	0.98
	714	0.84
Paddington	No	647	46.58	742	53.42	1389	99.14	12	0.86	1401	1.65
Petrie Terrace	No	383	45.27	463	54.73	846	99.53	4	0.47	850
	1.00
Princess Alexandra Hospital	No	129	37.39	216	62.61	345	96.91	11
	3.09	356	0.42
Rainworth	No	902	47.62	992	52.38	1894	99.63	7	0.37	1901	2.24
Red Hill	No	713	49.38	731	50.62	1444	98.90	16	1.10	1460	1.72
Royal Brisbane Hospital	No	142	46.86	161	53.14	303	98.38	5	1.62
	308	0.36
South Brisbane	No	808	49.48	825	50.52	1633	98.97	17	1.03	1650
	1.95
Spring Hill	No	438	41.63	614	58.37	1052	99.25	8	0.75	1060	1.25
Stafford (Brisbane)	No	186	36.76	320	63.24	506	98.83	6	1.17
	512	0.60
Stafford West (Brisbane)	No	140	40.35	207	59.65	347	99.43	2
	0.57	349	0.41
Toowong (Brisbane)	No	217	45.11	264	54.89	481	99.38	3	0.62
	484	0.57
West End	No	1244	49.35	1277	50.65	2521	98.75	32	1.25	2553	3.01
Wilston School	No	1399	49.26	1441	50.74	2840	98.99	29	1.01	2869
	3.39
Windsor	No	677	42.18	928	57.82	1605	98.65	22	1.35	1627	1.92
Special Hospitals	No	374	49.02	389	50.98	763	98.32	13	1.68	776
	0.92
Total Ordinary	No	29730	45.55	35532	54.45	65262	99.10	592	0.90	65854
	77.73
ABSENT	No	4301	44.86	5287	55.14	9588	99.42	56	0.58	9644	11.38
POSTAL	No	1317	35.65	2377	64.35	3694	98.80	45	1.20	3739	4.41
PRE_POLL	Yes	2428	51.67	2271	48.33	4699	99.56	21	0.44	4720	5.57
PROVISIONAL	No	340	45.03	415	54.97	755	99.21	6	0.79	761	0.90
Division Summary	No	38116	45.38	45882	54.62	83998	99.15	720	0.85	84718
	92.99
