Referendum: 6 November 1999									
		
Referendum Results										
	
By Division by Polling Place									
		

"A proposed law for the Alteration of the Constitution, entitled"			
								
   the Constitutional Alteration (Preamble) 1999					
						
											
											
Queensland											
Groom (81984)											

		Yes		No		Formal		Informal		Total	
Polling Place		                                                             
Votes	%	Votes	%	Votes	%	Votes	%	Votes	%
Acland	No	22	12.09	160	87.91	182	99.45	1	0.55	183	0.23
Baker Street	No	94	34.18	181	65.82	275	98.57	4	1.43	279
	0.36
Biddeston	No	69	18.55	303	81.45	372	99.47	2	0.53	374	0.48
Bongeen	No	36	27.48	95	72.52	131	98.50	2	1.50	133	0.17
Bowenville	No	30	14.63	175	85.37	205	99.03	2	0.97	207	0.26
Brisbane City (Groom)	No	26	33.33	52	66.67	78	98.73	1	1.27	79
	0.10
Brookstead	No	14	8.86	144	91.14	158	99.37	1	0.63	159	0.20
Cambooya	No	106	15.41	582	84.59	688	99.57	3	0.43	691	0.88
Charlton	No	111	19.27	465	80.73	576	99.48	3	0.52	579	0.74
Clifton	No	154	18.20	692	81.80	846	99.53	4	0.47	850	1.08
Darling Heights	No	898	27.50	2367	72.50	3265	99.51	16	0.49	3281
	4.18
Drayton	No	304	20.46	1182	79.54	1486	99.13	13	0.87	1499	1.91
Fairview Heights	No	200	22.00	709	78.00	909	99.67	3	0.33	912
	1.16
Felton East	No	24	16.33	123	83.67	147	99.32	1	0.68	148	0.19
Gabbinbar	No	505	32.73	1038	67.27	1543	99.74	4	0.26	1547	1.97
Geham	No	94	31.86	201	68.14	295	99.33	2	0.67	297	0.38
Glenvale	No	449	25.75	1295	74.25	1744	99.37	11	0.63	1755	2.24
Goombungee	No	107	16.98	523	83.02	630	99.53	3	0.47	633	0.81
Gowrie	No	165	21.74	594	78.26	759	99.48	4	0.52	763	0.97
Greenmount East	No	86	18.57	377	81.43	463	99.78	1	0.22	464
	0.59
Harlaxton	No	426	26.73	1168	73.27	1594	99.62	6	0.38	1600	2.04
Harlaxton North	No	44	15.94	232	84.06	276	98.57	4	1.43	280
	0.36
Harristown	No	660	24.99	1981	75.01	2641	99.36	17	0.64	2658	3.39
Harristown East	No	443	28.07	1135	71.93	1578	99.37	10	0.63	1588
	2.02
Highfields	No	719	28.43	1810	71.57	2529	99.49	13	0.51	2542	3.24
Jondaryan	No	51	17.53	240	82.47	291	100.00	0	0.00	291
	0.37
Kingsthorpe	No	165	18.64	720	81.36	885	99.22	7	0.78	892	1.14
Kulpi	No	33	14.54	194	85.46	227	100.00	0	0.00	227	0.29
Maclagan	No	21	17.50	99	82.50	120	100.00	0	0.00	120
	0.15
Meringandan	No	135	23.16	448	76.84	583	99.83	1	0.17	584	0.74
Middle Ridge	No	823	27.16	2207	72.84	3030	99.54	14	0.46	3044
	3.88
Mount Lofty	No	384	26.78	1050	73.22	1434	99.45	8	0.55	1442	1.84
Mount Tyson	No	36	14.23	217	85.77	253	99.22	2	0.78	255	0.32
Newtown	No	671	23.94	2132	76.06	2803	99.12	25	0.88	2828	3.60
Nobby	No	37	17.96	169	82.04	206	99.52	1	0.48	207	0.26
Oakey	No	393	17.65	1833	82.35	2226	99.20	18	0.80	2244	2.86
Pilton	No	34	21.94	121	78.06	155	100.00	0	0.00	155
	0.20
Pittsworth	No	388	22.07	1370	77.93	1758	99.55	8	0.45	1766	2.25
Quinalow	No	33	20.12	131	79.88	164	100.00	0	0.00	164
	0.21
Rangeville	No	1086	30.73	2448	69.27	3534	99.30	25	0.70	3559	4.53
Rockville	No	248	20.91	938	79.09	1186	99.33	8	0.67	1194	1.52
Ryeford	No	18	13.74	113	86.26	131	100.00	0	0.00	131
	0.17
St Josephs College	No	288	30.64	652	69.36	940	99.47	5	0.53
	945	1.20
Southbrook	No	57	16.24	294	83.76	351	99.72	1	0.28	352	0.45
South End	No	516	28.41	1300	71.59	1816	99.56	8	0.44	1824	2.32
Southtown	No	928	27.54	2442	72.46	3370	99.41	20	0.59	3390	4.32
The Range	No	354	37.58	588	62.42	942	99.68	3	0.32	945	1.20
Toowoomba City	No	448	29.07	1093	70.93	1541	99.23	12	0.77	1553
	1.98
Toowoomba East	No	866	33.79	1697	66.21	2563	99.65	9	0.35	2572
	3.28
Toowoomba North	No	222	26.15	627	73.85	849	99.18	7	0.82	856
	1.09
Toowoomba Taylor St	No	319	24.52	982	75.48	1301	98.79	16	1.21
	1317	1.68
Toowoomba West	No	421	20.26	1657	79.74	2078	99.43	12	0.57	2090
	2.66
Tor Street North	No	495	23.22	1637	76.78	2132	99.21	17	0.79	2149
	2.74
Westbrook	No	115	19.76	467	80.24	582	99.32	4	0.68	586	0.75
Wilsonton	No	767	22.51	2641	77.49	3408	99.13	30	0.87	3438	4.38
Wyreema	No	100	19.01	426	80.99	526	99.81	1	0.19	527	0.67
Special Hospitals	No	232	28.36	586	71.64	818	98.91	9	1.09	827
	1.05
Total Ordinary	No	16470	25.12	49103	74.88	65573	99.39	402	0.61	65975
	84.03
ABSENT	No	1667	29.20	4042	70.80	5709	99.58	24	0.42	5733	7.30
POSTAL	No	618	21.56	2248	78.44	2866	99.24	22	0.76	2888	3.68
PRE_POLL	No	1101	30.71	2484	69.29	3585	99.56	16	0.44	3601	4.59
PROVISIONAL	No	78	24.92	235	75.08	313	99.05	3	0.95	316	0.40
Division Summary	No	19934	25.54	58112	74.46	78046	99.41	467	0.59	78513
	95.81
