Referendum: 6 November 1999									
		
Referendum Results										
	
By Division by Polling Place									
		

"A proposed law for the Alteration of the Constitution, entitled"			
								
   the Constitutional Alteration (Preamble) 1999					
						
											
											
New South Wales											
Hunter (77641)											

		Yes		No		Formal		Informal		Total	
Polling Place		                                                             
Votes	%	Votes	%	Votes	%	Votes	%	Votes	%
Aberdare	No	362	33.49	719	66.51	1081	99.08	10	0.92	1091	1.46
Aberdare West	No	387	34.16	746	65.84	1133	98.69	15	1.31	1148
	1.53
Aberdeen	No	346	28.74	858	71.26	1204	98.69	16	1.31	1220	1.63
Abermain	No	466	36.52	810	63.48	1276	98.99	13	1.01	1289	1.72
Allandale Hospital	No	48	35.82	86	64.18	134	99.26	1	0.74
	135	0.18
Bellbird	No	413	33.58	817	66.42	1230	99.19	10	0.81	1240	1.65
Beresfield	No	804	32.86	1643	67.14	2447	99.03	24	0.97	2471	3.30
Black Hill	No	105	42.86	140	57.14	245	98.00	5	2.00	250	0.33
Blandford	No	56	30.94	125	69.06	181	99.45	1	0.55	182	0.24
Branxton	No	536	33.29	1074	66.71	1610	98.89	18	1.11	1628	2.17
Broke	No	117	34.62	221	65.38	338	99.41	2	0.59	340	0.45
Bunnan	No	29	27.62	76	72.38	105	98.13	2	1.87	107	0.14
Camberwell	No	32	31.68	69	68.32	101	98.06	2	1.94	103	0.14
Caroona	No	17	23.29	56	76.71	73	97.33	2	2.67	75	0.10
Cessnock	No	310	36.64	536	63.36	846	99.06	8	0.94	854	1.14
Cessnock East	No	350	35.39	639	64.61	989	99.40	6	0.60	995
	1.33
Cessnock Hospital	No	305	36.97	520	63.03	825	99.28	6	0.72	831
	1.11
Cessnock North	No	290	36.80	498	63.20	788	99.24	6	0.76	794
	1.06
Cessnock West	No	767	34.63	1448	65.37	2215	99.06	21	0.94	2236
	2.98
Denman	No	404	35.31	740	64.69	1144	99.31	8	0.69	1152	1.54
Elderslie	No	46	27.71	120	72.29	166	100.00	0	0.00	166
	0.22
Ellalong	No	141	35.88	252	64.12	393	97.76	9	2.24	402	0.54
Francis Street	No	169	32.44	352	67.56	521	98.67	7	1.33	528
	0.70
Glendon	No	61	35.67	110	64.33	171	100.00	0	0.00	171
	0.23
Glendon Brook	No	48	34.53	91	65.47	139	99.29	1	0.71	140
	0.19
Greenland	No	41	25.00	123	75.00	164	100.00	0	0.00	164
	0.22
Greta	No	358	28.26	909	71.74	1267	99.14	11	0.86	1278	1.71
Gundy	No	49	30.82	110	69.18	159	99.37	1	0.63	160	0.21
Heddon Greta	No	248	33.56	491	66.44	739	98.27	13	1.73	752
	1.00
Hexham	No	14	25.45	41	74.55	55	98.21	1	1.79	56	0.07
Jerrys Plains	No	52	24.30	162	75.70	214	98.62	3	1.38	217
	0.29
Kearsley	No	197	32.83	403	67.17	600	98.85	7	1.15	607	0.81
Kitchener	No	132	32.27	277	67.73	409	99.27	3	0.73	412	0.55
Kurri Kurri	No	589	31.50	1281	68.50	1870	99.05	18	0.95	1888	2.52
Kurri Kurri East	No	549	33.03	1113	66.97	1662	99.46	9	0.54	1671
	2.23
Lochinvar	No	356	33.62	703	66.38	1059	99.53	5	0.47	1064	1.42
Lower Belford	No	87	38.67	138	61.33	225	100.00	0	0.00
	225	0.30
Martindale	No	37	28.24	94	71.76	131	98.50	2	1.50	133	0.18
Merriwa	No	295	31.93	629	68.07	924	99.78	2	0.22	926	1.24
Milbrodale	No	76	29.46	182	70.54	258	98.85	3	1.15	261	0.35
Millfield	No	81	22.25	283	77.75	364	98.91	4	1.09	368	0.49
Minmi	No	167	34.58	316	65.42	483	99.38	3	0.62	486	0.65
Moonan Flat	No	47	26.26	132	73.74	179	99.44	1	0.56	180	0.24
Mulbring	No	212	36.12	375	63.88	587	99.16	5	0.84	592	0.79
Murrurundi	No	188	29.47	450	70.53	638	98.91	7	1.09	645	0.86
Muswellbrook	No	410	34.00	796	66.00	1206	99.18	10	0.82	1216
	1.62
Muswellbrook East	No	413	33.99	802	66.01	1215	99.18	10	0.82	1225
	1.63
Muswellbrook North	No	695	34.20	1337	65.80	2032	99.22	16	0.78
	2048	2.73
Muswellbrook South	No	422	32.19	889	67.81	1311	99.09	12	0.91
	1323	1.77
Neath	No	64	27.95	165	72.05	229	99.57	1	0.43	230	0.31
North Rothbury	No	93	35.50	169	64.50	262	98.87	3	1.13	265
	0.35
Nulkaba	No	183	38.94	287	61.06	470	98.74	6	1.26	476	0.64
Paxton	No	103	26.48	286	73.52	389	98.98	4	1.02	393	0.52
Pelaw Main	No	172	31.62	372	68.38	544	98.73	7	1.27	551	0.74
Pine Ridge	No	30	34.09	58	65.91	88	98.88	1	1.12	89	0.12
Pokolbin	No	102	48.80	107	51.20	209	99.52	1	0.48	210	0.28
Quirindi	No	576	28.26	1462	71.74	2038	99.12	18	0.88	2056	2.74
Sandy Hollow	No	74	27.01	200	72.99	274	98.92	3	1.08	277
	0.37
Scone	No	500	37.97	817	62.03	1317	99.17	11	0.83	1328	1.77
Scone East	No	356	32.25	748	67.75	1104	99.19	9	0.81	1113	1.49
Scone High School	No	254	32.03	539	67.97	793	99.00	8	1.00	801
	1.07
Singleton	No	544	34.94	1013	65.06	1557	99.17	13	0.83	1570	2.10
Singleton East	No	317	32.41	661	67.59	978	98.79	12	1.21	990
	1.32
Singleton Heights	No	1035	34.95	1926	65.05	2961	99.43	17	0.57	2978
	3.97
Singleton Military Camp	No	17	36.96	29	63.04	46	100.00	0
	0.00	46	0.06
Singleton South	No	612	29.85	1438	70.15	2050	99.13	18	0.87	2068
	2.76
Spring Ridge	No	20	15.50	109	84.50	129	99.23	1	0.77	130
	0.17
Stanford Merthyr	No	164	37.02	279	62.98	443	99.33	3	0.67	446
	0.60
Sydney (Hunter)	Yes	10	52.63	9	47.37	19	100.00	0	0.00	19
	0.03
Tarro	No	222	31.31	487	68.69	709	99.58	3	0.42	712	0.95
Thornton	No	958	34.07	1854	65.93	2812	98.53	42	1.47	2854	3.81
Upper Rouchel	No	33	40.24	49	59.76	82	98.80	1	1.20	83
	0.11
Wallabadah	No	89	32.25	187	67.75	276	100.00	0	0.00	276
	0.37
Weston	No	646	32.59	1336	67.41	1982	98.75	25	1.25	2007	2.68
Willow Tree	No	82	26.03	233	73.97	315	100.00	0	0.00	315
	0.42
Wingen	No	40	24.84	121	75.16	161	99.38	1	0.62	162	0.22
Wollombi	No	159	48.18	171	51.82	330	99.70	1	0.30	331	0.44
Woodberry	No	534	30.03	1244	69.97	1778	98.78	22	1.22	1800	2.40
Wybong	No	50	38.17	81	61.83	131	99.24	1	0.76	132	0.18
Special Hospitals	No	148	41.46	209	58.54	357	98.08	7	1.92	364
	0.49
Prison Mobiles	Yes	4	57.14	3	42.86	7	100.00	0	0.00	7
	0.01
Total Ordinary	No	20515	33.12	41431	66.88	61946	99.08	578	0.92	62524
	83.45
ABSENT	No	1761	38.13	2858	61.87	4619	99.55	21	0.45	4640	6.19
POSTAL	No	646	29.58	1538	70.42	2184	99.73	6	0.27	2190	2.92
PRE_POLL	No	1792	34.98	3331	65.02	5123	99.73	14	0.27	5137	6.86
PROVISIONAL	No	146	33.87	285	66.13	431	99.08	4	0.92	435	0.58
Division Summary	No	24860	33.46	49443	66.54	74303	99.17	623	0.83	74926
	96.50
