Referendum: 6 November 1999									
		
Referendum Results										
	
By Division by Polling Place									
		

"A proposed law for the Alteration of the Constitution, entitled"			
								
   the Constitutional Alteration (Preamble) 1999					
						
											
											
Victoria											
McMillan (83656)											

		Yes		No		Formal		Informal		Total	
Polling Place		                                                             
Votes	%	Votes	%	Votes	%	Votes	%	Votes	%
Bona Vista	No	51	31.10	113	68.90	164	100.00	0	0.00	164
	0.20
Boolarra	No	232	34.58	439	65.42	671	99.55	3	0.45	674	0.84
Buln Buln	No	135	35.16	249	64.84	384	99.74	1	0.26	385	0.48
Bunyip	No	399	30.91	892	69.09	1291	99.00	13	1.00	1304	1.62
Churchill	No	922	30.20	2131	69.80	3053	99.28	22	0.72	3075	3.82
Cloverlea	No	39	30.71	88	69.29	127	99.22	1	0.78	128	0.16
Cora Lynn	No	54	34.84	101	65.16	155	98.73	2	1.27	157	0.20
Darnum	No	87	24.86	263	75.14	350	100.00	0	0.00	350
	0.44
Drouin	No	1135	30.75	2556	69.25	3691	99.38	23	0.62	3714	4.62
Drouin South	No	125	25.05	374	74.95	499	100.00	0	0.00
	499	0.62
Drouin West	No	73	28.40	184	71.60	257	98.85	3	1.15	260	0.32
Ellinbank	No	81	35.84	145	64.16	226	98.69	3	1.31	229	0.28
Erica	No	60	25.97	171	74.03	231	99.14	2	0.86	233	0.29
Garfield	No	191	27.80	496	72.20	687	98.71	9	1.29	696	0.87
Hallora	No	20	22.47	69	77.53	89	100.00	0	0.00	89
	0.11
Hazelwood North	No	215	34.40	410	65.60	625	99.52	3	0.48	628
	0.78
Hill End	No	20	18.69	87	81.31	107	100.00	0	0.00	107
	0.13
Iona	No	19	27.94	49	72.06	68	98.55	1	1.45	69	0.09
Jindivick	No	93	32.63	192	67.37	285	99.30	2	0.70	287	0.36
Labertouche	No	72	31.30	158	68.70	230	98.29	4	1.71	234	0.29
Lillico	No	70	31.53	152	68.47	222	98.23	4	1.77	226	0.28
Longwarry	No	176	25.47	515	74.53	691	98.86	8	1.14	699	0.87
Maryknoll	No	138	45.70	164	54.30	302	98.37	5	1.63	307	0.38
Melbourne (McMillan)	No	27	38.57	43	61.43	70	97.22	2	2.78	72
	0.09
Moe	No	1061	29.95	2482	70.05	3543	99.08	33	0.92	3576	4.45
Moe Central	No	382	25.53	1114	74.47	1496	98.75	19	1.25	1515	1.88
Moe West	No	312	28.84	770	71.16	1082	99.45	6	0.55	1088	1.35
Morwell	No	464	29.63	1102	70.37	1566	99.18	13	0.82	1579	1.96
Morwell Central	No	993	32.69	2045	67.31	3038	98.96	32	1.04	3070
	3.82
Morwell Estate	No	836	32.81	1712	67.19	2548	99.07	24	0.93	2572
	3.20
Morwell North	No	89	23.54	289	76.46	378	99.47	2	0.53	380
	0.47
Nar Nar Goon	No	179	30.55	407	69.45	586	97.99	12	2.01	598
	0.74
Nar Nar Goon North	No	96	35.69	173	64.31	269	99.63	1	0.37
	270	0.34
Narracan	No	52	29.71	123	70.29	175	98.87	2	1.13	177	0.22
Neerim Junction	No	63	30.43	144	69.57	207	98.57	3	1.43	210
	0.26
Neerim South	No	230	31.64	497	68.36	727	99.18	6	0.82	733
	0.91
Newborough	No	631	26.28	1770	73.72	2401	99.17	20	0.83	2421	3.01
Newborough East	No	417	30.91	932	69.09	1349	99.48	7	0.52	1356
	1.69
Nilma	No	65	27.78	169	72.22	234	99.57	1	0.43	235	0.29
Noojee	No	44	28.39	111	71.61	155	99.36	1	0.64	156	0.19
Pakenham	No	843	32.67	1737	67.33	2580	99.08	24	0.92	2604	3.24
Pakenham Central	No	759	28.74	1882	71.26	2641	99.32	18	0.68	2659
	3.31
Pakenham North	No	320	34.48	608	65.52	928	98.83	11	1.17	939
	1.17
Pakenham South	No	30	24.79	91	75.21	121	98.37	2	1.63	123
	0.15
Pakenham Upper (McMillan)	No	140	38.78	221	61.22	361	99.45	2
	0.55	363	0.45
Rawson	No	50	29.24	121	70.76	171	96.61	6	3.39	177	0.22
Ripplebrook	No	28	25.00	84	75.00	112	100.00	0	0.00	112
	0.14
Rokeby	No	67	35.45	122	64.55	189	99.47	1	0.53	190	0.24
Tanjil South	No	43	16.10	224	83.90	267	100.00	0	0.00
	267	0.33
Tetoora Road	No	56	42.42	76	57.58	132	100.00	0	0.00
	132	0.16
Thorpdale	No	124	26.72	340	73.28	464	99.15	4	0.85	468	0.58
Toomuc Valley	No	31	34.07	60	65.93	91	98.91	1	1.09	92
	0.11
Trafalgar	No	637	33.02	1292	66.98	1929	99.08	18	0.92	1947	2.42
Traralgon	No	1333	35.29	2444	64.71	3777	99.06	36	0.94	3813	4.74
Traralgon East	No	949	29.17	2304	70.83	3253	99.09	30	0.91	3283
	4.08
Traralgon North	No	1356	33.07	2744	66.93	4100	99.42	24	0.58	4124
	5.13
Traralgon South	No	152	34.47	289	65.53	441	99.10	4	0.90	445
	0.55
Traralgon West	No	292	28.66	727	71.34	1019	99.12	9	0.88	1028
	1.28
Tyers	No	187	39.62	285	60.38	472	99.37	3	0.63	475	0.59
Tynong	No	117	33.91	228	66.09	345	99.71	1	0.29	346	0.43
Tynong North	Yes	66	54.10	56	45.90	122	97.60	3	2.40	125
	0.16
Warragul	No	875	35.60	1583	64.40	2458	98.75	31	1.25	2489	3.09
Warragul East	No	445	29.95	1041	70.05	1486	99.20	12	0.80	1498
	1.86
Warragul North	No	673	37.26	1133	62.74	1806	99.29	13	0.71	1819
	2.26
Willowgrove	No	106	28.49	266	71.51	372	99.47	2	0.53	374	0.46
Yallourn North	No	303	30.03	706	69.97	1009	99.51	5	0.49	1014
	1.26
Yarragon	No	232	28.71	576	71.29	808	99.51	4	0.49	812	1.01
Yinnar	No	283	31.58	613	68.42	896	99.67	3	0.33	899	1.12
Special Hospitals	No	269	34.22	517	65.78	786	99.37	5	0.63	791
	0.98
Total Ordinary	No	21114	31.34	46251	68.66	67365	99.17	565	0.83	67930
	84.45
ABSENT	No	1454	36.16	2567	63.84	4021	99.38	25	0.62	4046	5.03
POSTAL	No	599	27.50	1579	72.50	2178	99.45	12	0.55	2190	2.72
PRE_POLL	No	2163	36.32	3793	63.68	5956	99.58	25	0.42	5981	7.44
PROVISIONAL	No	96	33.22	193	66.78	289	99.31	2	0.69	291	0.36
Division Summary	No	25426	31.86	54383	68.14	79809	99.22	629	0.78	80438
	96.15
