Referendum: 6 November 1999									
		
Referendum Results										
	
By Division by Polling Place									
		

"A proposed law for the Alteration of the Constitution, entitled"			
								
   the Constitutional Alteration (Preamble) 1999					
						
											
											
Western Australia											
Pearce (84031)											

		Yes		No		Formal		Informal		Total	
Polling Place		                                                             
Votes	%	Votes	%	Votes	%	Votes	%	Votes	%
Bakers Hill	No	134	22.64	458	77.36	592	99.50	3	0.50	595	0.74
Bellevue (Pearce)	No	47	33.57	93	66.43	140	98.59	2	1.41	142
	0.18
Beverley	No	158	19.41	656	80.59	814	99.15	7	0.85	821	1.02
Bindoon	No	189	25.34	557	74.66	746	99.60	3	0.40	749	0.93
Bullsbrook	No	401	25.08	1198	74.92	1599	99.19	13	0.81	1612	2.01
Carmel	No	114	34.65	215	65.35	329	99.40	2	0.60	331	0.41
Chidlow	No	264	30.66	597	69.34	861	98.63	12	1.37	873	1.09
Dale	No	21	23.08	70	76.92	91	100.00	0	0.00	91	0.11
Darlington	No	797	38.94	1250	61.06	2047	99.37	13	0.63	2060	2.56
Ellenbrook	No	547	31.80	1173	68.20	1720	99.31	12	0.69	1732	2.16
Forrestfield	No	808	28.90	1988	71.10	2796	98.73	36	1.27	2832
	3.52
Forrestfield North	No	941	28.06	2412	71.94	3353	98.79	41	1.21
	3394	4.22
Gidgegannup	No	315	30.55	716	69.45	1031	99.04	10	0.96	1041	1.30
Gingin	No	143	22.56	491	77.44	634	99.22	5	0.78	639	0.80
Glen Forrest	No	565	35.11	1044	64.89	1609	99.32	11	0.68	1620
	2.02
Gooseberry Hill	No	534	38.72	845	61.28	1379	99.71	4	0.29	1383
	1.72
Grass Valley	No	32	22.22	112	77.78	144	98.63	2	1.37	146
	0.18
Greenhills	No	10	16.67	50	83.33	60	98.36	1	1.64	61	0.08
Greenmount	No	561	33.33	1122	66.67	1683	99.41	10	0.59	1693	2.11
Guilderton	No	68	32.85	139	67.15	207	98.57	3	1.43	210	0.26
Helena Valley	No	457	32.69	941	67.31	1398	99.29	10	0.71	1408
	1.75
Henley Brook	No	313	32.91	638	67.09	951	98.65	13	1.35	964
	1.20
Herne Hill	No	364	31.14	805	68.86	1169	97.99	24	2.01	1193	1.48
Kalamunda	No	1387	34.82	2596	65.18	3983	99.03	39	0.97	4022	5.01
Kalamunda North	No	511	37.00	870	63.00	1381	99.50	7	0.50	1388
	1.73
Karragullen	No	82	36.44	143	63.56	225	99.56	1	0.44	226	0.28
Koongamia	No	176	26.91	478	73.09	654	98.35	11	1.65	665	0.83
Lancelin	No	162	28.22	412	71.78	574	99.83	1	0.17	575	0.72
Ledge Point	No	26	23.85	83	76.15	109	100.00	0	0.00	109
	0.14
Lesmurdie	No	1121	36.03	1990	63.97	3111	99.14	27	0.86	3138	3.90
Lower Chittering	No	60	28.57	150	71.43	210	100.00	0	0.00
	210	0.26
Mahogany Creek	No	213	34.58	403	65.42	616	99.04	6	0.96	622
	0.77
Maida Vale	No	736	33.33	1472	66.67	2208	99.19	18	0.81	2226	2.77
Midland (Pearce)	No	188	32.47	391	67.53	579	98.81	7	1.19	586
	0.73
Mount Helena	No	417	31.52	906	68.48	1323	99.62	5	0.38	1328
	1.65
Muchea	No	50	15.67	269	84.33	319	99.07	3	0.93	322	0.40
Mundaring	No	659	30.51	1501	69.49	2160	99.17	18	0.83	2178	2.71
Northam	No	537	25.08	1604	74.92	2141	98.80	26	1.20	2167	2.70
Northam East	No	191	22.13	672	77.87	863	99.54	4	0.46	867
	1.08
Northam North	No	123	21.54	448	78.46	571	98.62	8	1.38	579
	0.72
Parkerville	No	284	34.09	549	65.91	833	99.17	7	0.83	840	1.05
Perth (Pearce)	No	42	35.29	77	64.71	119	99.17	1	0.83	120
	0.15
Pickering Brook	No	104	31.04	231	68.96	335	98.53	5	1.47	340
	0.42
Roleystone	No	989	33.32	1979	66.68	2968	99.40	18	0.60	2986	3.72
Rottnest (Pearce)	Yes	33	50.77	32	49.23	65	98.48	1	1.52	66
	0.08
Sawyers Valley	No	135	34.01	262	65.99	397	99.25	3	0.75	400
	0.50
Seabird	No	21	28.00	54	72.00	75	100.00	0	0.00	75
	0.09
Stoneville	No	268	28.91	659	71.09	927	99.46	5	0.54	932	1.16
Stratton	No	548	27.43	1450	72.57	1998	99.25	15	0.75	2013	2.51
Swan View (Pearce)	No	1291	30.23	2980	69.77	4271	99.10	39	0.90
	4310	5.36
Toodyay	No	391	26.84	1066	73.16	1457	99.32	10	0.68	1467	1.83
Upper Swan	No	553	35.38	1010	64.62	1563	98.80	19	1.20	1582	1.97
Walliston	No	475	31.90	1014	68.10	1489	99.07	14	0.93	1503	1.87
Wattle Grove	No	232	38.60	369	61.40	601	98.52	9	1.48	610
	0.76
Woodridge	No	88	23.59	285	76.41	373	98.16	7	1.84	380	0.47
Wooroloo	No	113	31.48	246	68.52	359	99.45	2	0.55	361	0.45
Wundowie	No	140	24.35	435	75.65	575	99.83	1	0.17	576	0.72
York	No	539	35.21	992	64.79	1531	98.90	17	1.10	1548	1.93
Special Hospitals	No	84	39.62	128	60.38	212	92.17	18	7.83	230
	0.29
Total Ordinary	No	20752	31.19	45776	68.81	66528	99.09	609	0.91	67137
	83.55
ABSENT	No	2344	32.11	4957	67.89	7301	99.18	60	0.82	7361	9.16
POSTAL	No	531	30.02	1238	69.98	1769	99.61	7	0.39	1776	2.21
PRE_POLL	No	1318	36.23	2320	63.77	3638	99.56	16	0.44	3654	4.55
PROVISIONAL	No	135	31.47	294	68.53	429	99.54	2	0.46	431	0.54
Division Summary	No	25080	31.48	54585	68.52	79665	99.14	694	0.86	80359
	95.63
