Referendum: 6 November 1999									
		
Referendum Results										
	
By Division by Polling Place									
		

"A proposed law for the Alteration of the Constitution, entitled"			
								
   the Constitutional Alteration (Establishment of Republic) 1999			
								
											
											
Queensland											
Forde (78734)											

		Yes		No		Formal		Informal		Total	
Polling Place		Votes	%	Votes	%	Votes	%	Votes	%	Votes	%
Aratula	No	71	16.28	365	83.72	436	99.32	3	0.68	439	0.59
Beaudesert	No	833	23.71	2681	76.29	3514	99.57	15	0.43	3529	4.75
Beechmont	No	153	42.74	205	57.26	358	98.90	4	1.10	362	0.49
Beenleigh	No	1076	32.06	2280	67.94	3356	99.03	33	0.97	3389	4.56
Beenleigh Central	No	256	35.36	468	64.64	724	99.04	7	0.96	731
	0.98
Bethania	No	688	32.38	1437	67.62	2125	99.53	10	0.47	2135	2.87
Boonah	No	439	21.75	1579	78.25	2018	99.46	11	0.54	2029	2.73
Brisbane City (Forde)	No	39	43.82	50	56.18	89	100.00	0
	0.00	89	0.12
Canungra	No	353	34.17	680	65.83	1033	98.57	15	1.43	1048	1.41
Cedar Creek	No	127	35.47	231	64.53	358	99.72	1	0.28	359	0.48
Coomera (Forde)	No	202	32.74	415	67.26	617	98.72	8	1.28	625
	0.84
Cornubia (Forde)	No	147	34.27	282	65.73	429	99.54	2	0.46	431
	0.58
Eagleby	No	200	25.87	573	74.13	773	98.72	10	1.28	783	1.05
Eagleby South	No	808	30.54	1838	69.46	2646	98.66	36	1.34	2682
	3.61
Edens Landing	No	572	35.37	1045	64.63	1617	98.90	18	1.10	1635
	2.20
Flagstone	No	219	29.51	523	70.49	742	99.33	5	0.67	747	1.00
Greenbank	No	747	32.63	1542	67.37	2289	99.48	12	0.52	2301	3.09
Hillview	No	41	26.11	116	73.89	157	100.00	0	0.00	157
	0.21
Jimboomba	No	1377	29.54	3284	70.46	4661	98.79	57	1.21	4718	6.35
Kalbar	No	145	16.98	709	83.02	854	99.53	4	0.47	858	1.15
Kerry	No	49	24.02	155	75.98	204	98.55	3	1.45	207	0.28
Loganholme (Forde)	No	521	34.57	986	65.43	1507	99.41	9	0.59
	1516	2.04
Loganlea	No	588	35.49	1069	64.51	1657	99.40	10	0.60	1667	2.24
Logan Reserve	No	348	30.05	810	69.95	1158	99.06	11	0.94	1169
	1.57
Logan Village	No	815	30.27	1877	69.73	2692	99.04	26	0.96	2718
	3.66
Marsden (Forde)	No	327	27.81	849	72.19	1176	99.24	9	0.76	1185
	1.59
Mount Alford	No	62	19.08	263	80.92	325	100.00	0	0.00
	325	0.44
Mount Warren Park	No	1160	34.34	2218	65.66	3378	99.44	19	0.56	3397
	4.57
Nerang West (Forde)	No	232	34.17	447	65.83	679	98.69	9	1.31
	688	0.93
Numinbah Valley	No	25	24.75	76	75.25	101	100.00	0	0.00
	101	0.14
Ormeau	No	522	35.88	933	64.12	1455	99.18	12	0.82	1467	1.97
Oxenford	No	467	33.19	940	66.81	1407	99.08	13	0.92	1420	1.91
Park Ridge (Forde)	No	689	34.08	1333	65.92	2022	99.31	14	0.69
	2036	2.74
Pimpama	No	93	36.47	162	63.53	255	99.22	2	0.78	257	0.35
Rathdowney	No	67	14.57	393	85.43	460	99.14	4	0.86	464	0.62
Roadvale	No	68	19.88	274	80.12	342	99.71	1	0.29	343	0.46
St. Bernard	No	325	37.53	541	62.47	866	99.77	2	0.23	868	1.17
Studio Village	No	775	34.34	1482	65.66	2257	99.03	22	0.97	2279
	3.07
Tamborine	No	316	30.50	720	69.50	1036	99.33	7	0.67	1043	1.40
Tamborine North	No	754	36.92	1288	63.08	2042	99.46	11	0.54	2053
	2.76
Tamrookum	No	145	24.17	455	75.83	600	99.50	3	0.50	603	0.81
Upper Coomera	No	332	29.33	800	70.67	1132	99.30	8	0.70	1140
	1.53
Waterford	No	156	37.23	263	62.77	419	99.05	4	0.95	423	0.57
Waterford West	No	812	31.93	1731	68.07	2543	99.45	14	0.55	2557
	3.44
Windaroo	No	662	37.23	1116	62.77	1778	99.16	15	0.84	1793	2.41
Woodhill	No	179	22.66	611	77.34	790	99.50	4	0.50	794	1.07
Special Hospitals	No	70	27.89	181	72.11	251	99.21	2	0.79	253
	0.34
Total Ordinary	No	19052	31.07	42276	68.93	61328	99.22	485	0.78	61813
	83.13
ABSENT	No	2290	34.05	4435	65.95	6725	99.38	42	0.62	6767	9.10
POSTAL	No	657	26.57	1816	73.43	2473	99.72	7	0.28	2480	3.34
PRE_POLL	No	1000	34.84	1870	65.16	2870	99.38	18	0.62	2888	3.88
PROVISIONAL	No	118	29.43	283	70.57	401	98.53	6	1.47	407	0.55
Division Summary	No	23117	31.33	50680	68.67	73797	99.25	558	0.75	74355
	94.44
