Referendum: 6 November 1999									
		
Referendum Results										
	
By Division by Polling Place									
		

"A proposed law for the Alteration of the Constitution, entitled"			
								
   the Constitutional Alteration (Establishment of Republic) 1999			
								
											
											
New South Wales											
Grayndler (86579)											

		Yes		No		Formal		Informal		Total	
Polling Place		Votes	%	Votes	%	Votes	%	Votes	%	Votes	%
Annandale	Yes	1239	69.37	547	30.63	1786	99.28	13	0.72	1799	2.22
Annandale North (Grayndler)	Yes	877	75.67	282	24.33	1159	98.98	12
	1.02	1171	1.45
Ashbury	Yes	1469	60.35	965	39.65	2434	98.82	29	1.18	2463	3.04
Ashfield	Yes	1748	62.99	1027	37.01	2775	98.79	34	1.21	2809	3.47
Ashfield East	Yes	649	61.05	414	38.95	1063	98.15	20	1.85	1083
	1.34
Ashfield North	Yes	1215	61.33	766	38.67	1981	99.15	17	0.85	1998
	2.47
Brighton Avenue	Yes	1106	57.57	815	42.43	1921	98.66	26	1.34	1947
	2.41
Camdenville	Yes	731	68.13	342	31.87	1073	98.08	21	1.92	1094	1.35
Camperdown (Grayndler)	Yes	336	71.34	135	28.66	471	99.16	4	0.84
	475	0.59
Camperdown South	Yes	1497	73.53	539	26.47	2036	99.03	20	0.97	2056
	2.54
Canterbury North	Yes	867	60.12	575	39.88	1442	98.43	23	1.57	1465
	1.81
Dulwich Hill	Yes	1327	63.74	755	36.26	2082	98.35	35	1.65	2117
	2.62
Dulwich Hill West	Yes	734	62.20	446	37.80	1180	98.66	16	1.34	1196
	1.48
Enmore	Yes	1373	71.44	549	28.56	1922	98.82	23	1.18	1945	2.40
Hurlstone Park	Yes	1309	61.80	809	38.20	2118	98.83	25	1.17	2143
	2.65
Infants Home	Yes	330	66.27	168	33.73	498	99.60	2	0.40	500
	0.62
Kegworth	Yes	1010	68.15	472	31.85	1482	99.00	15	1.00	1497	1.85
Leichhardt	Yes	2263	68.18	1056	31.82	3319	98.43	53	1.57	3372	4.17
Leichhardt East	Yes	894	66.22	456	33.78	1350	99.12	12	0.88	1362
	1.68
Leichhardt South	Yes	637	67.05	313	32.95	950	98.96	10	1.04	960
	1.19
Lewisham	Yes	1508	66.49	760	33.51	2268	99.26	17	0.74	2285	2.82
Marrickville	Yes	2580	65.22	1376	34.78	3956	98.38	65	1.62	4021
	4.97
Marrickville Central	Yes	755	65.88	391	34.12	1146	98.88	13	1.12
	1159	1.43
Marrickville South	Yes	550	67.16	269	32.84	819	98.56	12	1.44
	831	1.03
Newington	Yes	636	63.28	369	36.72	1005	98.82	12	1.18	1017	1.26
Newtown North (Grayndler)	Yes	631	83.25	127	16.75	758	98.83	9
	1.17	767	0.95
Petersham	Yes	1472	65.63	771	34.37	2243	98.55	33	1.45	2276	2.81
Petersham East	Yes	396	62.56	237	37.44	633	98.14	12	1.86	645
	0.80
Petersham North	Yes	284	75.73	91	24.27	375	99.73	1	0.27	376
	0.46
Riverside	Yes	1611	63.73	917	36.27	2528	98.63	35	1.37	2563	3.17
Riverside North	Yes	859	63.54	493	36.46	1352	98.40	22	1.60	1374
	1.70
St Clements	Yes	529	65.71	276	34.29	805	99.02	8	0.98	813	1.00
St Peters	Yes	457	56.28	355	43.72	812	98.66	11	1.34	823	1.02
Stanmore	Yes	1270	70.63	528	29.37	1798	98.74	23	1.26	1821	2.25
Stanmore North	Yes	1339	68.00	630	32.00	1969	98.94	21	1.06	1990
	2.46
Summer Hill	Yes	1078	63.23	627	36.77	1705	98.04	34	1.96	1739	2.15
Summer Hill North	Yes	566	63.24	329	36.76	895	98.68	12	1.32	907
	1.12
Summer Hill South	Yes	961	66.92	475	33.08	1436	99.17	12	0.83	1448
	1.79
Sydenham	Yes	564	57.32	420	42.68	984	99.09	9	0.91	993	1.23
Sydney (Grayndler)	Yes	282	69.46	124	30.54	406	98.78	5	1.22
	411	0.51
Tempe	Yes	913	58.12	658	41.88	1571	98.25	28	1.75	1599	1.98
The Warren	Yes	1178	58.40	839	41.60	2017	97.53	51	2.47	2068	2.56
Yeo Park	Yes	872	59.28	599	40.72	1471	98.59	21	1.41	1492	1.84
Special Hospitals	No	161	35.08	298	64.92	459	95.23	23	4.77	482
	0.60
Total Ordinary	Yes	43063	64.80	23390	35.20	66453	98.67	899	1.33	67352
	83.25
ABSENT	Yes	4652	67.11	2280	32.89	6932	99.45	38	0.55	6970	8.62
POSTAL	Yes	1057	53.30	926	46.70	1983	99.45	11	0.55	1994	2.46
PRE_POLL	Yes	2496	65.86	1294	34.14	3790	99.34	25	0.66	3815	4.72
PROVISIONAL	Yes	506	65.63	265	34.37	771	99.87	1	0.13	772	0.95
Division Summary	Yes	51774	64.77	28155	35.23	79929	98.80	974	1.20	80903
	93.44
