Referendum: 6 November 1999									
		
Referendum Results										
	
By Division by Polling Place									
		

"A proposed law for the Alteration of the Constitution, entitled"			
								
   the Constitutional Alteration (Establishment of Republic) 1999			
								
											
											
New South Wales											
Werriwa (83743)											

		Yes		No		Formal		Informal		Total	
Polling Place		Votes	%	Votes	%	Votes	%	Votes	%	Votes	%
Airds (Werriwa)	No	285	35.89	509	64.11	794	99.25	6	0.75	800
	1.01
Airds North	No	235	31.67	507	68.33	742	98.41	12	1.59	754	0.95
Blairmount	No	350	40.37	517	59.63	867	98.75	11	1.25	878	1.11
Bradbury (Werriwa)	No	132	41.51	186	58.49	318	98.15	6	1.85
	324	0.41
Campbellfield	No	549	40.07	821	59.93	1370	98.99	14	1.01	1384
	1.75
Campbelltown (Werriwa)	No	710	38.52	1133	61.48	1843	99.19	15	0.81
	1858	2.35
Campbelltown East	No	980	40.40	1446	59.60	2426	98.62	34	1.38	2460
	3.11
Campbelltown North	No	303	36.29	532	63.71	835	98.82	10	1.18
	845	1.07
Casula	No	1662	45.11	2022	54.89	3684	98.32	63	1.68	3747	4.73
Casula South	No	606	46.54	696	53.46	1302	98.86	15	1.14	1317
	1.66
Claymore	No	442	38.07	719	61.93	1161	98.14	22	1.86	1183	1.49
Curran	No	470	35.50	854	64.50	1324	98.44	21	1.56	1345	1.70
Eagle Vale	No	874	45.83	1033	54.17	1907	99.01	19	0.99	1926	2.43
Eschol Park	No	1050	44.19	1326	55.81	2376	98.84	28	1.16	2404	3.04
Glenfield	No	1064	45.28	1286	54.72	2350	98.78	29	1.22	2379	3.01
Glenfield East	No	675	47.80	737	52.20	1412	98.88	16	1.12	1428
	1.80
Guise	No	441	35.45	803	64.55	1244	98.11	24	1.89	1268	1.60
Hoxton Park	No	672	44.30	845	55.70	1517	99.02	15	0.98	1532	1.94
Ingleburn	No	1704	42.15	2339	57.85	4043	98.83	48	1.17	4091	5.17
Ingleburn High	No	527	43.27	691	56.73	1218	99.10	11	0.90	1229
	1.55
Ingleburn North	No	222	43.19	292	56.81	514	99.04	5	0.96	519
	0.66
Kentlyn	No	349	41.70	488	58.30	837	99.64	3	0.36	840	1.06
Leumeah	No	950	39.32	1466	60.68	2416	98.81	29	1.19	2445	3.09
Leumeah North	No	604	39.32	932	60.68	1536	99.10	14	0.90	1550
	1.96
Liverpool West (Werriwa)	No	208	43.79	267	56.21	475	98.14	9
	1.86	484	0.61
Lurnea	No	921	40.22	1369	59.78	2290	98.96	24	1.04	2314	2.92
Macquarie Fields	No	1131	39.99	1697	60.01	2828	99.12	25	0.88	2853
	3.60
Macquarie Fields North	No	444	39.61	677	60.39	1121	98.25	20	1.75
	1141	1.44
Minto	No	881	38.59	1402	61.41	2283	98.19	42	1.81	2325	2.94
Prestons	No	1374	46.86	1558	53.14	2932	98.72	38	1.28	2970	3.75
Prestons West	No	561	48.57	594	51.43	1155	99.74	3	0.26	1158
	1.46
Robert Townson	No	1508	44.67	1868	55.33	3376	99.21	27	0.79	3403
	4.30
Ruse	No	1424	43.06	1883	56.94	3307	99.01	33	0.99	3340	4.22
Sackville Street	No	942	40.81	1366	59.19	2308	99.06	22	0.94	2330
	2.94
St Andrews	No	1524	43.61	1971	56.39	3495	98.84	41	1.16	3536	4.47
St Andrews South	No	279	45.37	336	54.63	615	97.93	13	2.07	628
	0.79
Sydney (Werriwa)	No	61	47.29	68	52.71	129	98.47	2	1.53	131
	0.17
The Grange	No	599	39.00	937	61.00	1536	99.29	11	0.71	1547	1.95
Whiddon Homes	No	81	38.03	132	61.97	213	96.82	7	3.18	220
	0.28
Woodbine	No	719	46.12	840	53.88	1559	99.24	12	0.76	1571	1.98
Total Ordinary	No	28513	42.14	39145	57.86	67658	98.83	799	1.17	68457
	86.47
ABSENT	No	2355	42.34	3207	57.66	5562	99.41	33	0.59	5595	7.07
POSTAL	No	535	33.82	1047	66.18	1582	99.50	8	0.50	1590	2.01
PRE_POLL	No	1197	38.76	1891	61.24	3088	99.68	10	0.32	3098	3.91
PROVISIONAL	No	172	40.66	251	59.34	423	99.06	4	0.94	427	0.54
Division Summary	No	32772	41.85	45541	58.15	78313	98.92	854	1.08	79167
	94.54
