Referendum: 6 November 1999									
		
Referendum Results										
	
By Division by Polling Place									
		

"A proposed law for the Alteration of the Constitution, entitled"			
								
   the Constitutional Alteration (Preamble) 1999					
						
											
											
Australian Capital Territory									
		
Fraser (106387)											

		Yes		No		Formal		Informal		Total	
Polling Place		                                                             
Votes	%	Votes	%	Votes	%	Votes	%	Votes	%
Ainslie	No	746	39.81	1128	60.19	1874	98.84	22	1.16	1896	1.88
Ainslie North	No	946	40.10	1413	59.90	2359	98.87	27	1.13	2386
	2.36
Aranda	No	1266	42.33	1725	57.67	2991	99.43	17	0.57	3008	2.98
Baker Gardens	No	229	36.41	400	63.59	629	99.37	4	0.63	633
	0.63
Barton	No	637	45.21	772	54.79	1409	99.51	7	0.49	1416	1.40
Belconnen	No	1049	46.56	1204	53.44	2253	98.95	24	1.05	2277	2.25
Bruce	No	165	43.31	216	56.69	381	99.22	3	0.78	384	0.38
Campbell	No	1030	39.86	1554	60.14	2584	99.61	10	0.39	2594	2.57
Charnwood	No	1546	39.93	2326	60.07	3872	98.83	46	1.17	3918	3.88
City	No	407	39.32	628	60.68	1035	98.67	14	1.33	1049	1.04
Dickson	No	701	41.38	993	58.62	1694	98.95	18	1.05	1712	1.69
Downer	No	595	41.90	825	58.10	1420	99.37	9	0.63	1429	1.41
Evatt	No	1327	43.94	1693	56.06	3020	98.69	40	1.31	3060	3.03
Evatt South	No	639	45.51	765	54.49	1404	99.57	6	0.43	1410	1.39
Florey	No	987	45.53	1181	54.47	2168	98.77	27	1.23	2195	2.17
Flynn	No	832	42.49	1126	57.51	1958	99.24	15	0.76	1973	1.95
Giralang	No	915	42.76	1225	57.24	2140	98.94	23	1.06	2163	2.14
Griffith	No	719	42.27	982	57.73	1701	99.47	9	0.53	1710	1.69
Hall	No	184	43.19	242	56.81	426	99.07	4	0.93	430	0.43
Higgins	No	932	40.21	1386	59.79	2318	98.85	27	1.15	2345	2.32
Holt	No	897	38.37	1441	61.63	2338	99.28	17	0.72	2355	2.33
Jervis Bay	No	43	39.45	66	60.55	109	100.00	0	0.00	109
	0.11
Kaleen	No	1252	44.21	1580	55.79	2832	98.47	44	1.53	2876	2.85
Kaleen South	No	741	43.82	950	56.18	1691	99.12	15	0.88	1706
	1.69
Latham	No	799	39.69	1214	60.31	2013	99.06	19	0.94	2032	2.01
Lyneham	No	1589	42.75	2128	57.25	3717	98.96	39	1.04	3756	3.72
Macgregor	No	651	37.96	1064	62.04	1715	99.71	5	0.29	1720	1.70
Macquarie	Yes	1027	57.09	772	42.91	1799	99.12	16	0.88	1815	1.80
Melba	No	718	41.96	993	58.04	1711	99.53	8	0.47	1719	1.70
Narrabundah	No	843	42.11	1159	57.89	2002	98.77	25	1.23	2027	2.01
Ngunnawal	No	1427	45.55	1706	54.45	3133	98.86	36	1.14	3169	3.14
Nicholls	No	1216	46.86	1379	53.14	2595	99.20	21	0.80	2616	2.59
Page	No	702	42.99	931	57.01	1633	99.03	16	0.97	1649	1.63
Palmerston	No	1661	48.72	1748	51.28	3409	99.04	33	0.96	3442	3.41
Reid	No	220	34.16	424	65.84	644	99.08	6	0.92	650	0.64
Scullin	No	819	39.11	1275	60.89	2094	98.77	26	1.23	2120	2.10
Spence	No	540	38.38	867	61.62	1407	99.29	10	0.71	1417	1.40
Turner	No	701	37.89	1149	62.11	1850	98.88	21	1.12	1871	1.85
Watson	No	1067	41.71	1491	58.29	2558	99.49	13	0.51	2571	2.54
Weetangera	No	1152	44.60	1431	55.40	2583	99.61	10	0.39	2593	2.57
Wreck Bay	Yes	46	67.65	22	32.35	68	100.00	0	0.00	68
	0.07
Special Hospitals	No	222	44.85	273	55.15	495	97.83	11	2.17	506
	0.50
Prison Mobiles	No	0	0.00	1	100.00	1	100.00	0
	0.00	1	0.00
Total Ordinary	No	34185	42.71	45848	57.29	80033	99.08	743	0.92	80776
	79.91
ABSENT	No	1119	44.83	1377	55.17	2496	99.28	18	0.72	2514	2.49
POSTAL	No	1130	39.92	1701	60.08	2831	99.30	20	0.70	2851	2.82
PRE_POLL	No	6669	46.35	7720	53.65	14389	99.54	67	0.46	14456	14.30
PROVISIONAL	No	215	44.51	268	55.49	483	99.18	4	0.82	487	0.48
Division Summary	No	43318	43.22	56914	56.78	100232	99.16	852	0.84
	101084	95.02
