Referendum: 6 November 1999									
		
Referendum Results										
	
By Division by Polling Place									
		

"A proposed law for the Alteration of the Constitution, entitled"			
								
   the Constitutional Alteration (Establishment of Republic) 1999			
								
											
											
Western Australia											
Forrest (85315)											

		Yes		No		Formal		Informal		Total	
Polling Place		Votes	%	Votes	%	Votes	%	Votes	%	Votes	%
Acton Park	No	22	16.42	112	83.58	134	100.00	0	0.00	134
	0.16
Albany	No	572	42.59	771	57.41	1343	99.26	10	0.74	1353	1.66
Albany Central	No	467	37.30	785	62.70	1252	99.29	9	0.71	1261
	1.54
Albany Regional Hospital	No	122	30.96	272	69.04	394	98.75	5
	1.25	399	0.49
Alexandra Bridge	No	36	27.91	93	72.09	129	99.23	1	0.77	130
	0.16
Augusta	No	248	30.54	564	69.46	812	99.02	8	0.98	820	1.00
Balingup	No	141	40.75	205	59.25	346	98.30	6	1.70	352	0.43
Bayonet Head	No	242	29.80	570	70.20	812	99.15	7	0.85	819
	1.00
Bornholm	No	129	35.05	239	64.95	368	99.73	1	0.27	369	0.45
Boyanup	No	238	33.10	481	66.90	719	99.31	5	0.69	724	0.89
Boyup Brook	No	122	20.27	480	79.73	602	99.50	3	0.50	605	0.74
Bridgetown	No	640	36.91	1094	63.09	1734	99.60	7	0.40	1741	2.13
Brookhampton	No	35	31.25	77	68.75	112	98.25	2	1.75	114
	0.14
Bunbury	No	503	43.59	651	56.41	1154	99.23	9	0.77	1163	1.42
Bunbury Central	No	385	45.45	462	54.55	847	99.18	7	0.82	854
	1.04
Bunbury East	No	736	35.05	1364	64.95	2100	99.29	15	0.71	2115
	2.59
Burekup	No	109	32.73	224	67.27	333	99.70	1	0.30	334	0.41
Busselton	No	640	32.27	1343	67.73	1983	99.00	20	1.00	2003	2.45
Busselton East	No	617	34.68	1162	65.32	1779	99.22	14	0.78	1793
	2.19
Busselton West	No	1167	34.18	2247	65.82	3414	99.30	24	0.70	3438
	4.21
Capel	No	459	33.33	918	66.67	1377	99.28	10	0.72	1387	1.70
Carbunup River	No	127	40.19	189	59.81	316	99.37	2	0.63	318
	0.39
Carey Park	No	693	31.67	1495	68.33	2188	98.69	29	1.31	2217	2.71
Carey Park South	No	298	28.25	757	71.75	1055	98.60	15	1.40	1070
	1.31
Centennial Park	No	429	29.71	1015	70.29	1444	99.31	10	0.69	1454
	1.78
Chowerup	No	8	14.29	48	85.71	56	100.00	0	0.00	56
	0.07
Coral Park	No	637	33.56	1261	66.44	1898	99.06	18	0.94	1916	2.34
Cowaramup	No	242	41.94	335	58.06	577	99.83	1	0.17	578	0.71
Dardanup	No	231	31.30	507	68.70	738	99.60	3	0.40	741	0.91
Deanmill	No	43	21.94	153	78.06	196	100.00	0	0.00	196
	0.24
Denmark	No	730	42.54	986	57.46	1716	99.25	13	0.75	1729	2.12
Dinninup	No	26	22.03	92	77.97	118	100.00	0	0.00	118
	0.14
Donnybrook	No	481	31.64	1039	68.36	1520	99.02	15	0.98	1535	1.88
Dunsborough	No	742	45.19	900	54.81	1642	99.45	9	0.55	1651	2.02
Eaton	No	907	31.71	1953	68.29	2860	99.48	15	0.52	2875	3.52
Elgin	No	37	24.03	117	75.97	154	99.35	1	0.65	155	0.19
Elleker	No	135	35.43	246	64.57	381	99.48	2	0.52	383	0.47
Emu Point	No	94	31.76	202	68.24	296	99.66	1	0.34	297	0.36
Ferguson	No	73	48.34	78	51.66	151	100.00	0	0.00	151
	0.18
Gelorup	No	510	43.11	673	56.89	1183	99.75	3	0.25	1186	1.45
Greenbushes	No	90	25.71	260	74.29	350	99.43	2	0.57	352	0.43
Karridale	No	89	44.95	109	55.05	198	100.00	0	0.00	198
	0.24
King River	No	91	29.45	218	70.55	309	99.04	3	0.96	312	0.38
Kirup	No	53	27.32	141	72.68	194	100.00	0	0.00	194	0.24
Kudardup	No	45	32.61	93	67.39	138	98.57	2	1.43	140	0.17
Little Grove	No	322	33.26	646	66.74	968	99.28	7	0.72	975
	1.19
Lockyer	No	698	28.32	1767	71.68	2465	99.36	16	0.64	2481	3.04
Lowden	No	76	36.71	131	63.29	207	99.52	1	0.48	208	0.25
Lower Kalgan	No	82	35.04	152	64.96	234	98.73	3	1.27	237
	0.29
Lower King	No	284	36.84	487	63.16	771	99.36	5	0.64	776	0.95
Ludlow	No	29	34.94	54	65.06	83	98.81	1	1.19	84	0.10
Manjimup	No	763	28.51	1913	71.49	2676	98.60	38	1.40	2714	3.32
Manjimup East	No	178	24.93	536	75.07	714	99.30	5	0.70	719
	0.88
Manypeaks	No	64	35.96	114	64.04	178	100.00	0	0.00	178
	0.22
Margaret River	Yes	1318	51.54	1239	48.46	2557	99.19	21	0.81	2578
	3.15
Mayanup	No	18	16.22	93	83.78	111	100.00	0	0.00	111
	0.14
Middlesex	No	38	36.54	66	63.46	104	100.00	0	0.00	104
	0.13
Middleton Beach	No	302	34.59	571	65.41	873	99.32	6	0.68	879
	1.08
Nannup	No	231	35.05	428	64.95	659	98.36	11	1.64	670	0.82
Napier	No	30	22.39	104	77.61	134	100.00	0	0.00	134
	0.16
Northcliffe	No	126	30.22	291	69.78	417	98.35	7	1.65	424	0.52
Parryville	No	43	32.09	91	67.91	134	98.53	2	1.47	136	0.17
Pemberton	No	232	25.89	664	74.11	896	99.45	5	0.55	901	1.10
Perth (Forrest)	No	26	36.11	46	63.89	72	98.63	1	1.37	73
	0.09
Picton	No	203	30.62	460	69.38	663	99.70	2	0.30	665	0.81
Quinninup	No	34	37.36	57	62.64	91	100.00	0	0.00	91
	0.11
Redmond	No	27	20.77	103	79.23	130	100.00	0	0.00	130
	0.16
Rosa Brook	No	46	35.94	82	64.06	128	100.00	0	0.00	128
	0.16
Rottnest (Forrest)	Yes	23	69.70	10	30.30	33	94.29	2	5.71	35
	0.04
Scotsdale	No	77	40.53	113	59.47	190	100.00	0	0.00	190
	0.23
Sealinks	No	490	44.30	616	55.70	1106	98.57	16	1.43	1122	1.37
South Bunbury	No	551	37.84	905	62.16	1456	98.78	18	1.22	1474
	1.80
South Stirling	No	7	25.00	21	75.00	28	100.00	0	0.00	28
	0.03
South West Health Campus	No	85	33.20	171	66.80	256	98.46	4
	1.54	260	0.32
Spencer Park	No	575	30.42	1315	69.58	1890	98.85	22	1.15	1912
	2.34
Tingledale	No	55	33.54	109	66.46	164	100.00	0	0.00	164
	0.20
Vasse	No	293	32.34	613	67.66	906	99.78	2	0.22	908	1.11
Villa Maria	No	147	37.12	249	62.88	396	99.25	3	0.75	399	0.49
Walpole	No	112	31.02	249	68.98	361	98.37	6	1.63	367	0.45
Wellstead	No	32	27.59	84	72.41	116	99.15	1	0.85	117	0.14
Witchcliffe	No	133	40.55	195	59.45	328	99.09	3	0.91	331	0.40
Withers	No	639	30.66	1445	69.34	2084	98.81	25	1.19	2109	2.58
Wollaston	No	335	36.45	584	63.55	919	99.14	8	0.86	927	1.13
Yakamia	No	468	29.87	1099	70.13	1567	99.11	14	0.89	1581	1.93
Yallingup	Yes	244	59.51	166	40.49	410	99.76	1	0.24	411	0.50
Yoongarillup	No	51	25.50	149	74.50	200	99.01	2	0.99	202
	0.25
Yornup	No	28	22.58	96	77.42	124	100.00	0	0.00	124
	0.15
Special Hospitals	No	127	29.06	310	70.94	437	96.47	16	3.53	453
	0.55
Total Ordinary	No	24083	34.57	45575	65.43	69658	99.17	582	0.83	70240
	85.93
ABSENT	No	2336	39.61	3561	60.39	5897	99.56	26	0.44	5923	7.25
POSTAL	No	451	28.24	1146	71.76	1597	99.38	10	0.62	1607	1.97
PRE_POLL	No	1124	36.11	1989	63.89	3113	99.49	16	0.51	3129	3.83
PROVISIONAL	No	280	33.53	555	66.47	835	98.93	9	1.07	844	1.03
Division Summary	No	28274	34.86	52826	65.14	81100	99.21	643	0.79	81743
	95.81
