Referendum: 6 November 1999									
		
Referendum Results										
	
By Division by Polling Place									
		

"A proposed law for the Alteration of the Constitution, entitled"			
								
   the Constitutional Alteration (Preamble) 1999					
						
											
											
South Australia											
Barker (86046)											

		Yes		No		Formal		Informal		Total	
Polling Place		                                                             
Votes	%	Votes	%	Votes	%	Votes	%	Votes	%
Allendale East	No	82	26.80	224	73.20	306	99.35	2	0.65	308
	0.37
American River	No	74	32.89	151	67.11	225	97.83	5	2.17	230
	0.28
Ashbourne	No	44	36.97	75	63.03	119	100.00	0	0.00	119
	0.14
Beachport	No	123	30.60	279	69.40	402	98.29	7	1.71	409	0.49
Bordertown	No	541	28.00	1391	72.00	1932	99.28	14	0.72	1946	2.34
Cambrai	No	72	31.58	156	68.42	228	100.00	0	0.00	228
	0.27
Carpenter Rocks	No	51	26.84	139	73.16	190	98.45	3	1.55	193
	0.23
Compton	No	107	30.40	245	69.60	352	99.72	1	0.28	353	0.42
Coomandook	No	74	36.10	131	63.90	205	99.51	1	0.49	206	0.25
Coonalpyn	No	101	29.62	240	70.38	341	99.42	2	0.58	343	0.41
Coonawarra	No	71	33.18	143	66.82	214	100.00	0	0.00	214
	0.26
Currency Creek	No	98	32.13	207	67.87	305	99.35	2	0.65	307
	0.37
Delamere	No	80	32.39	167	67.61	247	98.80	3	1.20	250	0.30
Frances	No	35	27.13	94	72.87	129	100.00	0	0.00	129
	0.16
Furner	No	36	27.48	95	72.52	131	100.00	0	0.00	131
	0.16
Geranium	No	32	23.02	107	76.98	139	100.00	0	0.00	139
	0.17
Glenburnie	No	48	23.76	154	76.24	202	100.00	0	0.00	202
	0.24
Glencoe	No	93	23.60	301	76.40	394	98.75	5	1.25	399	0.48
Goolwa	No	884	32.24	1858	67.76	2742	98.88	31	1.12	2773	3.33
Gosse	No	25	36.76	43	63.24	68	100.00	0	0.00	68	0.08
Greenways	No	22	25.29	65	74.71	87	97.75	2	2.25	89	0.11
Hindmarsh Island	No	72	31.58	156	68.42	228	98.28	4	1.72	232
	0.28
Hindmarsh Valley	No	60	34.68	113	65.32	173	99.43	1	0.57	174
	0.21
Hope Forest	No	81	46.29	94	53.71	175	99.43	1	0.57	176	0.21
Hynam	No	43	30.28	99	69.72	142	99.30	1	0.70	143	0.17
Inman Valley	No	76	42.94	101	57.06	177	98.33	3	1.67	180
	0.22
Jervois	No	48	31.79	103	68.21	151	100.00	0	0.00	151
	0.18
Kalangadoo	No	91	27.66	238	72.34	329	98.50	5	1.50	334	0.40
Karoonda	No	134	28.27	340	71.73	474	98.75	6	1.25	480	0.58
Keith	No	332	31.62	718	68.38	1050	99.15	9	0.85	1059	1.27
Keyneton	No	63	43.45	82	56.55	145	99.32	1	0.68	146	0.18
Kingscote	No	413	29.73	976	70.27	1389	99.36	9	0.64	1398	1.68
Kingston	No	408	30.52	929	69.48	1337	98.38	22	1.62	1359	1.63
Kongorong	No	64	24.90	193	75.10	257	99.23	2	0.77	259	0.31
Kybybolite	No	29	35.37	53	64.63	82	95.35	4	4.65	86	0.10
Lameroo	No	161	31.38	352	68.62	513	99.23	4	0.77	517	0.62
Lucindale	No	171	33.40	341	66.60	512	98.65	7	1.35	519	0.62
Mannum	No	456	26.15	1288	73.85	1744	98.87	20	1.13	1764	2.12
Meningie	No	274	31.90	585	68.10	859	98.85	10	1.15	869	1.05
Middleton	No	193	35.41	352	64.59	545	98.73	7	1.27	552	0.66
Milang	No	181	34.41	345	65.59	526	99.25	4	0.75	530	0.64
Mil Lel	No	65	32.18	137	67.82	202	99.02	2	0.98	204	0.25
Millicent	No	738	29.41	1771	70.59	2509	98.97	26	1.03	2535	3.05
Millicent South	No	227	28.59	567	71.41	794	98.76	10	1.24	804
	0.97
Moorak	No	121	30.79	272	69.21	393	100.00	0	0.00	393
	0.47
Mount Burr	No	90	27.69	235	72.31	325	98.48	5	1.52	330	0.40
Mount Compass	No	292	35.35	534	64.65	826	98.92	9	1.08	835
	1.00
Mount Gambier	No	1158	35.41	2112	64.59	3270	98.94	35	1.06	3305
	3.97
Mount Gambier East	No	903	29.38	2170	70.62	3073	99.07	29	0.93
	3102	3.73
Mount Gambier North	No	565	27.32	1503	72.68	2068	98.85	24	1.15
	2092	2.52
Mount Gambier Park	No	708	33.30	1418	66.70	2126	98.88	24	1.12
	2150	2.59
Mount Gambier West	No	951	30.48	2169	69.52	3120	99.08	29	0.92
	3149	3.79
Mundulla	No	115	33.63	227	66.37	342	99.71	1	0.29	343	0.41
Murray Bridge	No	610	27.48	1610	72.52	2220	98.75	28	1.25	2248
	2.70
Murray Bridge East	No	355	28.93	872	71.07	1227	98.55	18	1.45
	1245	1.50
Murray Bridge South	No	948	32.91	1933	67.09	2881	98.97	30	1.03
	2911	3.50
Murray Bridge West	No	513	24.11	1615	75.89	2128	98.84	25	1.16
	2153	2.59
Mypolonga	No	111	32.74	228	67.26	339	99.12	3	0.88	342	0.41
Myponga	No	141	34.39	269	65.61	410	98.32	7	1.68	417	0.50
Nangula	No	45	27.11	121	72.89	166	100.00	0	0.00	166
	0.20
Nangwarry	No	102	29.14	248	70.86	350	98.04	7	1.96	357	0.43
Naracoorte	No	659	30.72	1486	69.28	2145	99.17	18	0.83	2163	2.60
Naracoorte South	No	445	28.73	1104	71.27	1549	99.55	7	0.45	1556
	1.87
Narrung	No	30	29.70	71	70.30	101	99.02	1	0.98	102	0.12
Nildottie	No	54	35.29	99	64.71	153	98.08	3	1.92	156	0.19
O B Flat	No	43	28.67	107	71.33	150	99.34	1	0.66	151	0.18
Padthaway	No	114	32.66	235	67.34	349	100.00	0	0.00	349
	0.42
Parawa	No	49	45.37	59	54.63	108	98.18	2	1.82	110	0.13
Parilla	No	40	34.78	75	65.22	115	100.00	0	0.00	115
	0.14
Parndana	No	107	36.03	190	63.97	297	99.00	3	1.00	300	0.36
Peake	No	27	17.31	129	82.69	156	98.73	2	1.27	158	0.19
Penneshaw	No	97	34.28	186	65.72	283	98.61	4	1.39	287	0.35
Penola	No	378	33.07	765	66.93	1143	98.79	14	1.21	1157	1.39
Pinnaroo	No	136	29.00	333	71.00	469	98.95	5	1.05	474	0.57
Ponde	No	35	20.11	139	79.89	174	99.43	1	0.57	175	0.21
Port Elliot	No	421	37.83	692	62.17	1113	99.02	11	0.98	1124	1.35
Port MacDonnell	No	212	28.57	530	71.43	742	98.80	9	1.20	751
	0.90
Purnong	No	37	29.84	87	70.16	124	99.20	1	0.80	125	0.15
Rendelsham	No	44	26.51	122	73.49	166	100.00	0	0.00	166
	0.20
Robe	No	255	30.83	572	69.17	827	98.92	9	1.08	836	1.01
Salt Creek	No	21	42.00	29	58.00	50	100.00	0	0.00	50
	0.06
Second Valley	No	38	40.43	56	59.57	94	97.92	2	2.08	96
	0.12
Sedan	No	49	29.88	115	70.12	164	99.39	1	0.61	165	0.20
Southend	No	54	30.68	122	69.32	176	98.32	3	1.68	179	0.22
Suttontown	No	179	26.88	487	73.12	666	98.96	7	1.04	673	0.81
Swan Reach	No	75	34.25	144	65.75	219	99.10	2	0.90	221	0.27
Tailem Bend	No	342	26.89	930	73.11	1272	98.99	13	1.01	1285	1.55
Tantanoola	No	76	28.68	189	71.32	265	97.79	6	2.21	271	0.33
Tarpeena	No	97	27.48	256	72.52	353	98.60	5	1.40	358	0.43
Tintinara	No	143	30.75	322	69.25	465	99.36	3	0.64	468	0.56
Victor Harbor	No	1285	37.28	2162	62.72	3447	98.91	38	1.09	3485
	4.19
Victor Harbor East	No	458	36.41	800	63.59	1258	98.74	16	1.26
	1274	1.53
Victor Harbor South	No	489	33.89	954	66.11	1443	99.18	12	0.82
	1455	1.75
Walker Flat	No	38	28.15	97	71.85	135	98.54	2	1.46	137	0.16
Wanbi	No	20	30.30	46	69.70	66	100.00	0	0.00	66	0.08
Wellington West	No	49	25.93	140	74.07	189	98.95	2	1.05	191
	0.23
Western Flat	No	32	33.68	63	66.32	95	97.94	2	2.06	97
	0.12
Willalooka	No	59	37.34	99	62.66	158	99.37	1	0.63	159	0.19
Wolseley	No	27	19.57	111	80.43	138	100.00	0	0.00	138
	0.17
Woods Point	No	28	20.00	112	80.00	140	98.59	2	1.41	142	0.17
Yahl	No	80	25.32	236	74.68	316	98.75	4	1.25	320	0.38
Yankalilla	No	437	32.25	918	67.75	1355	99.49	7	0.51	1362	1.64
Special Hospitals	No	190	32.76	390	67.24	580	95.55	27	4.45	607
	0.73
Total Ordinary	No	22250	31.01	49493	68.99	71743	98.96	756	1.04	72499
	87.19
ABSENT	No	1647	35.30	3019	64.70	4666	99.19	38	0.81	4704	5.66
POSTAL	No	851	27.70	2221	72.30	3072	99.00	31	1.00	3103	3.73
PRE_POLL	No	880	33.41	1754	66.59	2634	99.32	18	0.68	2652	3.19
PROVISIONAL	No	67	34.90	125	65.10	192	100.00	0	0.00	192
	0.23
Division Summary	No	25695	31.22	56612	68.78	82307	98.99	843	1.01	83150
	96.63
