Referendum: 6 November 1999									
		
Referendum Results										
	
By Division by Polling Place									
		

"A proposed law for the Alteration of the Constitution, entitled"			
								
   the Constitutional Alteration (Preamble) 1999					
						
											
											
Victoria											
Ballarat (83847)											

		Yes		No		Formal		Informal		Total	
Polling Place		                                                             
Votes	%	Votes	%	Votes	%	Votes	%	Votes	%
Alfredton	No	164	40.49	241	59.51	405	98.06	8	1.94	413	0.51
Alfredton West	No	906	41.33	1286	58.67	2192	99.01	22	0.99	2214
	2.74
Amphitheatre	No	53	29.12	129	70.88	182	98.91	2	1.09	184
	0.23
Ascot	No	48	32.00	102	68.00	150	98.68	2	1.32	152	0.19
Avoca	No	228	25.85	654	74.15	882	99.77	2	0.23	884	1.09
Ballan	No	512	31.66	1105	68.34	1617	98.72	21	1.28	1638	2.03
Ballarat	No	612	41.21	873	58.79	1485	98.87	17	1.13	1502	1.86
Ballarat City	No	245	45.88	289	54.12	534	99.81	1	0.19	535
	0.66
Ballarat North	No	1095	39.66	1666	60.34	2761	99.03	27	0.97	2788
	3.45
Ballarat North West	No	662	49.92	664	50.08	1326	99.47	7	0.53
	1333	1.65
Ballarat South	No	524	37.06	890	62.94	1414	98.88	16	1.12	1430
	1.77
Ballarat South West	No	947	39.47	1452	60.53	2399	99.38	15	0.62
	2414	2.99
Black Hill	No	1056	41.82	1469	58.18	2525	99.25	19	0.75	2544	3.15
Blackwood	No	113	41.54	159	58.46	272	98.55	4	1.45	276	0.34
Brown Hill	No	648	36.08	1148	63.92	1796	99.23	14	0.77	1810	2.24
Bungaree	No	133	36.54	231	63.46	364	99.18	3	0.82	367	0.45
Buninyong	No	955	40.72	1390	59.28	2345	99.11	21	0.89	2366	2.93
Burrumbeet	No	60	32.97	122	67.03	182	100.00	0	0.00	182
	0.23
Canadian	No	697	34.82	1305	65.18	2002	99.21	16	0.79	2018	2.50
Clarkes Hill	No	55	32.54	114	67.46	169	99.41	1	0.59	170
	0.21
Clunes	No	321	30.87	719	69.13	1040	99.33	7	0.67	1047	1.30
Concongella	No	69	28.51	173	71.49	242	99.59	1	0.41	243	0.30
Creswick	No	663	36.25	1166	63.75	1829	99.46	10	0.54	1839	2.28
Creswick North	No	106	36.05	188	63.95	294	99.66	1	0.34	295
	0.37
Daylesford	No	802	36.98	1367	63.02	2169	98.86	25	1.14	2194	2.72
Delacombe	No	580	33.98	1127	66.02	1707	98.84	20	1.16	1727	2.14
Drummond	No	58	30.53	132	69.47	190	98.96	2	1.04	192	0.24
Elaine	No	59	21.00	222	79.00	281	98.60	4	1.40	285	0.35
Glenlyon	No	122	38.73	193	61.27	315	98.75	4	1.25	319	0.40
Glenorchy	No	48	30.19	111	69.81	159	99.37	1	0.63	160	0.20
Gordon	No	201	37.85	330	62.15	531	100.00	0	0.00	531
	0.66
Great Western	No	96	30.09	223	69.91	319	99.69	1	0.31	320
	0.40
Haddon	No	341	32.29	715	67.71	1056	99.25	8	0.75	1064	1.32
Halls Gap	No	100	38.61	159	61.39	259	99.62	1	0.38	260	0.32
Hepburn Springs	No	198	34.43	377	65.57	575	98.80	7	1.20	582
	0.72
Landsborough	No	56	30.94	125	69.06	181	99.45	1	0.55	182
	0.23
Learmonth	No	123	31.14	272	68.86	395	99.25	3	0.75	398	0.49
Lexton	No	58	28.57	145	71.43	203	98.54	3	1.46	206	0.26
Little Bendigo	No	32	36.78	55	63.22	87	98.86	1	1.14	88
	0.11
Magpie	No	76	37.62	126	62.38	202	99.02	2	0.98	204	0.25
Marnoo	No	39	25.32	115	74.68	154	99.35	1	0.65	155	0.19
Melbourne (Ballarat)	No	21	45.65	25	54.35	46	97.87	1	2.13	47
	0.06
Miners Rest	No	236	31.85	505	68.15	741	100.00	0	0.00	741
	0.92
Moonambel	No	42	22.83	142	77.17	184	98.92	2	1.08	186	0.23
Mount Clear	No	913	38.87	1436	61.13	2349	99.53	11	0.47	2360	2.92
Mount Egerton	No	91	36.99	155	63.01	246	100.00	0	0.00
	246	0.30
Mount Pleasant	No	723	36.79	1242	63.21	1965	98.99	20	1.01	1985
	2.46
Mount Wallace	No	48	35.04	89	64.96	137	100.00	0	0.00
	137	0.17
Napoleons	No	178	34.10	344	65.90	522	99.24	4	0.76	526	0.65
Natte Yallock	No	14	19.18	59	80.82	73	100.00	0	0.00	73
	0.09
Navarre	No	18	21.69	65	78.31	83	98.81	1	1.19	84	0.10
Newington	No	111	40.66	162	59.34	273	99.27	2	0.73	275	0.34
Newlyn	No	146	32.59	302	67.41	448	99.33	3	0.67	451	0.56
Redan	No	667	35.29	1223	64.71	1890	99.16	16	0.84	1906	2.36
Redan North	No	299	37.66	495	62.34	794	99.37	5	0.63	799	0.99
Ross Creek	No	260	40.37	384	59.63	644	98.92	7	1.08	651	0.81
Sebastopol	No	941	30.55	2139	69.45	3080	98.81	37	1.19	3117	3.86
Smeaton	No	76	29.69	180	70.31	256	99.61	1	0.39	257	0.32
Soldiers Hill	No	399	41.52	562	58.48	961	98.97	10	1.03	971
	1.20
Springbank	No	62	30.39	142	69.61	204	99.03	2	0.97	206	0.26
Stawell	No	592	27.85	1534	72.15	2126	99.49	11	0.51	2137	2.65
Stawell District Hospital	No	43	31.16	95	68.84	138	100.00	0
	0.00	138	0.17
Stawell West	No	471	26.12	1332	73.88	1803	98.96	19	1.04	1822
	2.26
Talbot	No	163	29.74	385	70.26	548	99.10	5	0.90	553	0.68
The Stockade	No	704	39.89	1061	60.11	1765	99.05	17	0.95	1782
	2.21
Warrenheip	No	252	34.95	469	65.05	721	98.63	10	1.37	731	0.91
Waubra	No	88	33.85	172	66.15	260	99.24	2	0.76	262	0.32
Wendouree	No	822	37.99	1342	62.01	2164	99.13	19	0.87	2183	2.70
Wendouree East	No	530	34.73	996	65.27	1526	99.03	15	0.97	1541
	1.91
Wendouree North	No	1038	36.05	1841	63.95	2879	98.90	32	1.10	2911
	3.61
Wendouree West	No	378	29.46	905	70.54	1283	98.69	17	1.31	1300
	1.61
Yandoit	No	43	29.05	105	70.95	148	99.33	1	0.67	149	0.18
Special Hospitals	No	285	38.83	449	61.17	734	98.66	10	1.34	744
	0.92
Total Ordinary	No	24515	35.96	43666	64.04	68181	99.13	601	0.87	68782
	85.18
ABSENT	No	1877	41.92	2601	58.08	4478	99.33	30	0.67	4508	5.58
POSTAL	No	748	27.46	1976	72.54	2724	99.45	15	0.55	2739	3.39
PRE_POLL	No	1649	37.07	2799	62.93	4448	99.51	22	0.49	4470	5.54
PROVISIONAL	No	100	41.15	143	58.85	243	98.38	4	1.62	247	0.31
Division Summary	No	28889	36.08	51185	63.92	80074	99.17	672	0.83	80746
	96.30
