Referendum: 6 November 1999									
		
Referendum Results										
	
By Division by Polling Place									
		

"A proposed law for the Alteration of the Constitution, entitled"			
								
   the Constitutional Alteration (Establishment of Republic) 1999			
								
											
											
Western Australia											
Canning (81907)											

		Yes		No		Formal		Informal		Total	
Polling Place		Votes	%	Votes	%	Votes	%	Votes	%	Votes	%
Armadale	No	954	27.77	2481	72.23	3435	99.19	28	0.81	3463	4.44
Armadale East	No	811	35.77	1456	64.23	2267	99.43	13	0.57	2280
	2.93
Armadale North	No	370	29.94	866	70.06	1236	99.12	11	0.88	1247
	1.60
Armadale South	No	184	25.17	547	74.83	731	99.32	5	0.68	736
	0.94
Armadale West	No	597	28.27	1515	71.73	2112	99.02	21	0.98	2133
	2.74
Barragup	No	391	31.41	854	68.59	1245	99.36	8	0.64	1253	1.61
Bedfordale	No	148	35.41	270	64.59	418	98.58	6	1.42	424	0.54
Brookdale	No	292	30.20	675	69.80	967	99.59	4	0.41	971	1.25
Byford	No	682	29.31	1645	70.69	2327	99.11	21	0.89	2348	3.01
Carcoola	No	117	26.90	318	73.10	435	98.42	7	1.58	442	0.57
Coolup	No	82	30.71	185	69.29	267	100.00	0	0.00	267
	0.34
Dawesville	No	391	38.15	634	61.85	1025	99.51	5	0.49	1030	1.32
Dwellingup	No	129	31.93	275	68.07	404	99.26	3	0.74	407	0.52
Falcon	No	876	38.73	1386	61.27	2262	99.21	18	0.79	2280	2.93
Forrestdale	No	269	29.05	657	70.95	926	98.41	15	1.59	941	1.21
Gosnells	No	588	31.49	1279	68.51	1867	98.99	19	1.01	1886	2.42
Gosnells Central	No	737	30.64	1668	69.36	2405	99.01	24	0.99	2429
	3.12
Gosnells South	No	956	32.59	1977	67.41	2933	98.89	33	1.11	2966
	3.81
Gosnells West	No	868	31.54	1884	68.46	2752	99.21	22	0.79	2774
	3.56
Huntingdale	No	1155	35.49	2099	64.51	3254	99.12	29	0.88	3283	4.21
Jarrahdale	No	139	34.84	260	65.16	399	99.01	4	0.99	403	0.52
Kelmscott	No	654	33.11	1321	66.89	1975	99.20	16	0.80	1991	2.56
Kelmscott East	No	801	37.20	1352	62.80	2153	98.94	23	1.06	2176
	2.79
Kelmscott North	No	491	33.15	990	66.85	1481	99.46	8	0.54	1489
	1.91
Kenwick	No	753	32.57	1559	67.43	2312	98.38	38	1.62	2350	3.02
Maddington	No	892	30.45	2037	69.55	2929	98.45	46	1.55	2975	3.82
Maddington East	No	269	30.88	602	69.12	871	98.98	9	1.02	880
	1.13
Maddington North	No	243	34.71	457	65.29	700	98.87	8	1.13	708
	0.91
Mundijong	No	257	29.30	620	70.70	877	99.21	7	0.79	884	1.13
North Dandalup	No	123	35.55	223	64.45	346	99.14	3	0.86	349
	0.45
Oakford	No	244	36.31	428	63.69	672	99.56	3	0.44	675	0.87
Perth (Canning)	No	33	34.74	62	65.26	95	100.00	0	0.00	95
	0.12
Pinjarra	No	359	21.97	1275	78.03	1634	99.57	7	0.43	1641	2.11
Rottnest (Canning)	Yes	18	56.25	14	43.75	32	100.00	0
	0.00	32	0.04
Serpentine	No	365	35.51	663	64.49	1028	99.32	7	0.68	1035	1.33
Strawberry Fields	No	602	28.57	1505	71.43	2107	99.43	12	0.57	2119
	2.72
Thornlie (Canning)	No	1308	38.29	2108	61.71	3416	99.10	31	0.90
	3447	4.42
Thornlie East	No	1087	36.83	1864	63.17	2951	98.99	30	1.01	2981
	3.83
Thornlie South (Canning)	No	88	31.88	188	68.12	276	99.28	2
	0.72	278	0.36
Thornlie West (Canning)	No	476	37.16	805	62.84	1281	99.15	11	0.85
	1292	1.66
Westfield	No	428	31.68	923	68.32	1351	99.48	7	0.52	1358	1.74
Westfield South	No	533	30.03	1242	69.97	1775	99.05	17	0.95	1792
	2.30
Yunderup	No	245	30.78	551	69.22	796	99.50	4	0.50	800	1.03
Yunderup North	No	105	35.23	193	64.77	298	99.00	3	1.00	301
	0.39
Special Hospitals	No	142	34.47	270	65.53	412	97.40	11	2.60	423
	0.54
Total Ordinary	No	21252	32.48	44183	67.52	65435	99.09	599	0.91	66034
	84.75
ABSENT	No	2370	35.60	4287	64.40	6657	99.34	44	0.66	6701	8.60
POSTAL	No	476	28.64	1186	71.36	1662	99.40	10	0.60	1672	2.15
PRE_POLL	No	981	35.17	1808	64.83	2789	99.68	9	0.32	2798	3.59
PROVISIONAL	No	204	28.85	503	71.15	707	99.16	6	0.84	713	0.92
Division Summary	No	25283	32.73	51967	67.27	77250	99.14	668	0.86	77918
	95.13
