Referendum: 6 November 1999									
		
Referendum Results										
	
By Division by Polling Place									
		

"A proposed law for the Alteration of the Constitution, entitled"			
								
   the Constitutional Alteration (Establishment of Republic) 1999			
								
											
											
Victoria											
Chisholm (86268)											

		Yes		No		Formal		Informal		Total	
Polling Place		Votes	%	Votes	%	Votes	%	Votes	%	Votes	%
Ashwood	Yes	1994	55.50	1599	44.50	3593	99.09	33	0.91	3626	4.40
Bennettswood	Yes	1754	56.38	1357	43.62	3111	99.23	24	0.77	3135
	3.80
Box Hill	Yes	1189	59.24	818	40.76	2007	99.06	19	0.94	2026	2.46
Box Hill Central	Yes	1077	65.83	559	34.17	1636	99.27	12	0.73	1648
	2.00
Box Hill North	Yes	763	56.81	580	43.19	1343	99.19	11	0.81	1354
	1.64
Box Hill South	Yes	1009	59.95	674	40.05	1683	99.12	15	0.88	1698
	2.06
Burwood Central	Yes	1118	57.93	812	42.07	1930	99.38	12	0.62	1942
	2.36
Chadstone East	Yes	1376	57.96	998	42.04	2374	99.08	22	0.92	2396
	2.91
Clayton	Yes	1007	56.51	775	43.49	1782	98.34	30	1.66	1812	2.20
Clayton East	Yes	832	55.88	657	44.12	1489	98.41	24	1.59	1513
	1.83
Clayton North	Yes	1185	61.24	750	38.76	1935	98.32	33	1.68	1968
	2.39
Elgar Park	Yes	1109	58.99	771	41.01	1880	98.79	23	1.21	1903	2.31
Essex Heights	Yes	1923	58.72	1352	41.28	3275	99.21	26	0.79	3301
	4.00
Glendal	Yes	1569	58.57	1110	41.43	2679	99.04	26	0.96	2705	3.28
Huntingdale	Yes	562	55.42	452	44.58	1014	99.12	9	0.88	1023	1.24
Kerrimuir	Yes	1464	54.95	1200	45.05	2664	98.63	37	1.37	2701	3.28
Koonung Heights	Yes	1558	61.61	971	38.39	2529	98.98	26	1.02	2555
	3.10
Manooka	Yes	1107	59.17	764	40.83	1871	99.05	18	0.95	1889	2.29
Melbourne (Chisholm)	Yes	93	68.89	42	31.11	135	97.12	4	2.88
	139	0.17
Mont Albert	Yes	1309	62.81	775	37.19	2084	99.47	11	0.53	2095	2.54
Mount Waverley	Yes	229	51.81	213	48.19	442	100.00	0	0.00
	442	0.54
Mount Waverley South	Yes	2337	57.10	1756	42.90	4093	99.32	28	0.68
	4121	5.00
Oakleigh	Yes	832	60.33	547	39.67	1379	98.08	27	1.92	1406	1.71
Oakleigh East	Yes	868	54.28	731	45.72	1599	99.13	14	0.87	1613
	1.96
Oakleigh North	Yes	1051	60.02	700	39.98	1751	98.93	19	1.07	1770
	2.15
Pinewood (Chisholm)	Yes	1362	56.94	1030	43.06	2392	99.29	17	0.71
	2409	2.92
Surrey Hills	Yes	951	62.61	568	37.39	1519	99.35	10	0.65	1529
	1.85
Sussex Heights	Yes	1242	62.07	759	37.93	2001	98.77	25	1.23	2026
	2.46
Syndal North	Yes	1723	53.81	1479	46.19	3202	99.26	24	0.74	3226
	3.91
Syndal South	Yes	1058	59.88	709	40.12	1767	99.44	10	0.56	1777
	2.16
Tally Ho (Chisholm)	Yes	566	57.23	423	42.77	989	98.90	11	1.10
	1000	1.21
Tyne	Yes	709	56.18	553	43.82	1262	99.45	7	0.55	1269	1.54
Wattle Park	Yes	1309	58.28	937	41.72	2246	99.38	14	0.62	2260	2.74
Waverley North	Yes	780	63.62	446	36.38	1226	99.59	5	0.41	1231
	1.49
Special Hospitals	No	179	33.71	352	66.29	531	99.44	3	0.56	534
	0.65
Total Ordinary	Yes	39194	58.14	28219	41.86	67413	99.08	629	0.92	68042
	82.52
ABSENT	Yes	4182	58.81	2929	41.19	7111	99.39	44	0.61	7155	8.68
POSTAL	No	1050	37.25	1769	62.75	2819	99.65	10	0.35	2829	3.43
PRE_POLL	Yes	2182	53.77	1876	46.23	4058	99.53	19	0.47	4077	4.94
PROVISIONAL	Yes	207	58.97	144	41.03	351	99.43	2	0.57	353	0.43
Division Summary	Yes	46815	57.26	34937	42.74	81752	99.15	704	0.85	82456
	95.58
