Referendum: 6 November 1999									
		
Referendum Results										
	
By Division by Polling Place									
		

"A proposed law for the Alteration of the Constitution, entitled"			
								
   the Constitutional Alteration (Establishment of Republic) 1999			
								
											
											
Australian Capital Territory									
		
Fraser (106387)											

		Yes		No		Formal		Informal		Total	
Polling Place		Votes	%	Votes	%	Votes	%	Votes	%	Votes	%
Ainslie	Yes	1372	73.29	500	26.71	1872	98.73	24	1.27	1896	1.88
Ainslie North	Yes	1608	68.22	749	31.78	2357	98.78	29	1.22	2386
	2.36
Aranda	Yes	2200	73.65	787	26.35	2987	99.30	21	0.70	3008	2.98
Baker Gardens	Yes	398	63.38	230	36.62	628	99.21	5	0.79	633
	0.63
Barton	Yes	1027	73.20	376	26.80	1403	99.15	12	0.85	1415	1.40
Belconnen	Yes	1538	68.17	718	31.83	2256	99.12	20	0.88	2276	2.25
Bruce	Yes	267	70.45	112	29.55	379	98.70	5	1.30	384	0.38
Campbell	Yes	1605	62.16	977	37.84	2582	99.58	11	0.42	2593	2.57
Charnwood	Yes	2222	57.31	1655	42.69	3877	98.90	43	1.10	3920	3.88
City	Yes	784	75.60	253	24.40	1037	98.86	12	1.14	1049	1.04
Dickson	Yes	1184	70.18	503	29.82	1687	98.89	19	1.11	1706	1.69
Downer	Yes	856	60.28	564	39.72	1420	99.30	10	0.70	1430	1.41
Evatt	Yes	1868	61.63	1163	38.37	3031	99.02	30	0.98	3061	3.03
Evatt South	Yes	948	67.67	453	32.33	1401	99.29	10	0.71	1411	1.40
Florey	Yes	1395	64.11	781	35.89	2176	99.09	20	0.91	2196	2.17
Flynn	Yes	1280	65.21	683	34.79	1963	99.49	10	0.51	1973	1.95
Giralang	Yes	1347	63.00	791	37.00	2138	98.84	25	1.16	2163	2.14
Griffith	Yes	1181	69.68	514	30.32	1695	99.18	14	0.82	1709	1.69
Hall	Yes	257	60.05	171	39.95	428	99.53	2	0.47	430	0.43
Higgins	Yes	1321	56.96	998	43.04	2319	98.89	26	1.11	2345	2.32
Holt	Yes	1320	56.43	1019	43.57	2339	99.19	19	0.81	2358	2.33
Jervis Bay	Yes	55	50.46	54	49.54	109	100.00	0	0.00	109
	0.11
Kaleen	Yes	1738	61.33	1096	38.67	2834	98.54	42	1.46	2876	2.85
Kaleen South	Yes	1074	63.55	616	36.45	1690	99.06	16	0.94	1706
	1.69
Latham	Yes	1151	57.24	860	42.76	2011	99.06	19	0.94	2030	2.01
Lyneham	Yes	2672	71.89	1045	28.11	3717	98.99	38	1.01	3755	3.72
Macgregor	Yes	992	57.84	723	42.16	1715	99.71	5	0.29	1720	1.70
Macquarie	Yes	1230	68.18	574	31.82	1804	99.39	11	0.61	1815	1.80
Melba	Yes	1124	65.92	581	34.08	1705	99.30	12	0.70	1717	1.70
Narrabundah	Yes	1224	61.02	782	38.98	2006	98.96	21	1.04	2027	2.01
Ngunnawal	Yes	2004	63.94	1130	36.06	3134	99.02	31	0.98	3165	3.13
Nicholls	Yes	1673	64.25	931	35.75	2604	99.58	11	0.42	2615	2.59
Page	Yes	1054	64.58	578	35.42	1632	98.97	17	1.03	1649	1.63
Palmerston	Yes	2234	65.26	1189	34.74	3423	99.42	20	0.58	3443	3.41
Reid	Yes	457	70.85	188	29.15	645	99.23	5	0.77	650	0.64
Scullin	Yes	1245	59.51	847	40.49	2092	98.68	28	1.32	2120	2.10
Spence	Yes	890	63.08	521	36.92	1411	99.58	6	0.42	1417	1.40
Turner	Yes	1387	74.97	463	25.03	1850	98.98	19	1.02	1869	1.85
Watson	Yes	1643	64.53	903	35.47	2546	99.10	23	0.90	2569	2.54
Weetangera	Yes	1823	70.55	761	29.45	2584	99.58	11	0.42	2595	2.57
Wreck Bay	Yes	48	70.59	20	29.41	68	100.00	0	0.00	68
	0.07
Special Hospitals	No	201	40.36	297	59.64	498	98.42	8	1.58	506
	0.50
Prison Mobiles	No	0	0.00	1	100.00	1	100.00	0
	0.00	1	0.00
Total Ordinary	Yes	51897	64.83	28157	35.17	80054	99.12	710	0.88	80764
	79.91
ABSENT	Yes	1687	67.51	812	32.49	2499	99.40	15	0.60	2514	2.49
POSTAL	Yes	1454	51.14	1389	48.86	2843	99.72	8	0.28	2851	2.82
PRE_POLL	Yes	9287	64.54	5102	35.46	14389	99.54	67	0.46	14456	14.30
PROVISIONAL	Yes	311	64.66	170	35.34	481	98.97	5	1.03	486	0.48
Division Summary	Yes	64636	64.46	35630	35.54	100266	99.20	805	0.80
	101071	95.00
