Referendum: 6 November 1999									
		
Referendum Results										
	
By Division by Polling Place									
		

"A proposed law for the Alteration of the Constitution, entitled"			
								
   the Constitutional Alteration (Preamble) 1999					
						
											
											
New South Wales											
Lyne (84455)											

		Yes		No		Formal		Informal		Total	
Polling Place		                                                             
Votes	%	Votes	%	Votes	%	Votes	%	Votes	%
Bonny Hills	No	400	38.20	647	61.80	1047	98.96	11	1.04	1058	1.30
Burrell Creek	No	73	33.80	143	66.20	216	98.63	3	1.37	219
	0.27
Byabarra	No	30	31.25	66	68.75	96	100.00	0	0.00	96
	0.12
Chatham	No	572	31.09	1268	68.91	1840	99.30	13	0.70	1853	2.28
Comboyne	No	71	22.90	239	77.10	310	100.00	0	0.00	310
	0.38
Coopernook	No	87	23.08	290	76.92	377	98.69	5	1.31	382	0.47
Crowdy Head	No	30	33.71	59	66.29	89	100.00	0	0.00	89
	0.11
Cundletown	No	437	33.08	884	66.92	1321	99.25	10	0.75	1331	1.64
Diamond Beach	No	160	37.74	264	62.26	424	98.83	5	1.17	429
	0.53
Dunbogan	No	202	35.63	365	64.37	567	99.65	2	0.35	569	0.70
Dyers Crossing	No	90	30.30	207	69.70	297	99.33	2	0.67	299
	0.37
Elands	No	48	39.34	74	60.66	122	100.00	0	0.00	122
	0.15
Failford	No	87	33.98	169	66.02	256	99.61	1	0.39	257	0.32
Forster	No	429	40.51	630	59.49	1059	98.97	11	1.03	1070	1.32
Forster East	No	612	39.79	926	60.21	1538	99.10	14	0.90	1552
	1.91
Forster Keys	No	580	40.79	842	59.21	1422	99.58	6	0.42	1428
	1.76
Forster South	No	1140	39.92	1716	60.08	2856	99.37	18	0.63	2874
	3.53
Ghinni Ghinni	No	24	31.17	53	68.83	77	98.72	1	1.28	78
	0.10
Green Point Wallis Lake	No	89	35.46	162	64.54	251	100.00	0
	0.00	251	0.31
Hallidays Point	No	242	42.68	325	57.32	567	99.65	2	0.35	569
	0.70
Hannam Vale	No	82	37.96	134	62.04	216	99.08	2	0.92	218	0.27
Harrington	No	303	29.30	731	70.70	1034	99.42	6	0.58	1040	1.28
Herons Creek	No	60	41.10	86	58.90	146	99.32	1	0.68	147
	0.18
Hibbard	No	302	33.89	589	66.11	891	99.22	7	0.78	898	1.10
Huntingdon	No	67	33.50	133	66.50	200	99.50	1	0.50	201	0.25
Johns River	No	57	27.80	148	72.20	205	99.03	2	0.97	207	0.25
Kendall	No	251	34.24	482	65.76	733	99.86	1	0.14	734	0.90
Kew	No	104	33.77	204	66.23	308	99.68	1	0.32	309	0.38
Killabakh	No	97	31.60	210	68.40	307	99.68	1	0.32	308	0.38
Kings Creek	No	110	41.04	158	58.96	268	99.26	2	0.74	270	0.33
Krambach	No	91	28.35	230	71.65	321	100.00	0	0.00	321
	0.39
Lake Cathie	No	459	38.54	732	61.46	1191	99.33	8	0.67	1199	1.47
Lansdowne	No	212	33.18	427	66.82	639	99.69	2	0.31	641	0.79
Laurieton	No	717	31.34	1571	68.66	2288	99.00	23	1.00	2311	2.84
Long Flat	No	41	23.56	133	76.44	174	98.86	2	1.14	176	0.22
Lorne	No	44	37.93	72	62.07	116	100.00	0	0.00	116	0.14
Manning Point	No	65	35.91	116	64.09	181	100.00	0	0.00
	181	0.22
Marlee	No	51	28.02	131	71.98	182	98.91	2	1.09	184	0.23
Mitchells Island	No	54	24.00	171	76.00	225	98.68	3	1.32	228
	0.28
Moorland	No	89	27.47	235	72.53	324	99.69	1	0.31	325	0.40
Mount George	No	52	25.37	153	74.63	205	99.03	2	0.97	207
	0.25
Nabiac	No	286	32.72	588	67.28	874	99.43	5	0.57	879	1.08
North Haven	No	442	30.69	998	69.31	1440	98.90	16	1.10	1456	1.79
Old Bar	No	774	37.36	1298	62.64	2072	99.28	15	0.72	2087	2.57
Oxley Island	No	60	45.45	72	54.55	132	98.51	2	1.49	134
	0.16
Port Macquarie Central	No	493	38.49	788	61.51	1281	99.53	6	0.47
	1287	1.58
Port Macquarie Civic	No	829	40.98	1194	59.02	2023	99.07	19	0.93
	2042	2.51
Port Macquarie East	No	1579	39.00	2470	61.00	4049	99.44	23	0.56
	4072	5.01
Port Macquarie Hospital	No	176	37.61	292	62.39	468	99.79	1	0.21
	469	0.58
Port Macquarie South	No	955	40.67	1393	59.33	2348	99.41	14	0.59
	2362	2.90
Port Macquarie West	No	1307	34.05	2531	65.95	3838	98.97	40	1.03
	3878	4.77
Purfleet	No	46	32.39	96	67.61	142	100.00	0	0.00	142
	0.17
Settlement Shores	No	522	37.50	870	62.50	1392	99.15	12	0.85	1404
	1.73
Sydney (Lyne)	Yes	27	50.94	26	49.06	53	100.00	0	0.00	53
	0.07
Tacking Point	No	1231	40.67	1796	59.33	3027	99.34	20	0.66	3047
	3.75
Taree	No	764	34.20	1470	65.80	2234	98.94	24	1.06	2258	2.78
Taree Central	No	304	35.02	564	64.98	868	99.43	5	0.57	873
	1.07
Taree Hospital	No	83	32.94	169	67.06	252	98.44	4	1.56	256
	0.31
Taree North	No	361	27.33	960	72.67	1321	99.17	11	0.83	1332	1.64
Taree West	No	915	34.76	1717	65.24	2632	99.36	17	0.64	2649	3.26
Tinonee	No	241	28.86	594	71.14	835	99.29	6	0.71	841	1.03
Tuncurry	No	1236	38.03	2014	61.97	3250	99.21	26	0.79	3276	4.03
Upper Lansdowne	No	30	30.00	70	70.00	100	99.01	1	0.99	101
	0.12
Wauchope	No	455	29.20	1103	70.80	1558	98.30	27	1.70	1585	1.95
Wauchope South	No	519	29.04	1268	70.96	1787	99.22	14	0.78	1801
	2.21
Wherrol Flat	No	41	26.97	111	73.03	152	99.35	1	0.65	153
	0.19
Wingham	No	405	29.98	946	70.02	1351	99.12	12	0.88	1363	1.68
Wingham West	No	645	29.34	1553	70.66	2198	98.92	24	1.08	2222
	2.73
Special Hospitals	No	291	38.65	462	61.35	753	97.54	19	2.46	772
	0.95
Total Ordinary	No	23728	35.25	43588	64.75	67316	99.21	535	0.79	67851
	83.41
ABSENT	No	1801	38.20	2914	61.80	4715	99.62	18	0.38	4733	5.82
POSTAL	No	720	31.47	1568	68.53	2288	99.26	17	0.74	2305	2.83
PRE_POLL	No	2126	35.58	3850	64.42	5976	99.57	26	0.43	6002	7.38
PROVISIONAL	No	170	37.95	278	62.05	448	99.33	3	0.67	451	0.55
Division Summary	No	28545	35.35	52198	64.65	80743	99.26	599	0.74	81342
	96.31
