Referendum: 6 November 1999									
		
Referendum Results										
	
By Division by Polling Place									
		

"A proposed law for the Alteration of the Constitution, entitled"			
								
   the Constitutional Alteration (Establishment of Republic) 1999			
								
											
											
Victoria											
Bendigo (85625)											

		Yes		No		Formal		Informal		Total	
Polling Place		Votes	%	Votes	%	Votes	%	Votes	%	Votes	%
Axedale	No	208	40.47	306	59.53	514	99.81	1	0.19	515	0.62
Bealiba	No	62	34.25	119	65.75	181	100.00	0	0.00	181
	0.22
Bendigo Base Hospital	No	117	44.32	147	55.68	264	100.00	0
	0.00	264	0.32
Bendigo Central	No	1133	46.68	1294	53.32	2427	98.98	25	1.02	2452
	2.97
Bendigo East	No	204	33.89	398	66.11	602	98.85	7	1.15	609
	0.74
Bendigo North	No	292	34.68	550	65.32	842	99.64	3	0.36	845
	1.02
Big Hill	No	200	37.45	334	62.55	534	99.44	3	0.56	537	0.65
Bowenvale	No	62	24.60	190	75.40	252	99.21	2	0.79	254	0.31
Bridgewater	No	94	22.76	319	77.24	413	99.28	3	0.72	416	0.50
California Gully	No	346	32.28	726	67.72	1072	99.35	7	0.65	1079
	1.31
Campbells Creek	No	342	35.89	611	64.11	953	99.48	5	0.52	958
	1.16
Carisbrook	No	244	30.69	551	69.31	795	99.13	7	0.87	802	0.97
Castlemaine	No	1306	43.22	1716	56.78	3022	99.31	21	0.69	3043	3.69
Castlemaine North	No	587	47.07	660	52.93	1247	99.52	6	0.48	1253
	1.52
Central Deborah	Yes	207	56.40	160	43.60	367	98.92	4	1.08	371
	0.45
Chewton	No	197	47.47	218	52.53	415	99.28	3	0.72	418	0.51
Comet Hill	No	499	33.24	1002	66.76	1501	99.21	12	0.79	1513	1.83
Dunolly	No	226	27.49	596	72.51	822	99.16	7	0.84	829	1.00
Eaglehawk	No	969	36.02	1721	63.98	2690	99.34	18	0.66	2708	3.28
Eaglehawk North	No	142	38.38	228	61.62	370	99.73	1	0.27	371
	0.45
Elmore	No	139	24.51	428	75.49	567	99.82	1	0.18	568	0.69
Elphinstone	No	122	38.49	195	61.51	317	99.06	3	0.94	320	0.39
Eppalock	No	65	35.52	118	64.48	183	99.46	1	0.54	184	0.22
Epsom	No	435	35.31	797	64.69	1232	99.44	7	0.56	1239	1.50
Flora Hill	No	917	39.42	1409	60.58	2326	99.19	19	0.81	2345	2.84
Golden Square	No	1362	40.89	1969	59.11	3331	99.23	26	0.77	3357
	4.07
Golden Square South	No	425	36.67	734	63.33	1159	99.40	7	0.60
	1166	1.41
Goornong	No	120	37.27	202	62.73	322	99.38	2	0.62	324	0.39
Guildford	No	75	30.36	172	69.64	247	99.20	2	0.80	249	0.30
Harcourt	No	355	43.94	453	56.06	808	99.26	6	0.74	814	0.99
Heathcote	No	679	34.95	1264	65.05	1943	99.23	15	0.77	1958	2.37
Huntly	No	360	35.57	652	64.43	1012	99.51	5	0.49	1017	1.23
Inglewood	No	203	27.85	526	72.15	729	99.32	5	0.68	734	0.89
Ironbark	No	474	42.36	645	57.64	1119	99.03	11	0.97	1130	1.37
Jobs Gully	No	401	32.36	838	67.64	1239	98.88	14	1.12	1253	1.52
Junortoun	No	150	41.78	209	58.22	359	99.45	2	0.55	361	0.44
Kangaroo Flat	No	1353	36.08	2397	63.92	3750	99.36	24	0.64	3774
	4.57
Kangaroo Flat South	No	416	36.43	726	63.57	1142	99.30	8	0.70
	1150	1.39
Kennington	No	732	42.98	971	57.02	1703	99.36	11	0.64	1714	2.08
Korong Vale	No	42	20.10	167	79.90	209	99.05	2	0.95	211	0.26
Laanecoorie	No	38	28.79	94	71.21	132	100.00	0	0.00	132
	0.16
Lockwood	No	293	38.76	463	61.24	756	99.34	5	0.66	761	0.92
Long Gully	No	372	37.35	624	62.65	996	99.01	10	0.99	1006	1.22
Maiden Gully	No	478	37.26	805	62.74	1283	99.30	9	0.70	1292
	1.56
Maldon	No	537	39.93	808	60.07	1345	99.04	13	0.96	1358	1.64
Mandurang	No	121	44.49	151	55.51	272	99.63	1	0.37	273	0.33
Marong	No	159	32.25	334	67.75	493	99.60	2	0.40	495	0.60
Maryborough	No	1037	32.42	2162	67.58	3199	99.38	20	0.62	3219	3.90
Maryborough East	No	644	30.68	1455	69.32	2099	99.15	18	0.85	2117
	2.56
Melbourne (Bendigo)	Yes	45	68.18	21	31.82	66	100.00	0
	0.00	66	0.08
Newbridge	No	71	29.22	172	70.78	243	100.00	0	0.00	243
	0.29
Newstead	No	272	41.03	391	58.97	663	99.25	5	0.75	668	0.81
Quarry Hill	Yes	495	50.67	482	49.33	977	99.29	7	0.71	984	1.19
Raywood	No	99	28.37	250	71.63	349	99.43	2	0.57	351	0.43
Redesdale	No	94	36.29	165	63.71	259	99.62	1	0.38	260	0.31
St Laurence	No	53	25.36	156	74.64	209	98.58	3	1.42	212	0.26
Sparrowhawk	No	194	30.12	450	69.88	644	98.62	9	1.38	653	0.79
Spring Gully	No	814	45.99	956	54.01	1770	99.27	13	0.73	1783
	2.16
Strathdale	No	766	40.88	1108	59.12	1874	99.26	14	0.74	1888	2.29
Strathfieldsaye	No	840	47.22	939	52.78	1779	98.89	20	1.11	1799
	2.18
Strath Hill	No	997	45.07	1215	54.93	2212	98.97	23	1.03	2235	2.71
Taradale	No	153	44.87	188	55.13	341	100.00	0	0.00	341
	0.41
Tarnagulla	No	86	40.38	127	59.62	213	99.07	2	0.93	215	0.26
Tooborac	No	33	27.73	86	72.27	119	98.35	2	1.65	121	0.15
Wedderburn	No	230	26.93	624	73.07	854	99.65	3	0.35	857	1.04
Weeroona	No	802	39.76	1215	60.24	2017	99.12	18	0.88	2035	2.46
White Hills	No	527	36.70	909	63.30	1436	99.17	12	0.83	1448	1.75
Winters Flat	No	188	38.84	296	61.16	484	99.79	1	0.21	485
	0.59
Woodvale	No	69	29.87	162	70.13	231	100.00	0	0.00	231
	0.28
Special Hospitals	No	210	29.05	513	70.95	723	98.50	11	1.50	734
	0.89
Total Ordinary	No	26979	37.99	44039	62.01	71018	99.26	530	0.74	71548
	86.65
ABSENT	No	2031	47.58	2238	52.42	4269	99.35	28	0.65	4297	5.20
POSTAL	No	764	28.17	1948	71.83	2712	99.63	10	0.37	2722	3.30
PRE_POLL	No	1489	39.01	2328	60.99	3817	99.32	26	0.68	3843	4.65
PROVISIONAL	No	70	44.03	89	55.97	159	99.37	1	0.63	160	0.19
Division Summary	No	31333	38.22	50642	61.78	81975	99.28	595	0.72	82570
	96.43
