Referendum: 6 November 1999									
		
Referendum Results										
	
By Division by Polling Place									
		

"A proposed law for the Alteration of the Constitution, entitled"			
								
   the Constitutional Alteration (Establishment of Republic) 1999			
								
											
											
South Australia											
Grey (86900)											

		Yes		No		Formal		Informal		Total	
Polling Place		Votes	%	Votes	%	Votes	%	Votes	%	Votes	%
Andamooka	No	104	44.64	129	55.36	233	96.68	8	3.32	241	0.29
Arno Bay	No	44	18.97	188	81.03	232	100.00	0	0.00	232
	0.28
Auburn	No	126	35.49	229	64.51	355	99.72	1	0.28	356	0.43
Blyth	No	77	22.06	272	77.94	349	98.87	4	1.13	353	0.43
Booborowie	No	58	30.85	130	69.15	188	99.47	1	0.53	189	0.23
Booleroo Centre	No	95	23.51	309	76.49	404	99.26	3	0.74	407
	0.50
Brinkworth	No	64	25.20	190	74.80	254	100.00	0	0.00	254
	0.31
Burra	No	248	31.55	538	68.45	786	98.99	8	1.01	794	0.97
Ceduna	No	560	35.74	1007	64.26	1567	98.62	22	1.38	1589	1.94
Clare	No	933	36.36	1633	63.64	2566	99.42	15	0.58	2581	3.14
Cleve	No	187	24.10	589	75.90	776	99.49	4	0.51	780	0.95
Coffin Bay	No	119	33.43	237	66.57	356	99.44	2	0.56	358	0.44
Coober Pedy	No	512	48.81	537	51.19	1049	98.68	14	1.32	1063	1.29
Cowell	No	179	24.62	548	75.38	727	99.32	5	0.68	732	0.89
Crystal Brook	No	309	30.47	705	69.53	1014	99.22	8	0.78	1022
	1.24
Cummins	No	208	24.85	629	75.15	837	99.64	3	0.36	840	1.02
Darke Peak	No	31	26.72	85	73.28	116	98.31	2	1.69	118	0.14
Elliston	No	98	38.58	156	61.42	254	99.22	2	0.78	256	0.31
Eudunda	No	155	19.90	624	80.10	779	98.86	9	1.14	788	0.96
Farrell Flat	No	36	27.48	95	72.52	131	98.50	2	1.50	133
	0.16
Georgetown	No	72	38.71	114	61.29	186	98.41	3	1.59	189	0.23
Gladstone	No	105	21.78	377	78.22	482	99.59	2	0.41	484	0.59
Hallett	No	38	28.15	97	71.85	135	99.26	1	0.74	136	0.17
Hawker	No	64	26.67	176	73.33	240	99.17	2	0.83	242	0.29
Iron Knob	No	34	27.20	91	72.80	125	99.21	1	0.79	126	0.15
Jamestown	No	359	27.51	946	72.49	1305	99.32	9	0.68	1314	1.60
Karkoo	No	29	26.36	81	73.64	110	100.00	0	0.00	110
	0.13
Kimba	No	209	28.44	526	71.56	735	99.19	6	0.81	741	0.90
Kirton Point	No	387	32.96	787	67.04	1174	98.99	12	1.01	1186
	1.44
Laura	No	156	29.49	373	70.51	529	99.44	3	0.56	532	0.65
Leigh Creek	No	160	41.78	223	58.22	383	99.74	1	0.26	384	0.47
Lochiel	No	36	33.03	73	66.97	109	100.00	0	0.00	109
	0.13
Lock	No	53	15.41	291	84.59	344	98.85	4	1.15	348	0.42
Manoora	No	53	25.48	155	74.52	208	99.52	1	0.48	209	0.25
Marrabel	No	17	14.17	103	85.83	120	100.00	0	0.00	120
	0.15
Melrose	No	63	27.27	168	72.73	231	98.72	3	1.28	234	0.28
Minnipa	No	53	29.94	124	70.06	177	98.33	3	1.67	180	0.22
Napperby	No	160	36.45	279	63.55	439	99.77	1	0.23	440	0.54
North Shields	No	109	28.17	278	71.83	387	98.47	6	1.53	393
	0.48
Orroroo	No	140	25.78	403	74.22	543	99.09	5	0.91	548	0.67
Peterborough	No	316	26.58	873	73.42	1189	98.51	18	1.49	1207
	1.47
Point Pass	No	36	27.07	97	72.93	133	100.00	0	0.00	133
	0.16
Poochera	No	16	12.70	110	87.30	126	100.00	0	0.00	126
	0.15
Port Augusta Central	No	377	33.45	750	66.55	1127	99.30	8	0.70
	1135	1.38
Port Augusta East	No	650	32.29	1363	67.71	2013	99.16	17	0.84	2030
	2.47
Port Augusta West	No	555	29.51	1326	70.49	1881	98.64	26	1.36	1907
	2.32
Port Broughton	No	318	31.36	696	68.64	1014	99.12	9	0.88	1023
	1.25
Port Germein	No	77	25.75	222	74.25	299	99.01	3	0.99	302
	0.37
Port Kenny	No	47	32.19	99	67.81	146	97.33	4	2.67	150	0.18
Port Lincoln	No	1239	35.08	2293	64.92	3532	98.82	42	1.18	3574
	4.35
Port Lincoln Central	No	665	34.07	1287	65.93	1952	99.49	10	0.51
	1962	2.39
Port Lincoln South	No	253	24.44	782	75.56	1035	98.85	12	1.15
	1047	1.28
Port Neill	No	64	26.12	181	73.88	245	99.19	2	0.81	247	0.30
Port Pirie South	No	216	46.45	249	53.55	465	100.00	0	0.00
	465	0.57
Port Pirie West	No	790	31.89	1687	68.11	2477	98.72	32	1.28	2509
	3.06
Quorn	No	222	30.08	516	69.92	738	98.93	8	1.07	746	0.91
Redhill	No	44	22.34	153	77.66	197	99.49	1	0.51	198	0.24
Risdon Park East	No	974	34.65	1837	65.35	2811	99.33	19	0.67	2830
	3.45
Risdon Park South	No	406	36.58	704	63.42	1110	99.28	8	0.72	1118
	1.36
Riverton	No	189	27.16	507	72.84	696	99.57	3	0.43	699	0.85
Robertstown	No	50	18.59	219	81.41	269	98.90	3	1.10	272	0.33
Roxby Downs	No	575	39.12	895	60.88	1470	99.19	12	0.81	1482	1.80
Saddleworth	No	97	25.80	279	74.20	376	99.73	1	0.27	377	0.46
Smoky Bay	No	50	28.09	128	71.91	178	98.89	2	1.11	180	0.22
Snowtown	No	99	24.69	302	75.31	401	99.50	2	0.50	403	0.49
Solomontown	No	535	30.87	1198	69.13	1733	98.69	23	1.31	1756	2.14
Spalding	No	83	30.07	193	69.93	276	99.28	2	0.72	278	0.34
Stirling North	No	244	26.46	678	73.54	922	98.93	10	1.07	932
	1.14
Streaky Bay	No	229	27.56	602	72.44	831	98.46	13	1.54	844	1.03
Tarlee	No	68	26.46	189	73.54	257	99.23	2	0.77	259	0.32
Terowie	No	22	22.68	75	77.32	97	97.00	3	3.00	100	0.12
Tumby Bay	No	278	25.32	820	74.68	1098	99.19	9	0.81	1107	1.35
Ungarra	No	36	25.17	107	74.83	143	99.31	1	0.69	144	0.18
Wangary	No	89	32.60	184	67.40	273	98.91	3	1.09	276	0.34
Warramboo	No	29	25.66	84	74.34	113	99.12	1	0.88	114	0.14
Watervale	No	116	40.99	167	59.01	283	99.65	1	0.35	284	0.35
Whyalla Central East	No	454	45.90	535	54.10	989	99.60	4	0.40
	993	1.21
Whyalla Central West	No	753	38.36	1210	61.64	1963	98.94	21	1.06
	1984	2.42
Whyalla Norrie East	No	753	39.53	1152	60.47	1905	99.12	17	0.88
	1922	2.34
Whyalla Norrie North	No	568	35.24	1044	64.76	1612	98.96	17	1.04
	1629	1.98
Whyalla Norrie North-West	No	351	33.62	693	66.38	1044	99.05	10
	0.95	1054	1.28
Whyalla Norrie South	No	454	29.85	1067	70.15	1521	99.22	12	0.78
	1533	1.87
Whyalla Stuart South	No	577	29.14	1403	70.86	1980	99.00	20	1.00
	2000	2.44
Whyalla Stuart West	No	441	35.94	786	64.06	1227	99.19	10	0.81
	1237	1.51
Willsden	No	344	31.19	759	68.81	1103	98.92	12	1.08	1115	1.36
Wilmington	No	92	23.41	301	76.59	393	99.24	3	0.76	396	0.48
Wirrabara	No	97	25.94	277	74.06	374	99.47	2	0.53	376	0.46
Wirrulla	No	35	30.17	81	69.83	116	100.00	0	0.00	116
	0.14
Woomera	No	104	40.62	152	59.38	256	98.46	4	1.54	260	0.32
Wudinna	No	168	27.32	447	72.68	615	98.72	8	1.28	623	0.76
Yacka	No	21	20.39	82	79.61	103	100.00	0	0.00	103	0.13
Special Hospitals	No	242	28.81	598	71.19	840	98.82	10	1.18	850
	1.04
Remote Mobiles	No	471	34.25	904	65.75	1375	98.99	14	1.01	1389
	1.69
Total Ordinary	No	22419	31.91	47838	68.09	70257	99.08	650	0.92	70907
	86.35
ABSENT	No	1811	38.79	2858	61.21	4669	99.38	29	0.62	4698	5.72
POSTAL	No	724	26.35	2024	73.65	2748	99.60	11	0.40	2759	3.36
PRE_POLL	No	1294	36.82	2220	63.18	3514	99.66	12	0.34	3526	4.29
PROVISIONAL	No	71	32.13	150	67.87	221	99.10	2	0.90	223	0.27
Division Summary	No	26319	32.33	55090	67.67	81409	99.14	704	0.86	82113
	94.49
