Referendum: 6 November 1999									
		
Referendum Results										
	
By Division by Polling Place									
		

"A proposed law for the Alteration of the Constitution, entitled"			
								
   the Constitutional Alteration (Establishment of Republic) 1999			
								
											
											
Victoria											
Deakin (84759)											

		Yes		No		Formal		Informal		Total	
Polling Place		Votes	%	Votes	%	Votes	%	Votes	%	Votes	%
Antonio Park	Yes	877	57.58	646	42.42	1523	99.41	9	0.59	1532
	1.89
Bedford Road	No	621	47.70	681	52.30	1302	99.01	13	0.99	1315
	1.62
Blackburn	Yes	844	59.31	579	40.69	1423	99.37	9	0.63	1432	1.76
Blackburn Lake	Yes	1353	60.35	889	39.65	2242	99.34	15	0.66	2257
	2.78
Blackburn North	Yes	845	53.62	731	46.38	1576	99.06	15	0.94	1591
	1.96
Blackburn South	Yes	1876	54.85	1544	45.15	3420	99.07	32	0.93	3452
	4.25
Blackburn West	Yes	2540	56.70	1940	43.30	4480	99.01	45	0.99	4525
	5.57
Burwood Heights	Yes	2010	56.41	1553	43.59	3563	99.22	28	0.78	3591
	4.42
Cheong Park	No	307	49.36	315	50.64	622	98.57	9	1.43	631	0.78
Croydon South	No	1102	44.78	1359	55.22	2461	98.99	25	1.01	2486
	3.06
Croydon Town	No	484	43.33	633	56.67	1117	99.20	9	0.80	1126
	1.39
Eastwood	Yes	1197	54.81	987	45.19	2184	98.87	25	1.13	2209	2.72
Eley Park	Yes	1278	57.70	937	42.30	2215	99.11	20	0.89	2235	2.75
Forest Hill	Yes	749	56.40	579	43.60	1328	99.10	12	0.90	1340	1.65
Glen Park	No	254	38.60	404	61.40	658	98.65	9	1.35	667	0.82
Heatherdale	Yes	840	54.58	699	45.42	1539	99.42	9	0.58	1548	1.91
Heathmont	Yes	619	51.20	590	48.80	1209	98.77	15	1.23	1224	1.51
Inala Village	No	128	31.07	284	68.93	412	98.56	6	1.44	418
	0.51
Kalinda	Yes	930	53.05	823	46.95	1753	99.04	17	0.96	1770	2.18
Laburnum	Yes	987	58.78	692	41.22	1679	99.35	11	0.65	1690	2.08
Melbourne (Deakin)	Yes	69	72.63	26	27.37	95	100.00	0
	0.00	95	0.12
Mitcham	Yes	715	51.18	682	48.82	1397	99.36	9	0.64	1406	1.73
Mitcham North	Yes	1207	56.35	935	43.65	2142	99.35	14	0.65	2156
	2.66
Mullum	Yes	1037	52.29	946	47.71	1983	98.71	26	1.29	2009	2.47
Norwood	Yes	838	53.79	720	46.21	1558	99.87	2	0.13	1560	1.92
Nunawading	Yes	1075	56.49	828	43.51	1903	98.86	22	1.14	1925	2.37
Nunawading South	Yes	1444	53.82	1239	46.18	2683	99.15	23	0.85	2706
	3.33
Parkwood	Yes	601	54.49	502	45.51	1103	99.10	10	0.90	1113	1.37
Rangeview	Yes	1091	56.70	833	43.30	1924	99.28	14	0.72	1938	2.39
Ringwood	No	733	45.53	877	54.47	1610	99.08	15	0.92	1625	2.00
Ringwood East	No	892	47.93	969	52.07	1861	99.04	18	0.96	1879
	2.31
Ringwood Heights	Yes	924	56.83	702	43.17	1626	99.39	10	0.61	1636
	2.02
Ringwood South	Yes	1564	51.84	1453	48.16	3017	98.92	33	1.08	3050
	3.76
Springview	Yes	1175	53.95	1003	46.05	2178	98.91	24	1.09	2202	2.71
Tally Ho (Deakin)	Yes	926	57.23	692	42.77	1618	98.78	20	1.22	1638
	2.02
Tinternvale	No	811	49.79	818	50.21	1629	99.33	11	0.67	1640	2.02
Vermont North	Yes	602	51.90	558	48.10	1160	99.66	4	0.34	1164
	1.43
Special Hospitals	No	95	32.76	195	67.24	290	98.64	4	1.36	294
	0.36
Total Ordinary	Yes	35640	53.61	30843	46.39	66483	99.12	592	0.88	67075
	82.63
ABSENT	Yes	3765	54.69	3119	45.31	6884	99.29	49	0.71	6933	8.54
POSTAL	No	1085	37.08	1841	62.92	2926	99.66	10	0.34	2936	3.62
PRE_POLL	No	1904	48.46	2025	51.54	3929	99.52	19	0.48	3948	4.86
PROVISIONAL	Yes	171	61.07	109	38.93	280	98.25	5	1.75	285	0.35
Division Summary	Yes	42565	52.87	37937	47.13	80502	99.17	675	0.83	81177
	95.77
