Referendum: 6 November 1999									
		
Referendum Results										
	
By Division by Polling Place									
		

"A proposed law for the Alteration of the Constitution, entitled"			
								
   the Constitutional Alteration (Establishment of Republic) 1999			
								
											
											
Victoria											
Murray (84898)											

		Yes		No		Formal		Informal		Total	
Polling Place		Votes	%	Votes	%	Votes	%	Votes	%	Votes	%
Ardmona	No	123	28.28	312	71.72	435	99.54	2	0.46	437	0.54
Ballendella	No	29	19.33	121	80.67	150	99.34	1	0.66	151	0.19
Bamawm	No	54	27.84	140	72.16	194	100.00	0	0.00	194
	0.24
Bamawm Extension	No	39	23.21	129	76.79	168	100.00	0	0.00
	168	0.21
Barmah	No	49	27.84	127	72.16	176	99.44	1	0.56	177	0.22
Boort	No	176	23.62	569	76.38	745	98.94	8	1.06	753	0.92
Bunbartha	No	40	24.54	123	75.46	163	100.00	0	0.00	163
	0.20
Byrneside	No	55	25.00	165	75.00	220	99.55	1	0.45	221	0.27
Calivil	No	47	28.31	119	71.69	166	98.81	2	1.19	168	0.21
Cobram	No	1016	32.00	2159	68.00	3175	98.97	33	1.03	3208	3.93
Cohuna	No	519	25.60	1508	74.40	2027	99.36	13	0.64	2040	2.50
Colbinabbin	No	55	22.36	191	77.64	246	99.60	1	0.40	247	0.30
Congupna	No	126	27.94	325	72.06	451	100.00	0	0.00	451
	0.55
Cooma	No	29	18.24	130	81.76	159	99.37	1	0.63	160	0.20
Dhurringile	No	44	26.67	121	73.33	165	99.40	1	0.60	166	0.20
Dingee	No	54	23.38	177	76.62	231	99.57	1	0.43	232	0.28
Dingwall	No	24	20.34	94	79.66	118	100.00	0	0.00	118
	0.14
Dookie	No	93	31.63	201	68.37	294	99.66	1	0.34	295	0.36
Echuca	No	960	35.78	1723	64.22	2683	99.33	18	0.67	2701	3.31
Echuca Central	No	227	33.78	445	66.22	672	99.26	5	0.74	677
	0.83
Echuca East	No	578	30.89	1293	69.11	1871	99.15	16	0.85	1887	2.31
Echuca South	No	502	30.76	1130	69.24	1632	99.15	14	0.85	1646
	2.02
Echuca Village	No	62	26.96	168	73.04	230	99.57	1	0.43	231
	0.28
Echuca West	No	108	26.34	302	73.66	410	98.32	7	1.68	417	0.51
Girgarre	No	100	22.88	337	77.12	437	98.65	6	1.35	443	0.54
Gowrie Street	No	811	32.43	1690	67.57	2501	99.48	13	0.52	2514
	3.08
Grahamvale	No	72	38.30	116	61.70	188	99.47	1	0.53	189	0.23
Gunbower	No	103	26.41	287	73.59	390	99.49	2	0.51	392	0.48
Guthrie Street	No	556	37.82	914	62.18	1470	99.06	14	0.94	1484
	1.82
Katamatite	No	72	24.00	228	76.00	300	98.04	6	1.96	306	0.38
Katunga	No	133	26.76	364	73.24	497	99.40	3	0.60	500	0.61
Kerang	No	477	23.52	1551	76.48	2028	99.36	13	0.64	2041	2.50
Kerang North	No	215	24.71	655	75.29	870	99.43	5	0.57	875
	1.07
Kialla	No	157	34.81	294	65.19	451	99.34	3	0.66	454	0.56
Kialla Park	No	124	41.61	174	58.39	298	99.67	1	0.33	299	0.37
Kialla West	No	130	34.57	246	65.43	376	99.73	1	0.27	377	0.46
Knight Street	No	906	38.77	1431	61.23	2337	99.36	15	0.64	2352
	2.88
Koondrook	No	192	25.81	552	74.19	744	99.87	1	0.13	745	0.91
Koyuga	No	32	24.62	98	75.38	130	100.00	0	0.00	130
	0.16
Kyabram	No	809	28.88	1992	71.12	2801	99.15	24	0.85	2825	3.46
Kyabram West	No	336	25.85	964	74.15	1300	99.69	4	0.31	1304
	1.60
Ky Valley	No	54	19.93	217	80.07	271	99.63	1	0.37	272	0.33
Lake Charm	No	64	28.70	159	71.30	223	100.00	0	0.00	223
	0.27
Lalbert	No	20	19.05	85	80.95	105	99.06	1	0.94	106	0.13
Lancaster	No	80	24.77	243	75.23	323	99.38	2	0.62	325	0.40
Leitchville	No	127	23.56	412	76.44	539	98.90	6	1.10	545	0.67
Lemnos	No	126	31.11	279	68.89	405	99.02	4	0.98	409	0.50
Lockington	No	142	22.79	481	77.21	623	100.00	0	0.00	623
	0.76
Macorna	No	41	33.06	83	66.94	124	100.00	0	0.00	124
	0.15
Melbourne (Murray)	No	32	48.48	34	51.52	66	98.51	1	1.49	67
	0.08
Merrigum	No	148	28.14	378	71.86	526	99.43	3	0.57	529	0.65
Mitiamo	No	30	25.64	87	74.36	117	98.32	2	1.68	119	0.15
Mooroopna	No	342	30.87	766	69.13	1108	99.55	5	0.45	1113	1.36
Mooroopna Park	No	956	32.22	2011	67.78	2967	99.30	21	0.70	2988
	3.66
Murchison	No	183	32.11	387	67.89	570	99.65	2	0.35	572	0.70
Murrabit	No	86	25.15	256	74.85	342	99.71	1	0.29	343	0.42
Nanneella	No	57	21.11	213	78.89	270	99.26	2	0.74	272	0.33
Nathalia	No	324	26.15	915	73.85	1239	99.28	9	0.72	1248	1.53
Numurkah	No	654	25.61	1900	74.39	2554	98.88	29	1.12	2583	3.17
Orrvale	No	102	28.81	252	71.19	354	99.16	3	0.84	357	0.44
Picola	No	51	25.00	153	75.00	204	99.51	1	0.49	205	0.25
Pine Lodge	No	23	25.27	68	74.73	91	100.00	0	0.00	91
	0.11
Pyramid Hill	No	143	28.26	363	71.74	506	99.22	4	0.78	510
	0.63
Quambatook	No	59	23.89	188	76.11	247	98.02	5	1.98	252	0.31
Rochester	No	612	28.36	1546	71.64	2158	99.04	21	0.96	2179	2.67
Rushworth	No	294	28.97	721	71.03	1015	98.74	13	1.26	1028	1.26
Serpentine	No	66	33.17	133	66.83	199	100.00	0	0.00	199
	0.24
Shepparton	No	97	27.09	261	72.91	358	98.08	7	1.92	365	0.45
Shepparton Central	No	122	32.80	250	67.20	372	98.94	4	1.06
	376	0.46
Shepparton East	No	207	32.86	423	67.14	630	99.21	5	0.79	635
	0.78
Shepparton North	No	734	33.55	1454	66.45	2188	99.45	12	0.55	2200
	2.70
Shepparton South	No	849	32.70	1747	67.30	2596	98.90	29	1.10	2625
	3.22
Stanhope	No	198	25.22	587	74.78	785	99.62	3	0.38	788	0.97
Strathmerton	No	142	21.55	517	78.45	659	98.95	7	1.05	666
	0.82
Tallygaroopna	No	82	21.35	302	78.65	384	99.74	1	0.26	385
	0.47
Tatura	No	824	34.01	1599	65.99	2423	98.74	31	1.26	2454	3.01
Tennyson	No	29	24.17	91	75.83	120	98.36	2	1.64	122	0.15
Tongala	No	285	24.91	859	75.09	1144	99.22	9	0.78	1153	1.41
Toolamba	No	129	33.25	259	66.75	388	98.98	4	1.02	392	0.48
Toolleen	No	47	35.61	85	64.39	132	99.25	1	0.75	133	0.16
Torrumbarry	No	76	32.48	158	67.52	234	99.15	2	0.85	236	0.29
Undera	No	75	22.59	257	77.41	332	99.40	2	0.60	334	0.41
Waaia	No	63	20.19	249	79.81	312	99.68	1	0.32	313	0.38
Wanganui	No	353	32.75	725	67.25	1078	99.54	5	0.46	1083	1.33
Wilmot Road	No	1152	32.12	2435	67.88	3587	98.90	40	1.10	3627	4.45
Wunghnu	No	65	24.44	201	75.56	266	99.63	1	0.37	267	0.33
Wyuna	No	57	25.56	166	74.44	223	99.55	1	0.45	224	0.27
Yarrawalla South	No	33	30.00	77	70.00	110	100.00	0	0.00
	110	0.13
Yarroweyah	No	126	27.94	325	72.06	451	99.56	2	0.44	453	0.56
Yielima	No	20	17.54	94	82.46	114	100.00	0	0.00	114
	0.14
Special Hospitals	No	167	23.65	539	76.35	706	97.92	15	2.08	721
	0.88
Total Ordinary	No	20982	29.70	49655	70.30	70637	99.21	559	0.79	71196
	87.30
ABSENT	No	1935	43.06	2559	56.94	4494	99.67	15	0.33	4509	5.53
POSTAL	No	424	22.05	1499	77.95	1923	99.43	11	0.57	1934	2.37
PRE_POLL	No	1237	34.67	2331	65.33	3568	99.55	16	0.45	3584	4.39
PROVISIONAL	No	97	29.94	227	70.06	324	99.39	2	0.61	326	0.40
Division Summary	No	24675	30.48	56271	69.52	80946	99.26	603	0.74	81549
	96.06
