Referendum: 6 November 1999									
		
Referendum Results										
	
By Division by Polling Place									
		

"A proposed law for the Alteration of the Constitution, entitled"			
								
   the Constitutional Alteration (Preamble) 1999					
						
											
											
Queensland											
Fairfax (78319)											

		Yes		No		Formal		Informal		Total	
Polling Place		                                                             
Votes	%	Votes	%	Votes	%	Votes	%	Votes	%
Amamoor	No	78	19.07	331	80.93	409	99.76	1	0.24	410	0.55
Bli Bli	No	798	31.63	1725	68.37	2523	99.49	13	0.51	2536	3.42
Boreen Point	No	105	34.09	203	65.91	308	98.09	6	1.91	314
	0.42
Brisbane City (Fairfax)	No	42	46.67	48	53.33	90	96.77	3	3.23	93
	0.13
Burnside	No	514	29.56	1225	70.44	1739	99.26	13	0.74	1752	2.36
Chatsworth	No	103	22.74	350	77.26	453	99.56	2	0.44	455	0.61
Coolum	No	145	43.03	192	56.97	337	99.41	2	0.59	339	0.46
Coolum Beach	No	1649	41.64	2311	58.36	3960	98.98	41	1.02	4001
	5.40
Cooran	No	206	32.85	421	67.15	627	99.68	2	0.32	629	0.85
Cooroy	No	947	31.63	2047	68.37	2994	99.17	25	0.83	3019	4.07
Deep Creek	No	96	26.02	273	73.98	369	98.14	7	1.86	376	0.51
Eumundi	No	648	34.16	1249	65.84	1897	98.91	21	1.09	1918	2.59
Federal	No	52	24.19	163	75.81	215	99.54	1	0.46	216	0.29
Goomboorian	No	109	21.54	397	78.46	506	99.80	1	0.20	507	0.68
Gympie City	No	535	26.58	1478	73.42	2013	99.55	9	0.45	2022	2.73
Gympie High School	No	371	24.08	1170	75.92	1541	99.16	13	0.84
	1554	2.10
Gympie North	No	452	23.98	1433	76.02	1885	99.16	16	0.84	1901
	2.57
Gympie South Side	No	597	26.52	1654	73.48	2251	98.77	28	1.23	2279
	3.08
Gympie West	No	255	24.12	802	75.88	1057	99.25	8	0.75	1065	1.44
Imbil	No	161	20.67	618	79.33	779	99.49	4	0.51	783	1.06
Jones Hill	No	263	28.62	656	71.38	919	99.46	5	0.54	924	1.25
Kandanga	No	89	20.18	352	79.82	441	100.00	0	0.00	441
	0.60
Kenilworth	No	135	21.92	481	78.08	616	99.35	4	0.65	620	0.84
Kin Kin	No	89	26.49	247	73.51	336	99.41	2	0.59	338	0.46
Kureelpa	No	161	34.40	307	65.60	468	99.57	2	0.43	470	0.63
Kybong	No	96	26.82	262	73.18	358	98.90	4	1.10	362	0.49
Lake Cooroibah	No	24	34.29	46	65.71	70	100.00	0	0.00	70
	0.09
Mapleton	No	364	35.31	667	64.69	1031	99.04	10	0.96	1041	1.40
Monkland	No	181	26.93	491	73.07	672	99.56	3	0.44	675	0.91
Montville (Fairfax)	No	213	39.74	323	60.26	536	99.63	2	0.37
	538	0.73
Mothar Mountain	No	45	20.55	174	79.45	219	99.55	1	0.45	220
	0.30
Mount Coolum	No	378	36.35	662	63.65	1040	98.95	11	1.05	1051
	1.42
Mudjimba	No	336	34.60	635	65.40	971	99.59	4	0.41	975	1.32
Nambour	No	654	28.72	1623	71.28	2277	99.17	19	0.83	2296	3.10
Nambour Heights	No	246	27.36	653	72.64	899	99.78	2	0.22	901
	1.22
Nambour Hospital	No	318	34.87	594	65.13	912	99.02	9	0.98	921
	1.24
Nambour South	No	402	31.48	875	68.52	1277	99.38	8	0.62	1285
	1.73
Noosa Heads	No	1481	42.22	2027	57.78	3508	99.10	32	0.90	3540	4.78
Noosaville	No	1255	40.75	1825	59.25	3080	99.07	29	0.93	3109	4.20
Noosaville East	No	503	40.86	728	59.14	1231	99.11	11	0.89	1242
	1.68
Noosaville West	No	471	32.57	975	67.43	1446	99.59	6	0.41	1452
	1.96
North Arm	No	66	28.82	163	71.18	229	99.13	2	0.87	231	0.31
Pacific Paradise	No	442	28.55	1106	71.45	1548	99.10	14	0.90	1562
	2.11
Peregian Beach	No	699	41.78	974	58.22	1673	99.23	13	0.77	1686
	2.27
Pie Creek	No	76	21.84	272	78.16	348	99.43	2	0.57	350	0.47
Pomona	No	439	32.42	915	67.58	1354	99.41	8	0.59	1362	1.84
Tewantin	No	1499	34.31	2870	65.69	4369	99.07	41	0.93	4410	5.95
Veteran	No	76	24.84	230	75.16	306	99.35	2	0.65	308	0.42
Wolvi	No	81	28.12	207	71.88	288	99.65	1	0.35	289	0.39
Yandina	No	746	29.35	1796	70.65	2542	99.06	24	0.94	2566	3.46
Special Hospitals	No	212	30.99	472	69.01	684	97.02	21	2.98	705
	0.95
Total Ordinary	No	19903	32.31	41698	67.69	61601	99.18	508	0.82	62109
	83.81
ABSENT	No	1808	34.50	3433	65.50	5241	99.32	36	0.68	5277	7.12
POSTAL	No	698	28.94	1714	71.06	2412	99.55	11	0.45	2423	3.27
PRE_POLL	No	1403	36.54	2437	63.46	3840	99.59	16	0.41	3856	5.20
PROVISIONAL	No	152	34.62	287	65.38	439	98.43	7	1.57	446	0.60
Division Summary	No	23964	32.59	49569	67.41	73533	99.22	578	0.78	74111
	94.63
