Referendum: 6 November 1999									
		
Referendum Results										
	
By Division by Polling Place									
		

"A proposed law for the Alteration of the Constitution, entitled"			
								
   the Constitutional Alteration (Establishment of Republic) 1999			
								
											
											
Tasmania											
Franklin (65693)											

		Yes		No		Formal		Informal		Total	
Polling Place		Votes	%	Votes	%	Votes	%	Votes	%	Votes	%
Adventure Bay	No	65	47.79	71	52.21	136	100.00	0	0.00
	136	0.21
Alonnah	No	98	47.57	108	52.43	206	100.00	0	0.00	206
	0.33
Barnes Bay	No	50	42.37	68	57.63	118	98.33	2	1.67	120	0.19
Bellerive	No	1446	49.78	1459	50.22	2905	99.01	29	0.99	2934	4.63
Blackmans Bay	Yes	1457	53.02	1291	46.98	2748	99.42	16	0.58	2764
	4.36
Bligh	No	307	32.83	628	67.17	935	99.15	8	0.85	943	1.49
Bridgewater	No	668	28.41	1683	71.59	2351	98.66	32	1.34	2383	3.76
Cambridge	No	437	48.39	466	51.61	903	99.56	4	0.44	907	1.43
Clarendon Vale	No	212	28.38	535	71.62	747	99.07	7	0.93	754
	1.19
Cradoc	No	103	41.20	147	58.80	250	99.21	2	0.79	252	0.40
Cygnet	No	671	42.85	895	57.15	1566	98.93	17	1.07	1583	2.50
Dover	No	190	34.80	356	65.20	546	98.73	7	1.27	553	0.87
Franklin	No	209	40.50	307	59.50	516	98.66	7	1.34	523	0.83
Gagebrook	No	476	29.40	1143	70.60	1619	98.60	23	1.40	1642	2.59
Geeveston	No	220	31.07	488	68.93	708	99.02	7	0.98	715	1.13
Geilston Bay	Yes	839	52.01	774	47.99	1613	99.02	16	0.98	1629
	2.57
Glen Huon	No	87	35.80	156	64.20	243	99.18	2	0.82	245	0.39
Grove	No	206	38.58	328	61.42	534	99.26	4	0.74	538	0.85
Howden	Yes	149	57.75	109	42.25	258	98.85	3	1.15	261	0.41
Howrah	Yes	1403	50.34	1384	49.66	2787	99.36	18	0.64	2805	4.43
Huonville	No	565	37.32	949	62.68	1514	98.38	25	1.62	1539	2.43
Judbury	No	68	29.82	160	70.18	228	99.56	1	0.44	229	0.36
Kettering	Yes	236	51.30	224	48.70	460	99.35	3	0.65	463	0.73
Kingston	No	1932	49.07	2005	50.93	3937	99.14	34	0.86	3971	6.27
Kingston Beach	Yes	1399	54.16	1184	45.84	2583	99.23	20	0.77	2603
	4.11
Lauderdale	Yes	1269	53.93	1084	46.07	2353	98.91	26	1.09	2379	3.75
Lindisfarne	Yes	1239	51.18	1182	48.82	2421	99.43	14	0.57	2435	3.84
Loatta Road	Yes	899	55.67	716	44.33	1615	99.38	10	0.62	1625	2.56
Margate	No	749	48.54	794	51.46	1543	98.78	19	1.22	1562	2.47
Middleton	No	112	43.75	144	56.25	256	98.84	3	1.16	259	0.41
Montagu Bay	Yes	669	54.39	561	45.61	1230	99.51	6	0.49	1236	1.95
Mornington	No	194	39.75	294	60.25	488	99.39	3	0.61	491	0.77
Opossum Bay	No	75	41.90	104	58.10	179	99.44	1	0.56	180	0.28
Port Huon	No	85	30.80	191	69.20	276	99.64	1	0.36	277	0.44
Ranelagh	No	210	36.46	366	63.54	576	98.80	7	1.20	583	0.92
Risdon Vale	No	548	35.98	975	64.02	1523	98.90	17	1.10	1540	2.43
Rokeby	No	579	34.98	1076	65.02	1655	98.98	17	1.02	1672	2.64
Sandfly	Yes	381	50.20	378	49.80	759	98.32	13	1.68	772	1.22
Sandford	Yes	538	54.23	454	45.77	992	99.50	5	0.50	997	1.57
Seven Mile Beach	Yes	431	58.48	306	41.52	737	99.19	6	0.81	743
	1.17
Snug	No	386	44.16	488	55.84	874	98.87	10	1.13	884	1.40
South Arm	No	216	44.81	266	55.19	482	100.00	0	0.00	482
	0.76
Southport	No	67	45.27	81	54.73	148	100.00	0	0.00	148
	0.23
Strathblane	No	50	42.02	69	57.98	119	100.00	0	0.00	119
	0.19
Surges Bay	No	51	34.00	99	66.00	150	99.34	1	0.66	151	0.24
Tranmere	Yes	954	52.91	849	47.09	1803	99.39	11	0.61	1814	2.86
Warrane	No	580	42.68	779	57.32	1359	99.27	10	0.73	1369	2.16
Wentworth Street	Yes	606	53.11	535	46.89	1141	99.48	6	0.52	1147
	1.81
Woodbridge	Yes	174	53.54	151	46.46	325	99.39	2	0.61	327	0.52
Special Hospitals	No	106	27.97	273	72.03	379	97.18	11	2.82	390
	0.62
Total Ordinary	No	24661	45.84	29133	54.16	53794	99.10	486	0.90	54280
	85.67
ABSENT	Yes	2206	52.52	1994	47.48	4200	99.38	26	0.62	4226	6.67
POSTAL	No	728	36.33	1276	63.67	2004	99.80	4	0.20	2008	3.17
PRE_POLL	Yes	1309	53.58	1134	46.42	2443	99.19	20	0.81	2463	3.89
PROVISIONAL	No	142	36.98	242	63.02	384	99.74	1	0.26	385	0.61
Division Summary	No	29046	46.23	33779	53.77	62825	99.15	537	0.85	63362
	96.45
