Referendum: 6 November 1999									
		
Referendum Results										
	
By Division by Polling Place									
		

"A proposed law for the Alteration of the Constitution, entitled"			
								
   the Constitutional Alteration (Preamble) 1999					
						
											
											
New South Wales											
Paterson (84193)											

		Yes		No		Formal		Informal		Total	
Polling Place		                                                             
Votes	%	Votes	%	Votes	%	Votes	%	Votes	%
Anna Bay	No	858	41.15	1227	58.85	2085	98.96	22	1.04	2107	2.58
Ashtonfield	No	594	44.26	748	55.74	1342	99.55	6	0.45	1348	1.65
Bandon Grove	No	39	31.20	86	68.80	125	100.00	0	0.00
	125	0.15
Barrington	No	106	34.64	200	65.36	306	98.71	4	1.29	310	0.38
Bobs Farm	No	80	30.42	183	69.58	263	99.25	2	0.75	265	0.32
Bolwarra	No	400	40.61	585	59.39	985	99.60	4	0.40	989	1.21
Booral	No	103	24.76	313	75.24	416	98.81	5	1.19	421	0.52
Bulahdelah	No	256	25.47	749	74.53	1005	99.21	8	0.79	1013	1.24
Bungwahl	No	72	32.58	149	67.42	221	99.10	2	0.90	223	0.27
Bunyah	No	10	20.00	40	80.00	50	100.00	0	0.00	50
	0.06
Clarence Town	No	327	34.06	633	65.94	960	99.38	6	0.62	966
	1.18
Coolongolook	No	40	27.78	104	72.22	144	100.00	0	0.00
	144	0.18
Coomba Park	No	88	29.53	210	70.47	298	99.33	2	0.67	300	0.37
Corlette	No	734	45.82	868	54.18	1602	99.75	4	0.25	1606	1.97
Dungog	No	574	33.78	1125	66.22	1699	99.24	13	0.76	1712	2.10
East Maitland	No	319	37.71	527	62.29	846	98.95	9	1.05	855
	1.05
East Maitland Heights	No	531	36.98	905	63.02	1436	99.10	13	0.90
	1449	1.78
East Maitland South	No	720	40.98	1037	59.02	1757	99.32	12	0.68
	1769	2.17
Eastville	No	175	30.28	403	69.72	578	99.83	1	0.17	579	0.71
Fern Bay	No	298	35.90	532	64.10	830	99.05	8	0.95	838	1.03
Fingal Bay	No	389	42.94	517	57.06	906	99.02	9	0.98	915	1.12
Gillieston Heights	No	139	32.63	287	67.37	426	99.07	4	0.93
	430	0.53
Glen William	No	28	26.67	77	73.33	105	100.00	0	0.00
	105	0.13
Gloucester	No	494	27.37	1311	72.63	1805	99.45	10	0.55	1815	2.23
Gloucester Hospital	No	130	32.50	270	67.50	400	99.75	1	0.25
	401	0.49
Grahamstown	No	263	36.89	450	63.11	713	99.17	6	0.83	719	0.88
Gresford	No	211	36.95	360	63.05	571	99.30	4	0.70	575	0.71
Hawks Nest	No	364	41.89	505	58.11	869	99.20	7	0.80	876	1.07
Hinton	No	179	33.27	359	66.73	538	99.63	2	0.37	540	0.66
Karuah	No	299	33.60	591	66.40	890	99.66	3	0.34	893	1.09
Largs	No	282	39.06	440	60.94	722	99.45	4	0.55	726	0.89
Lemon Tree Passage	No	464	37.91	760	62.09	1224	99.27	9	0.73
	1233	1.51
Lorn	No	530	43.19	697	56.81	1227	99.35	8	0.65	1235	1.51
Maitland	No	198	33.73	389	66.27	587	98.49	9	1.51	596	0.73
Maitland Grossmann High	No	94	30.42	215	69.58	309	98.10	6	1.90
	315	0.39
Maitland High	No	432	38.68	685	61.32	1117	99.47	6	0.53	1123
	1.38
Maitland Hospital	No	222	38.21	359	61.79	581	99.15	5	0.85	586
	0.72
Maitland West	No	370	35.20	681	64.80	1051	98.41	17	1.59	1068
	1.31
Mallabula	No	211	36.82	362	63.18	573	99.65	2	0.35	575	0.71
Martins Creek	No	56	26.29	157	73.71	213	100.00	0	0.00
	213	0.26
Medowie	No	595	37.21	1004	62.79	1599	99.13	14	0.87	1613	1.98
Metford	No	651	34.52	1235	65.48	1886	98.64	26	1.36	1912	2.34
Millers Forest	No	92	33.95	179	66.05	271	98.91	3	1.09	274
	0.34
Morpeth	No	340	35.53	617	64.47	957	99.38	6	0.62	963	1.18
Mount Kanwary	No	51	28.02	131	71.98	182	99.45	1	0.55	183
	0.22
Nelson Bay	No	496	42.39	674	57.61	1170	98.65	16	1.35	1186	1.45
Nelson Bay Central	No	430	47.10	483	52.90	913	99.67	3	0.33
	916	1.12
Nelson Bay East	No	153	39.13	238	60.87	391	99.49	2	0.51	393
	0.48
Nelson Bay West	No	189	45.43	227	54.57	416	99.05	4	0.95	420
	0.51
North Arm Cove	No	90	34.75	169	65.25	259	100.00	0	0.00
	259	0.32
Pacific Palms	No	360	39.39	554	60.61	914	98.49	14	1.51	928
	1.14
Paterson	No	149	33.11	301	66.89	450	99.34	3	0.66	453	0.56
Raymond Terrace	No	585	36.07	1037	63.93	1622	98.66	22	1.34	1644
	2.02
Raymond Terrace Central	No	573	34.79	1074	65.21	1647	98.98	17	1.02
	1664	2.04
Raymond Terrace East	No	570	39.04	890	60.96	1460	99.39	9	0.61
	1469	1.80
Raymond Terrace North	No	488	33.96	949	66.04	1437	99.10	13	0.90
	1450	1.78
Rookhurst	No	24	24.74	73	75.26	97	98.98	1	1.02	98	0.12
Rutherford	No	479	32.04	1016	67.96	1495	99.20	12	0.80	1507	1.85
Rutherford North	No	796	33.18	1603	66.82	2399	98.60	34	1.40	2433
	2.98
Rutherford West	No	186	31.42	406	68.58	592	98.67	8	1.33	600
	0.74
Salamander	No	373	44.14	472	55.86	845	99.29	6	0.71	851	1.04
Salamander Bay	No	658	40.97	948	59.03	1606	99.14	14	0.86	1620
	1.99
Salisbury	No	15	20.55	58	79.45	73	98.65	1	1.35	74	0.09
Salt Ash	No	240	36.47	418	63.53	658	99.70	2	0.30	660	0.81
Seaham	No	363	39.85	548	60.15	911	99.13	8	0.87	919	1.13
Shoal Bay	No	384	43.74	494	56.26	878	98.99	9	1.01	887	1.09
Soldiers Point	Yes	485	57.40	360	42.60	845	99.06	8	0.94	853
	1.05
Stratford	No	51	27.72	133	72.28	184	98.92	2	1.08	186	0.23
Stroud	No	141	28.37	356	71.63	497	99.80	1	0.20	498	0.61
Stroud Road	No	58	32.40	121	67.60	179	100.00	0	0.00	179
	0.22
Sydney (Paterson)	No	15	35.71	27	64.29	42	100.00	0	0.00	42
	0.05
Tanilba Bay	No	518	34.74	973	65.26	1491	99.60	6	0.40	1497	1.84
Tea Gardens	No	338	39.26	523	60.74	861	99.54	4	0.46	865	1.06
Telarah	No	450	29.59	1071	70.41	1521	98.77	19	1.23	1540	1.89
Tenambit	Yes	1491	66.03	767	33.97	2258	98.90	25	1.10	2283	2.80
Tomago	No	29	25.44	85	74.56	114	100.00	0	0.00	114
	0.14
Vacy	No	109	27.18	292	72.82	401	99.75	1	0.25	402	0.49
Wallarobba	No	48	35.29	88	64.71	136	100.00	0	0.00	136
	0.17
Wards River	No	37	32.46	77	67.54	114	100.00	0	0.00	114
	0.14
Williamtown	No	212	31.36	464	68.64	676	99.27	5	0.73	681	0.83
Wirreanda Medowie	No	654	38.13	1061	61.87	1715	99.08	16	0.92	1731
	2.12
Woodville	No	170	40.19	253	59.81	423	98.83	5	1.17	428	0.52
Wootton	No	40	38.83	63	61.17	103	98.10	2	1.90	105	0.13
Special Hospitals	No	146	41.13	209	58.87	355	96.73	12	3.27	367
	0.45
Total Ordinary	No	26001	37.78	42817	62.22	68818	99.15	587	0.85	69405
	85.10
ABSENT	No	2203	45.46	2643	54.54	4846	99.30	34	0.70	4880	5.98
POSTAL	No	926	33.06	1875	66.94	2801	99.54	13	0.46	2814	3.45
PRE_POLL	No	1555	37.25	2620	62.75	4175	99.57	18	0.43	4193	5.14
PROVISIONAL	No	103	39.31	159	60.69	262	98.87	3	1.13	265	0.32
Division Summary	No	30788	38.06	50114	61.94	80902	99.20	655	0.80	81557
	96.87
