Referendum: 6 November 1999									
		
Referendum Results										
	
By Division by Polling Place									
		

"A proposed law for the Alteration of the Constitution, entitled"			
								
   the Constitutional Alteration (Establishment of Republic) 1999			
								
											
											
Western Australia											
Stirling (86621)											

		Yes		No		Formal		Informal		Total	
Division		Votes	%	Votes	%	Votes	%	Votes	%	Votes	%
Balcatta	No	781	48.84	818	51.16	1599	98.34	27	1.66	1626	1.98
Balcatta Central	Yes	1856	54.17	1570	45.83	3426	98.34	58	1.66	3484
	4.23
Balcatta East	No	165	41.15	236	58.85	401	99.01	4	0.99	405
	0.49
Balcatta North	Yes	1157	50.97	1113	49.03	2270	98.44	36	1.56	2306
	2.80
Balga	No	812	33.03	1646	66.97	2458	98.99	25	1.01	2483	3.02
Balga North	No	658	35.88	1176	64.12	1834	98.39	30	1.61	1864	2.26
Carine	Yes	1800	53.41	1570	46.59	3370	99.59	14	0.41	3384	4.11
Deanmore	Yes	758	53.95	647	46.05	1405	99.01	14	0.99	1419	1.72
Dianella Heights	Yes	879	51.05	843	48.95	1722	99.31	12	0.69	1734
	2.11
Dianella West	No	724	47.57	798	52.43	1522	99.28	11	0.72	1533
	1.86
Doubleview (Stirling)	Yes	1154	52.62	1039	47.38	2193	99.32	15	0.68
	2208	2.68
Doubleview North	No	965	48.30	1033	51.70	1998	99.21	16	0.79	2014
	2.45
Duncraig East (Stirling)	Yes	143	50.18	142	49.82	285	99.65	1
	0.35	286	0.35
Hamersley	No	984	46.07	1152	53.93	2136	99.03	21	0.97	2157	2.62
Hamersley East	No	510	49.09	529	50.91	1039	98.86	12	1.14	1051
	1.28
Innaloo North	No	1188	46.21	1383	53.79	2571	98.73	33	1.27	2604
	3.16
Karrinyup	Yes	1262	51.07	1209	48.93	2471	99.04	24	0.96	2495	3.03
Lake Gwelup	Yes	992	52.24	907	47.76	1899	98.91	21	1.09	1920	2.33
Marmion	Yes	885	52.68	795	47.32	1680	99.29	12	0.71	1692	2.06
Mirrabooka	Yes	1197	50.40	1178	49.60	2375	99.21	19	0.79	2394	2.91
Mirrabooka Central	No	707	40.70	1030	59.30	1737	98.81	21	1.19
	1758	2.14
Mirrabooka East	No	750	43.60	970	56.40	1720	98.62	24	1.38	1744
	2.12
Nollamara	No	846	39.91	1274	60.09	2120	98.60	30	1.40	2150	2.61
Nollamara North	No	252	41.52	355	58.48	607	99.18	5	0.82	612
	0.74
Noranda West (Stirling)	Yes	730	53.36	638	46.64	1368	98.77	17	1.23
	1385	1.68
North Beach	Yes	1052	52.39	956	47.61	2008	99.16	17	0.84	2025	2.46
North Beach Central	No	374	48.01	405	51.99	779	100.00	0
	0.00	779	0.95
Osborne	No	935	48.45	995	51.55	1930	98.37	32	1.63	1962	2.38
Osborne East	No	296	47.28	330	52.72	626	99.05	6	0.95	632
	0.77
Osborne Park	Yes	429	51.44	405	48.56	834	98.23	15	1.77	849
	1.03
Perth (Stirling)	Yes	101	51.01	97	48.99	198	97.54	5	2.46	203
	0.25
Rottnest (Stirling)	Yes	60	54.55	50	45.45	110	100.00	0
	0.00	110	0.13
Scarborough	Yes	421	50.78	408	49.22	829	99.64	3	0.36	832	1.01
Scarborough Central (Stirling)	No	510	48.90	533	51.10	1043	98.96	11
	1.04	1054	1.28
Sorrento (Stirling)	Yes	473	53.75	407	46.25	880	98.65	12	1.35
	892	1.08
Sorrento Beach (Stirling)	Yes	696	52.77	623	47.23	1319	99.77	3
	0.23	1322	1.61
Trigg	Yes	546	53.37	477	46.63	1023	99.42	6	0.58	1029	1.25
Tuart Hill	Yes	1255	50.50	1230	49.50	2485	98.49	38	1.51	2523	3.07
Westminster	No	915	42.38	1244	57.62	2159	98.18	40	1.82	2199	2.67
Yokine	No	718	48.12	774	51.88	1492	99.20	12	0.80	1504	1.83
Yokine North	No	749	48.92	782	51.08	1531	98.97	16	1.03	1547
	1.88
Yokine West	No	685	46.92	775	53.08	1460	98.92	16	1.08	1476	1.79
Special Hospitals	No	162	34.84	303	65.16	465	99.36	3	0.64	468
	0.57
Total Ordinary	No	32532	48.28	34845	51.72	67377	98.92	737	1.08	68114
	82.76
ABSENT	No	3760	47.75	4114	52.25	7874	99.24	60	0.76	7934	9.64
POSTAL	Yes	1065	56.32	826	43.68	1891	99.47	10	0.53	1901	2.31
PRE_POLL	No	1754	49.34	1801	50.66	3555	99.41	21	0.59	3576	4.34
PROVISIONAL	No	337	43.65	435	56.35	772	99.10	7	0.90	779	0.95
Division Summary	No	39448	48.42	42021	51.58	81469	98.99	835	1.01	82304
	95.02
