Referendum: 6 November 1999									
		
Referendum Results										
	
By Division by Polling Place									
		

"A proposed law for the Alteration of the Constitution, entitled"			
								
   the Constitutional Alteration (Establishment of Republic) 1999			
								
											
											
Victoria											
La Trobe (83193)											

		Yes		No		Formal		Informal		Total	
Polling Place		Votes	%	Votes	%	Votes	%	Votes	%	Votes	%
Bayswater East	No	321	46.59	368	53.41	689	98.99	7	1.01	696
	0.88
Beaconsfield	No	551	42.22	754	57.78	1305	99.09	12	0.91	1317
	1.66
Beaconsfield Upper	No	786	49.97	787	50.03	1573	99.24	12	0.76
	1585	2.00
Belgrave	Yes	816	55.14	664	44.86	1480	98.80	18	1.20	1498	1.89
Belgrave South	Yes	1178	53.52	1023	46.48	2201	99.28	16	0.72	2217
	2.79
Berwick	No	2298	47.76	2514	52.24	4812	99.32	33	0.68	4845	6.10
Berwick Lodge	No	796	46.60	912	53.40	1708	99.30	12	0.70	1720
	2.17
Berwick South	No	1164	45.17	1413	54.83	2577	98.93	28	1.07	2605
	3.28
Boronia	No	1087	46.10	1271	53.90	2358	98.95	25	1.05	2383	3.00
Boronia Central	No	438	44.88	538	55.12	976	99.09	9	0.91	985
	1.24
Boronia East	No	923	47.48	1021	52.52	1944	99.03	19	0.97	1963
	2.47
Boronia North	No	1142	44.82	1406	55.18	2548	98.80	31	1.20	2579
	3.25
Clematis	No	149	49.50	152	50.50	301	100.00	0	0.00	301
	0.38
Cockatoo	No	874	45.64	1041	54.36	1915	99.53	9	0.47	1924	2.42
Emerald	Yes	1859	54.20	1571	45.80	3430	99.16	29	0.84	3459	4.35
Fairhills	No	1040	47.36	1156	52.64	2196	98.83	26	1.17	2222	2.80
Ferntree Gully	Yes	725	50.95	698	49.05	1423	99.30	10	0.70	1433
	1.80
Ferntree Gully North	No	1152	47.27	1285	52.73	2437	99.15	21	0.85
	2458	3.09
Ferntree Gully Upper	Yes	918	53.37	802	46.63	1720	98.68	23	1.32
	1743	2.19
Ferntree Gully West	No	1295	44.95	1586	55.05	2881	99.28	21	0.72
	2902	3.65
Ferny Creek	Yes	470	58.82	329	41.18	799	99.63	3	0.37	802	1.01
Gembrook	No	438	47.10	492	52.90	930	98.94	10	1.06	940	1.18
Hallam Valley	No	1037	45.13	1261	54.87	2298	98.80	28	1.20	2326
	2.93
Harkaway	Yes	290	51.79	270	48.21	560	98.77	7	1.23	567	0.71
Kallista (La Trobe)	Yes	129	59.45	88	40.55	217	98.64	3	1.36
	220	0.28
Macclesfield	No	306	47.22	342	52.78	648	99.54	3	0.46	651
	0.82
Melbourne (La Trobe)	Yes	40	60.61	26	39.39	66	97.06	2	2.94	68
	0.09
Menzies Creek	Yes	279	55.91	220	44.09	499	99.40	3	0.60	502
	0.63
Mount Dandenong (La Trobe)	Yes	255	53.68	220	46.32	475	100.00	0
	0.00	475	0.60
Narre Warren (La Trobe)	No	948	42.76	1269	57.24	2217	99.11	20	0.89
	2237	2.82
Narre Warren East	Yes	189	55.43	152	44.57	341	99.42	2	0.58	343
	0.43
Narre Warren North	No	432	47.21	483	52.79	915	99.24	7	0.76
	922	1.16
Oatlands	No	926	45.50	1109	54.50	2035	98.74	26	1.26	2061	2.59
Officer	No	219	34.38	418	65.62	637	99.22	5	0.78	642	0.81
Olinda	Yes	308	55.70	245	44.30	553	99.28	4	0.72	557	0.70
Pakenham Upper (La Trobe)	No	68	39.08	106	60.92	174	98.86	2
	1.14	176	0.22
Sassafras	Yes	416	59.01	289	40.99	705	99.30	5	0.70	710	0.89
Selby	Yes	511	59.01	355	40.99	866	99.08	8	0.92	874	1.10
Tecoma	Yes	928	54.52	774	45.48	1702	98.72	22	1.28	1724	2.17
The Basin	Yes	1371	50.99	1318	49.01	2689	99.19	22	0.81	2711	3.41
Timbarra	No	1208	48.05	1306	51.95	2514	99.02	25	0.98	2539	3.20
Upwey	Yes	2055	55.21	1667	44.79	3722	99.07	35	0.93	3757	4.73
Special Hospitals	No	161	29.33	388	70.67	549	98.92	6	1.08	555
	0.70
Total Ordinary	No	32496	48.80	34089	51.20	66585	99.09	609	0.91	67194
	84.59
ABSENT	No	3229	49.06	3353	50.94	6582	99.07	62	0.93	6644	8.36
POSTAL	No	867	38.48	1386	61.52	2253	99.38	14	0.62	2267	2.85
PRE_POLL	No	1373	45.90	1618	54.10	2991	99.50	15	0.50	3006	3.78
PROVISIONAL	No	151	47.34	168	52.66	319	99.07	3	0.93	322	0.41
Division Summary	No	38116	48.41	40614	51.59	78730	99.11	703	0.89	79433
	95.48
