Referendum: 6 November 1999									
		
Referendum Results										
	
By Division by Polling Place									
		

"A proposed law for the Alteration of the Constitution, entitled"			
								
   the Constitutional Alteration (Preamble) 1999					
						
											
											
Tasmania											
Denison (66578)											

		Yes		No		Formal		Informal		Total	
Polling Place		                                                             
Votes	%	Votes	%	Votes	%	Votes	%	Votes	%
Abbotsfield	No	587	34.13	1133	65.87	1720	98.40	28	1.60	1748	2.74
Albuera	No	256	45.71	304	54.29	560	99.47	3	0.53	563	0.88
Austins Ferry	No	544	36.88	931	63.12	1475	99.19	12	0.81	1487
	2.33
Battery Point	No	522	45.16	634	54.84	1156	99.23	9	0.77	1165
	1.83
Bowen Road	No	595	39.20	923	60.80	1518	98.51	23	1.49	1541	2.42
Brent Street	No	328	38.18	531	61.82	859	98.62	12	1.38	871
	1.37
Cascades	No	279	46.97	315	53.03	594	99.00	6	1.00	600	0.94
Chigwell	No	543	32.40	1133	67.60	1676	98.94	18	1.06	1694	2.66
Claremont	No	587	35.95	1046	64.05	1633	98.61	23	1.39	1656	2.60
Collinsvale	No	126	37.84	207	62.16	333	98.52	5	1.48	338	0.53
Cornelian Bay	No	251	46.06	294	53.94	545	99.82	1	0.18	546
	0.86
Cosgrove	No	271	37.53	451	62.47	722	99.31	5	0.69	727	1.14
Creek Road	No	592	46.50	681	53.50	1273	98.30	22	1.70	1295	2.03
Cross Street	No	819	45.63	976	54.37	1795	98.57	26	1.43	1821
	2.85
Dynnyrne	No	550	49.19	568	50.81	1118	99.47	6	0.53	1124	1.76
Elizabeth Street	No	363	44.11	460	55.89	823	98.80	10	1.20	833
	1.31
Elwick	No	149	35.06	276	64.94	425	98.15	8	1.85	433	0.68
Fern Tree	No	192	46.38	222	53.62	414	98.81	5	1.19	419	0.66
Glenorchy	No	1005	35.35	1838	64.65	2843	98.61	40	1.39	2883	4.52
Glenorchy East	No	853	37.91	1397	62.09	2250	98.60	32	1.40	2282
	3.58
Goodwood	No	294	30.09	683	69.91	977	98.99	10	1.01	987	1.55
Hill Street	No	195	47.45	216	52.55	411	99.28	3	0.72	414	0.65
Hobart	No	318	46.97	359	53.03	677	98.26	12	1.74	689	1.08
Hobart Central	No	79	40.31	117	59.69	196	98.99	2	1.01	198
	0.31
Hobart North	No	316	48.62	334	51.38	650	98.63	9	1.37	659
	1.03
Hobart South	No	758	45.28	916	54.72	1674	99.41	10	0.59	1684
	2.64
Hobart West	No	424	44.49	529	55.51	953	99.27	7	0.73	960	1.50
Lansdowne Crescent	Yes	483	52.56	436	47.44	919	99.03	9	0.97
	928	1.45
Lenah Valley	No	811	48.88	848	51.12	1659	99.22	13	0.78	1672
	2.62
Lower Sandy Bay	No	1018	49.32	1046	50.68	2064	99.57	9	0.43	2073
	3.25
Lutana	No	364	31.68	785	68.32	1149	99.48	6	0.52	1155	1.81
Montrose	No	179	35.66	323	64.34	502	99.41	3	0.59	505	0.79
Moonah	No	967	44.32	1215	55.68	2182	98.91	24	1.09	2206	3.46
Moonah North	No	356	38.61	566	61.39	922	98.19	17	1.81	939
	1.47
Mount Nelson	No	513	48.31	549	51.69	1062	98.88	12	1.12	1074
	1.68
Mount Stuart	No	326	45.03	398	54.97	724	99.72	2	0.28	726
	1.14
Newdegate	No	489	43.16	644	56.84	1133	99.65	4	0.35	1137	1.78
New Town	Yes	487	51.10	466	48.90	953	99.48	5	0.52	958	1.50
Queenborough	No	256	46.21	298	53.79	554	99.11	5	0.89	559
	0.88
Roseneath	No	82	28.28	208	71.72	290	98.31	5	1.69	295	0.46
Rosetta	No	361	42.27	493	57.73	854	98.73	11	1.27	865	1.36
St Johns Park	No	137	44.48	171	55.52	308	99.35	2	0.65	310
	0.49
St Peters	No	176	45.60	210	54.40	386	99.48	2	0.52	388	0.61
Sandy Bay	No	832	49.26	857	50.74	1689	99.00	17	1.00	1706	2.67
Sandy Bay Beach	No	439	48.56	465	51.44	904	99.12	8	0.88	912
	1.43
Swan	No	273	47.64	300	52.36	573	98.79	7	1.21	580	0.91
Taroona	No	684	48.89	715	51.11	1399	99.29	10	0.71	1409	2.21
Tolosa	No	577	36.45	1006	63.55	1583	98.08	31	1.92	1614	2.53
Waimea Heights	Yes	383	53.64	331	46.36	714	99.86	1	0.14	715
	1.12
Windermere	No	359	34.32	687	65.68	1046	98.22	19	1.78	1065	1.67
Special Hospitals	No	244	42.96	324	57.04	568	95.30	28	4.70	596
	0.93
Total Ordinary	No	22592	42.30	30815	57.70	53407	98.89	597	1.11	54004
	84.65
ABSENT	No	1303	40.83	1888	59.17	3191	99.41	19	0.59	3210	5.03
POSTAL	No	839	35.21	1544	64.79	2383	99.37	15	0.63	2398	3.76
PRE_POLL	No	1613	46.93	1824	53.07	3437	99.31	24	0.69	3461	5.43
PROVISIONAL	No	299	41.82	416	58.18	715	99.17	6	0.83	721	1.13
Division Summary	No	26646	42.21	36487	57.79	63133	98.96	661	1.04	63794
	95.82
