Referendum: 6 November 1999									
		
Referendum Results										
	
By Division by Polling Place									
		

"A proposed law for the Alteration of the Constitution, entitled"			
								
   the Constitutional Alteration (Preamble) 1999					
						
											
											
Western Australia											
Perth (86072)											

		Yes		No		Formal		Informal		Total	
Polling Place		                                                             
Votes	%	Votes	%	Votes	%	Votes	%	Votes	%
Alexander Park	No	292	34.23	561	65.77	853	98.96	9	1.04	862
	1.05
Ashfield	No	293	28.98	718	71.02	1011	99.21	8	0.79	1019	1.25
Bassendean	No	730	35.32	1337	64.68	2067	98.71	27	1.29	2094	2.56
Bassendean South	No	866	34.95	1612	65.05	2478	98.80	30	1.20	2508
	3.07
Bayswater	No	1118	38.70	1771	61.30	2889	98.94	31	1.06	2920	3.57
Bedford Park	No	476	37.30	800	62.70	1276	99.07	12	0.93	1288
	1.57
Bedford West	No	423	40.95	610	59.05	1033	99.33	7	0.67	1040
	1.27
Beechboro	No	684	35.76	1229	64.24	1913	98.97	20	1.03	1933	2.36
Beechboro East	No	611	30.38	1400	69.62	2011	98.82	24	1.18	2035
	2.49
Beechboro West (Perth)	No	555	36.83	952	63.17	1507	98.69	20	1.31
	1527	1.87
Bellevue (Perth)	No	178	25.99	507	74.01	685	99.13	6	0.87	691
	0.84
Caversham	No	200	33.61	395	66.39	595	99.33	4	0.67	599	0.73
Coolbinia	No	423	45.93	498	54.07	921	99.03	9	0.97	930	1.14
Dianella	No	341	38.31	549	61.69	890	99.00	9	1.00	899	1.10
Dianella Central	No	702	36.81	1205	63.19	1907	99.12	17	0.88	1924
	2.35
Dianella North	No	511	39.80	773	60.20	1284	98.69	17	1.31	1301
	1.59
East Perth	No	268	45.27	324	54.73	592	99.50	3	0.50	595	0.73
Eden Hill	No	950	33.42	1893	66.58	2843	98.72	37	1.28	2880	3.52
Embleton	No	637	34.21	1225	65.79	1862	98.68	25	1.32	1887	2.31
Forrest Park	No	202	41.65	283	58.35	485	98.78	6	1.22	491
	0.60
Guildford (Perth)	No	376	37.34	631	62.66	1007	99.02	10	0.98	1017
	1.24
Hampton	No	1023	38.55	1631	61.45	2654	98.66	36	1.34	2690	3.29
Hampton Park (Perth)	No	522	35.63	943	64.37	1465	98.19	27	1.81
	1492	1.82
Highgate	No	1108	48.85	1160	51.15	2268	98.39	37	1.61	2305	2.82
Hillcrest	No	918	41.35	1302	58.65	2220	98.84	26	1.16	2246	2.75
Inglewood	No	466	41.20	665	58.80	1131	98.95	12	1.05	1143	1.40
Inglewood Brightwater	No	153	42.50	207	57.50	360	99.45	2	0.55
	362	0.44
Inglewood North	No	894	42.31	1219	57.69	2113	99.16	18	0.84	2131
	2.61
Kiara	No	575	39.44	883	60.56	1458	99.18	12	0.82	1470	1.80
Lockridge	No	429	25.77	1236	74.23	1665	98.46	26	1.54	1691	2.07
Maylands	No	1268	41.56	1783	58.44	3051	98.39	50	1.61	3101	3.79
Maylands East	No	525	37.74	866	62.26	1391	99.14	12	0.86	1403
	1.72
Menora	No	155	29.81	365	70.19	520	98.48	8	1.52	528	0.65
Mercy Hospital	No	153	47.66	168	52.34	321	99.07	3	0.93	324
	0.40
Midland (Perth)	No	849	34.14	1638	65.86	2487	98.38	41	1.62	2528
	3.09
Midvale	No	449	30.97	1001	69.03	1450	99.38	9	0.62	1459	1.78
Morley	No	718	38.64	1140	61.36	1858	99.25	14	0.75	1872	2.29
Mount Lawley	No	1187	44.01	1510	55.99	2697	99.63	10	0.37	2707
	3.31
Mount Lawley East	No	341	45.71	405	54.29	746	98.68	10	1.32	756
	0.92
Mount Lawley West	No	275	46.77	313	53.23	588	98.49	9	1.51	597
	0.73
Noranda West (Perth)	No	430	38.05	700	61.95	1130	98.95	12	1.05
	1142	1.40
Northbridge	No	130	45.45	156	54.55	286	98.28	5	1.72	291	0.36
North Perth	No	328	45.18	398	54.82	726	98.11	14	1.89	740	0.90
North Perth Central	No	993	49.18	1026	50.82	2019	97.73	47	2.27
	2066	2.53
Perth (Perth)	No	322	41.28	458	58.72	780	98.48	12	1.52	792
	0.97
Rottnest (Perth)	No	31	46.27	36	53.73	67	100.00	0	0.00	67
	0.08
Royal Perth Hospital	No	94	37.60	156	62.40	250	98.81	3	1.19
	253	0.31
Swan View (Perth)	No	74	25.87	212	74.13	286	99.31	2	0.69	288
	0.35
West Perth (Perth)	Yes	147	52.69	132	47.31	279	97.89	6	2.11
	285	0.35
Special Hospitals	No	201	33.67	396	66.33	597	98.35	10	1.65	607
	0.74
Total Ordinary	No	25594	38.22	41378	61.78	66972	98.81	804	1.19	67776
	82.87
ABSENT	No	2815	37.56	4679	62.44	7494	99.21	60	0.79	7554	9.24
POSTAL	No	763	34.74	1433	65.26	2196	99.05	21	0.95	2217	2.71
PRE_POLL	Yes	1791	56.06	1404	43.94	3195	99.32	22	0.68	3217	3.93
PROVISIONAL	No	409	40.54	600	59.46	1009	98.82	12	1.18	1021	1.25
Division Summary	No	31372	38.80	49494	61.20	80866	98.88	919	1.12	81785
	95.02
