Referendum: 6 November 1999									
		
Referendum Results										
	
By Division by Polling Place									
		

"A proposed law for the Alteration of the Constitution, entitled"			
								
   the Constitutional Alteration (Establishment of Republic) 1999			
								
											
											
New South Wales											
Hume (75872)											

		Yes		No		Formal		Informal		Total	
Polling Place		Votes	%	Votes	%	Votes	%	Votes	%	Votes	%
Adelong	No	222	27.99	571	72.01	793	99.62	3	0.38	796	1.09
Adjungbilly	No	25	35.21	46	64.79	71	100.00	0	0.00	71
	0.10
Ariah Park	No	85	25.00	255	75.00	340	99.71	1	0.29	341	0.47
Barmedman	No	57	21.84	204	78.16	261	100.00	0	0.00	261
	0.36
Batlow	No	305	33.15	615	66.85	920	99.14	8	0.86	928	1.27
Bendick Murrell	No	56	32.94	114	67.06	170	100.00	0	0.00
	170	0.23
Bigga	No	53	28.96	130	71.04	183	98.92	2	1.08	185	0.25
Billimari	No	48	26.82	131	73.18	179	100.00	0	0.00	179
	0.25
Binalong	No	107	35.91	191	64.09	298	98.68	4	1.32	302	0.41
Binda	No	46	26.29	129	73.71	175	100.00	0	0.00	175	0.24
Bookham	No	39	28.26	99	71.74	138	98.57	2	1.43	140	0.19
Boorowa	No	376	36.54	653	63.46	1029	99.61	4	0.39	1033	1.42
Bowning	No	63	30.58	143	69.42	206	99.04	2	0.96	208	0.29
Bradfordville	No	642	41.47	906	58.53	1548	99.36	10	0.64	1558
	2.14
Bribbaree	No	28	16.00	147	84.00	175	98.31	3	1.69	178	0.24
Brungle	No	36	33.03	73	66.97	109	100.00	0	0.00	109
	0.15
Bungonia	No	55	31.25	121	68.75	176	98.32	3	1.68	179	0.25
Cabramurra	Yes	12	66.67	6	33.33	18	100.00	0	0.00	18
	0.02
Caragabal	No	57	35.19	105	64.81	162	99.39	1	0.61	163	0.22
Collector	No	70	47.30	78	52.70	148	100.00	0	0.00	148
	0.20
Coolac	No	62	27.80	161	72.20	223	99.55	1	0.45	224	0.31
Cootamundra	No	858	36.75	1477	63.25	2335	99.07	22	0.93	2357	3.23
Cootamundra High	No	404	37.30	679	62.70	1083	98.99	11	1.01	1094
	1.50
Cootamundra South	No	290	44.48	362	55.52	652	99.39	4	0.61	656
	0.90
Cowra	No	728	27.66	1904	72.34	2632	99.06	25	0.94	2657	3.65
Cowra North	No	681	31.60	1474	68.40	2155	99.17	18	0.83	2173	2.98
Cowra West	No	293	26.14	828	73.86	1121	98.94	12	1.06	1133	1.55
Crookwell	No	552	32.88	1127	67.12	1679	99.64	6	0.36	1685	2.31
Dalton	No	38	20.77	145	79.23	183	97.86	4	2.14	187	0.26
Frogmore	No	19	19.19	80	80.81	99	100.00	0	0.00	99
	0.14
Galong	No	52	37.14	88	62.86	140	99.29	1	0.71	141	0.19
Gooloogong	No	44	18.80	190	81.20	234	99.57	1	0.43	235	0.32
Goulburn	No	811	43.44	1056	56.56	1867	99.10	17	0.90	1884	2.58
Goulburn East	No	275	41.42	389	58.58	664	99.40	4	0.60	668
	0.92
Goulburn High	No	1096	42.41	1488	57.59	2584	99.58	11	0.42	2595
	3.56
Goulburn North	No	650	39.25	1006	60.75	1656	99.28	12	0.72	1668
	2.29
Goulburn South	No	943	36.44	1645	63.56	2588	99.23	20	0.77	2608
	3.58
Goulburn West	No	606	37.06	1029	62.94	1635	99.45	9	0.55	1644
	2.26
Grabben Gullen	No	38	19.69	155	80.31	193	99.48	1	0.52	194
	0.27
Greenethorpe	No	67	28.03	172	71.97	239	97.95	5	2.05	244
	0.33
Grenfell	No	398	22.81	1347	77.19	1745	99.04	17	0.96	1762	2.42
Gundagai	No	400	35.12	739	64.88	1139	98.96	12	1.04	1151	1.58
Gundagai South	No	141	31.47	307	68.53	448	99.33	3	0.67	451
	0.62
Gundaroo	Yes	262	61.65	163	38.35	425	99.07	4	0.93	429	0.59
Gunning	No	183	36.24	322	63.76	505	99.41	3	0.59	508	0.70
Harden	No	382	35.80	685	64.20	1067	99.44	6	0.56	1073	1.47
Humula	No	16	16.49	81	83.51	97	100.00	0	0.00	97
	0.13
Jugiong	No	82	30.26	189	69.74	271	98.91	3	1.09	274	0.38
Koorawatha	No	57	24.78	173	75.22	230	100.00	0	0.00	230
	0.32
Lacmalac	No	39	40.21	58	59.79	97	98.98	1	1.02	98	0.13
Laggan	No	69	29.49	165	70.51	234	100.00	0	0.00	234
	0.32
Maimuru	No	23	31.94	49	68.06	72	100.00	0	0.00	72
	0.10
Marulan	No	146	31.47	318	68.53	464	99.36	3	0.64	467	0.64
Milvale	No	15	17.86	69	82.14	84	100.00	0	0.00	84
	0.12
Monteagle	No	23	19.83	93	80.17	116	100.00	0	0.00	116
	0.16
Morongla Creek	No	34	17.62	159	82.38	193	98.97	2	1.03	195
	0.27
Murringo	No	50	31.06	111	68.94	161	98.77	2	1.23	163	0.22
Murrumbateman	Yes	514	52.02	474	47.98	988	99.40	6	0.60	994
	1.36
Murrumburrah	No	155	31.76	333	68.24	488	99.19	4	0.81	492
	0.67
Nangus	No	25	19.23	105	80.77	130	98.48	2	1.52	132	0.18
Quandialla	No	64	28.83	158	71.17	222	99.55	1	0.45	223	0.31
Reids Flat	No	23	20.54	89	79.46	112	100.00	0	0.00	112
	0.15
Rugby	No	19	31.15	42	68.85	61	98.39	1	1.61	62	0.09
Rye Park	No	43	34.40	82	65.60	125	100.00	0	0.00	125
	0.17
Stockinbingal	No	96	35.82	172	64.18	268	99.63	1	0.37	269
	0.37
Sutton (Hume)	Yes	255	54.14	216	45.86	471	98.95	5	1.05	476
	0.65
Sydney (Hume)	Yes	22	61.11	14	38.89	36	100.00	0	0.00	36
	0.05
Talbingo	No	85	46.96	96	53.04	181	100.00	0	0.00	181
	0.25
Tarago	No	126	43.30	165	56.70	291	100.00	0	0.00	291
	0.40
Taralga	No	93	22.14	327	77.86	420	99.29	3	0.71	423	0.58
Tarcutta	No	82	24.12	258	75.88	340	100.00	0	0.00	340
	0.47
Temora	No	721	26.69	1980	73.31	2701	99.30	19	0.70	2720	3.73
Temora West	No	100	22.73	340	77.27	440	99.55	2	0.45	442	0.61
Tuena	No	25	36.23	44	63.77	69	100.00	0	0.00	69	0.09
Tumblong	No	31	26.50	86	73.50	117	99.15	1	0.85	118	0.16
Tumut	No	987	35.00	1833	65.00	2820	98.81	34	1.19	2854	3.92
Tumut East	No	423	32.61	874	67.39	1297	98.86	15	1.14	1312	1.80
Wallendbeen	No	79	43.65	102	56.35	181	100.00	0	0.00	181
	0.25
Wattle Park	Yes	328	57.44	243	42.56	571	99.48	3	0.52	574	0.79
Wee Jasper	No	34	40.96	49	59.04	83	100.00	0	0.00	83
	0.11
Wombat	No	59	29.21	143	70.79	202	100.00	0	0.00	202
	0.28
Woodstock	No	96	26.16	271	73.84	367	99.46	2	0.54	369	0.51
Wyangala Dam	No	32	20.13	127	79.87	159	99.37	1	0.63	160
	0.22
Yass	No	1105	38.94	1733	61.06	2838	99.09	26	0.91	2864	3.93
Yass High	No	224	34.95	417	65.05	641	99.38	4	0.62	645	0.88
Young	No	1053	32.62	2175	67.38	3228	98.81	39	1.19	3267	4.48
Young North	No	472	30.89	1056	69.11	1528	99.61	6	0.39	1534	2.10
Young South	No	307	32.01	652	67.99	959	99.28	7	0.72	966	1.33
Special Hospitals	No	224	30.60	508	69.40	732	98.65	10	1.35	742
	1.02
Prison Mobiles	No	1	50.00	1	50.00	2	100.00	0	0.00	2
	0.00
Total Ordinary	No	21112	34.34	40365	65.66	61477	99.23	475	0.77	61952
	84.99
ABSENT	No	1858	40.99	2675	59.01	4533	99.67	15	0.33	4548	6.24
POSTAL	No	679	28.81	1678	71.19	2357	99.79	5	0.21	2362	3.24
PRE_POLL	No	1525	40.55	2236	59.45	3761	99.60	15	0.40	3776	5.18
PROVISIONAL	No	84	33.33	168	66.67	252	100.00	0	0.00	252
	0.35
Division Summary	No	25258	34.90	47122	65.10	72380	99.30	510	0.70	72890
	96.07
