Referendum: 6 November 1999									
		
Referendum Results										
	
By Division by Polling Place									
		

"A proposed law for the Alteration of the Constitution, entitled"			
								
   the Constitutional Alteration (Preamble) 1999					
						
											
											
New South Wales											
New England (75295)										
	

		Yes		No		Formal		Informal		Total	
Polling Place		                                                             
Votes	%	Votes	%	Votes	%	Votes	%	Votes	%
Arding	No	74	31.09	164	68.91	238	98.35	4	1.65	242	0.34
Armidale	No	1202	38.77	1898	61.23	3100	98.85	36	1.15	3136	4.35
Armidale East	No	426	35.26	782	64.74	1208	99.02	12	0.98	1220
	1.69
Armidale Hospital	No	166	31.98	353	68.02	519	99.24	4	0.76	523
	0.73
Armidale South	No	412	39.85	622	60.15	1034	99.33	7	0.67	1041
	1.45
Armidale University	No	112	35.56	203	64.44	315	99.37	2	0.63
	317	0.44
Armidale West	No	694	30.90	1552	69.10	2246	98.86	26	1.14	2272
	3.16
Attunga	No	91	21.93	324	78.07	415	99.28	3	0.72	418	0.58
Bendemeer	No	89	29.18	216	70.82	305	99.35	2	0.65	307	0.43
Ben Lomond	No	16	14.81	92	85.19	108	100.00	0	0.00	108
	0.15
Ben Venue	No	928	36.12	1641	63.88	2569	99.42	15	0.58	2584	3.59
Black Mountain	No	36	29.27	87	70.73	123	100.00	0	0.00
	123	0.17
Bundarra	No	100	26.46	278	73.54	378	99.47	2	0.53	380	0.53
Calala	No	399	36.21	703	63.79	1102	99.37	7	0.63	1109	1.54
Dangarsleigh	No	35	21.34	129	78.66	164	100.00	0	0.00
	164	0.23
Deepwater	No	92	26.82	251	73.18	343	100.00	0	0.00	343
	0.48
Dundee	No	15	19.74	61	80.26	76	98.70	1	1.30	77	0.11
Dungowan	No	77	29.62	183	70.38	260	99.62	1	0.38	261	0.36
Duri	No	97	32.23	204	67.77	301	99.67	1	0.33	302	0.42
Ebor	No	30	29.70	71	70.30	101	100.00	0	0.00	101	0.14
Elsmore	No	19	20.65	73	79.35	92	100.00	0	0.00	92
	0.13
Emmaville	No	83	21.96	295	78.04	378	99.47	2	0.53	380	0.53
Gilgai	No	65	18.11	294	81.89	359	99.45	2	0.55	361	0.50
Glencoe	No	41	33.88	80	66.12	121	100.00	0	0.00	121
	0.17
Glen Innes	No	549	26.96	1487	73.04	2036	99.37	13	0.63	2049	2.85
Glen Innes Hospital	No	115	22.12	405	77.88	520	98.86	6	1.14
	526	0.73
Glen Innes West	No	360	21.99	1277	78.01	1637	99.27	12	0.73	1649
	2.29
Gum Flat	No	22	31.88	47	68.12	69	95.83	3	4.17	72	0.10
Guyra	No	336	20.82	1278	79.18	1614	99.57	7	0.43	1621	2.25
Hallsville	No	77	35.00	143	65.00	220	100.00	0	0.00	220
	0.31
Hillgrove	No	23	26.74	63	73.26	86	96.63	3	3.37	89	0.12
Hillvue	No	1031	33.03	2090	66.97	3121	99.24	24	0.76	3145	4.37
Inverell	No	691	25.28	2042	74.72	2733	99.31	19	0.69	2752	3.82
Inverell East	No	282	18.55	1238	81.45	1520	99.80	3	0.20	1523
	2.11
Jennings	No	25	22.73	85	77.27	110	99.10	1	0.90	111	0.15
Kentucky	No	77	41.18	110	58.82	187	99.47	1	0.53	188	0.26
Kingstown	No	26	27.37	69	72.63	95	100.00	0	0.00	95
	0.13
Kootingal	No	315	25.40	925	74.60	1240	99.28	9	0.72	1249	1.73
Loomberah	No	47	32.87	96	67.13	143	100.00	0	0.00	143
	0.20
Martins Gully	No	228	37.75	376	62.25	604	99.67	2	0.33	606
	0.84
Mole Crossing	No	34	40.48	50	59.52	84	100.00	0	0.00	84
	0.12
Moonbi	No	129	26.54	357	73.46	486	98.58	7	1.42	493	0.68
Moor Creek	No	154	38.02	251	61.98	405	99.51	2	0.49	407	0.57
Nazareth House	No	52	26.26	146	73.74	198	100.00	0	0.00
	198	0.27
Nemingha	No	196	27.76	510	72.24	706	99.58	3	0.42	709	0.98
Niangala	No	30	29.13	73	70.87	103	100.00	0	0.00	103
	0.14
Nowendoc	No	19	24.68	58	75.32	77	98.72	1	1.28	78	0.11
Nundle	No	96	24.06	303	75.94	399	98.52	6	1.48	405	0.56
Oxley Vale	No	481	31.88	1028	68.12	1509	99.47	8	0.53	1517	2.11
Peel High	No	434	26.51	1203	73.49	1637	98.85	19	1.15	1656	2.30
Red Range	No	19	13.97	117	86.03	136	98.55	2	1.45	138	0.19
Rocky River	No	50	23.70	161	76.30	211	99.06	2	0.94	213	0.30
Ross Hill	No	438	25.83	1258	74.17	1696	99.71	5	0.29	1701	2.36
Somerton	No	43	23.89	137	76.11	180	100.00	0	0.00	180
	0.25
Sunnyside	No	34	23.61	110	76.39	144	100.00	0	0.00	144
	0.20
Sydney (New England)	No	20	45.45	24	54.55	44	97.78	1	2.22	45
	0.06
Tamworth	No	560	35.38	1023	64.62	1583	99.12	14	0.88	1597	2.22
Tamworth High	No	1162	29.54	2771	70.46	3933	98.79	48	1.21	3981
	5.53
Tamworth Primary	No	1383	36.91	2364	63.09	3747	99.42	22	0.58	3769
	5.23
Tamworth West	No	552	30.82	1239	69.18	1791	99.50	9	0.50	1800
	2.50
Tenterfield	No	565	24.75	1718	75.25	2283	99.35	15	0.65	2298	3.19
Timbumburi	No	153	34.85	286	65.15	439	99.77	1	0.23	440	0.61
Tingha	No	91	18.38	404	81.62	495	99.40	3	0.60	498	0.69
Uralla	No	553	32.51	1148	67.49	1701	99.42	10	0.58	1711	2.38
Walcha	No	402	27.33	1069	72.67	1471	99.19	12	0.81	1483	2.06
Westdale	No	225	28.02	578	71.98	803	99.14	7	0.86	810	1.12
Wollomombi	No	28	25.69	81	74.31	109	100.00	0	0.00	109
	0.15
Woolbrook	No	35	29.66	83	70.34	118	99.16	1	0.84	119	0.17
Woolomin	No	42	21.99	149	78.01	191	98.45	3	1.55	194	0.27
Yarrowitch	No	24	26.37	67	73.63	91	100.00	0	0.00	91
	0.13
Special Hospitals	No	141	32.19	297	67.81	438	98.43	7	1.57	445
	0.62
Total Ordinary	No	17648	29.91	41350	70.09	58998	99.26	438	0.74	59436
	82.54
ABSENT	No	1580	36.71	2724	63.29	4304	99.54	20	0.46	4324	6.00
POSTAL	No	576	24.71	1755	75.29	2331	99.53	11	0.47	2342	3.25
PRE_POLL	No	1782	34.09	3445	65.91	5227	99.75	13	0.25	5240	7.28
PROVISIONAL	No	187	28.16	477	71.84	664	99.25	5	0.75	669	0.93
Division Summary	No	21773	30.44	49751	69.56	71524	99.32	487	0.68	72011
	95.64
