Referendum: 6 November 1999									
		
Referendum Results										
	
By Division by Polling Place									
		

"A proposed law for the Alteration of the Constitution, entitled"			
								
   the Constitutional Alteration (Establishment of Republic) 1999			
								
											
											
Victoria											
McMillan (83656)											

		Yes		No		Formal		Informal		Total	
Polling Place		Votes	%	Votes	%	Votes	%	Votes	%	Votes	%
Bona Vista	No	61	37.20	103	62.80	164	100.00	0	0.00	164
	0.20
Boolarra	No	266	39.64	405	60.36	671	99.55	3	0.45	674	0.84
Buln Buln	No	152	39.48	233	60.52	385	100.00	0	0.00	385
	0.48
Bunyip	No	425	32.89	867	67.11	1292	99.08	12	0.92	1304	1.62
Churchill	No	1284	42.08	1767	57.92	3051	99.16	26	0.84	3077	3.83
Cloverlea	No	37	28.91	91	71.09	128	100.00	0	0.00	128
	0.16
Cora Lynn	No	63	40.38	93	59.62	156	99.36	1	0.64	157	0.20
Darnum	No	96	27.43	254	72.57	350	100.00	0	0.00	350
	0.44
Drouin	No	1140	30.89	2551	69.11	3691	99.35	24	0.65	3715	4.62
Drouin South	No	145	29.06	354	70.94	499	100.00	0	0.00
	499	0.62
Drouin West	No	77	29.84	181	70.16	258	99.23	2	0.77	260	0.32
Ellinbank	No	73	32.16	154	67.84	227	99.13	2	0.87	229	0.28
Erica	No	76	33.04	154	66.96	230	98.71	3	1.29	233	0.29
Garfield	No	240	34.99	446	65.01	686	98.56	10	1.44	696	0.87
Hallora	No	27	30.34	62	69.66	89	100.00	0	0.00	89
	0.11
Hazelwood North	No	249	39.78	377	60.22	626	99.68	2	0.32	628
	0.78
Hill End	No	23	21.50	84	78.50	107	100.00	0	0.00	107
	0.13
Iona	No	28	42.42	38	57.58	66	95.65	3	4.35	69	0.09
Jindivick	No	91	32.16	192	67.84	283	98.61	4	1.39	287	0.36
Labertouche	No	78	33.77	153	66.23	231	98.72	3	1.28	234	0.29
Lillico	No	68	30.63	154	69.37	222	98.23	4	1.77	226	0.28
Longwarry	No	179	25.87	513	74.13	692	99.00	7	1.00	699	0.87
Maryknoll	No	145	47.85	158	52.15	303	98.70	4	1.30	307	0.38
Melbourne (McMillan)	No	38	54.29	32	45.71	70	97.22	2	2.78	72
	0.09
Moe	No	1284	36.19	2264	63.81	3548	99.11	32	0.89	3580	4.45
Moe Central	No	512	34.25	983	65.75	1495	98.75	19	1.25	1514	1.88
Moe West	No	347	31.98	738	68.02	1085	99.72	3	0.28	1088	1.35
Morwell	No	562	35.75	1010	64.25	1572	99.43	9	0.57	1581	1.97
Morwell Central	No	1149	37.83	1888	62.17	3037	98.96	32	1.04	3069
	3.82
Morwell Estate	No	1040	40.83	1507	59.17	2547	99.26	19	0.74	2566
	3.19
Morwell North	No	146	38.52	233	61.48	379	99.74	1	0.26	380
	0.47
Nar Nar Goon	No	213	36.35	373	63.65	586	97.99	12	2.01	598
	0.74
Nar Nar Goon North	No	98	36.43	171	63.57	269	99.63	1	0.37
	270	0.34
Narracan	No	65	37.14	110	62.86	175	98.87	2	1.13	177	0.22
Neerim Junction	No	66	32.04	140	67.96	206	98.56	3	1.44	209
	0.26
Neerim South	No	273	37.45	456	62.55	729	99.45	4	0.55	733
	0.91
Newborough	No	878	36.57	1523	63.43	2401	99.17	20	0.83	2421	3.01
Newborough East	No	534	39.61	814	60.39	1348	99.48	7	0.52	1355
	1.68
Nilma	No	72	30.77	162	69.23	234	99.57	1	0.43	235	0.29
Noojee	No	45	29.03	110	70.97	155	99.36	1	0.64	156	0.19
Pakenham	No	953	36.90	1630	63.10	2583	99.35	17	0.65	2600	3.23
Pakenham Central	No	780	29.56	1859	70.44	2639	99.14	23	0.86	2662
	3.31
Pakenham North	No	365	39.37	562	60.63	927	98.72	12	1.28	939
	1.17
Pakenham South	No	30	25.00	90	75.00	120	97.56	3	2.44	123
	0.15
Pakenham Upper (McMillan)	No	173	48.06	187	51.94	360	98.90	4
	1.10	364	0.45
Rawson	No	49	28.49	123	71.51	172	97.18	5	2.82	177	0.22
Ripplebrook	No	32	28.57	80	71.43	112	100.00	0	0.00	112
	0.14
Rokeby	No	66	34.92	123	65.08	189	99.47	1	0.53	190	0.24
Tanjil South	No	49	18.42	217	81.58	266	100.00	0	0.00
	266	0.33
Tetoora Road	No	56	42.42	76	57.58	132	100.00	0	0.00
	132	0.16
Thorpdale	No	123	26.45	342	73.55	465	99.36	3	0.64	468	0.58
Toomuc Valley	No	30	32.97	61	67.03	91	98.91	1	1.09	92
	0.11
Trafalgar	No	716	37.06	1216	62.94	1932	99.28	14	0.72	1946	2.42
Traralgon	No	1560	41.34	2214	58.66	3774	98.93	41	1.07	3815	4.74
Traralgon East	No	1114	34.18	2145	65.82	3259	99.15	28	0.85	3287
	4.09
Traralgon North	No	1481	36.14	2617	63.86	4098	99.47	22	0.53	4120
	5.12
Traralgon South	No	198	44.90	243	55.10	441	99.10	4	0.90	445
	0.55
Traralgon West	No	345	33.66	680	66.34	1025	99.32	7	0.68	1032
	1.28
Tyers	No	185	39.11	288	60.89	473	99.58	2	0.42	475	0.59
Tynong	No	118	34.20	227	65.80	345	99.42	2	0.58	347	0.43
Tynong North	Yes	63	52.07	58	47.93	121	96.80	4	3.20	125
	0.16
Warragul	No	918	37.32	1542	62.68	2460	98.80	30	1.20	2490	3.10
Warragul East	No	463	31.07	1027	68.93	1490	99.40	9	0.60	1499
	1.86
Warragul North	No	708	39.16	1100	60.84	1808	99.40	11	0.60	1819
	2.26
Willowgrove	No	139	37.37	233	62.63	372	99.47	2	0.53	374	0.46
Yallourn North	No	390	38.73	617	61.27	1007	99.41	6	0.59	1013
	1.26
Yarragon	No	265	32.88	541	67.12	806	99.26	6	0.74	812	1.01
Yinnar	No	361	40.38	533	59.62	894	99.44	5	0.56	899	1.12
Special Hospitals	No	292	37.10	495	62.90	787	99.49	4	0.51	791
	0.98
Total Ordinary	No	24367	36.16	43024	63.84	67391	99.20	544	0.80	67935
	84.45
ABSENT	No	1814	45.00	2217	55.00	4031	99.60	16	0.40	4047	5.03
POSTAL	No	645	29.51	1541	70.49	2186	99.68	7	0.32	2193	2.73
PRE_POLL	No	2124	35.65	3834	64.35	5958	99.63	22	0.37	5980	7.43
PROVISIONAL	No	96	33.45	191	66.55	287	99.31	2	0.69	289	0.36
Division Summary	No	29046	36.37	50807	63.63	79853	99.27	591	0.73	80444
	96.16
