Referendum: 6 November 1999									
		
Referendum Results										
	
By Division by Polling Place									
		

"A proposed law for the Alteration of the Constitution, entitled"			
								
   the Constitutional Alteration (Establishment of Republic) 1999			
								
											
											
Queensland											
Capricornia (80219)										
	

		Yes		No		Formal		Informal		Total	
Polling Place		Votes	%	Votes	%	Votes	%	Votes	%	Votes	%
Allenstown	No	843	34.78	1581	65.22	2424	99.67	8	0.33	2432	3.19
Alpha	No	51	13.93	315	86.07	366	98.92	4	1.08	370	0.49
Alton Downs	No	119	23.99	377	76.01	496	99.40	3	0.60	499	0.66
Applegarth	No	48	20.34	188	79.66	236	99.16	2	0.84	238	0.31
Aramac	No	42	19.81	170	80.19	212	100.00	0	0.00	212
	0.28
Archer Park	No	179	30.08	416	69.92	595	98.51	9	1.49	604	0.79
Barcaldine	No	252	30.04	587	69.96	839	99.41	5	0.59	844	1.11
Berserker	No	658	28.48	1652	71.52	2310	98.97	24	1.03	2334	3.06
Bouldercombe	No	111	21.98	394	78.02	505	99.21	4	0.79	509
	0.67
Brisbane City (Capricornia)	Yes	59	54.63	49	45.37	108	99.08	1
	0.92	109	0.14
Burnett Street	No	184	31.40	402	68.60	586	99.32	4	0.68	590
	0.77
Capella	No	113	19.55	465	80.45	578	99.48	3	0.52	581	0.76
Cawarral	No	176	27.24	470	72.76	646	99.38	4	0.62	650	0.85
Clermont	No	337	24.80	1022	75.20	1359	99.49	7	0.51	1366	1.79
Collinsville	No	424	37.99	692	62.01	1116	99.02	11	0.98	1127
	1.48
Coppabella	No	32	27.12	86	72.88	118	100.00	0	0.00	118
	0.15
Crescent Lagoon	No	325	29.25	786	70.75	1111	99.37	7	0.63	1118
	1.47
Depot Hill	No	175	29.71	414	70.29	589	98.83	7	1.17	596	0.78
Dysart	No	418	38.14	678	61.86	1096	99.37	7	0.63	1103	1.45
Emmaus College	No	369	36.57	640	63.43	1009	99.51	5	0.49	1014
	1.33
Emu Park	No	653	34.12	1261	65.88	1914	99.69	6	0.31	1920	2.52
Farnborough	No	339	35.17	625	64.83	964	99.28	7	0.72	971	1.27
Frenchville	No	693	37.93	1134	62.07	1827	98.92	20	1.08	1847	2.42
Glenden	No	99	28.95	243	71.05	342	100.00	0	0.00	342
	0.45
Glenmore	No	1134	33.10	2292	66.90	3426	99.54	16	0.46	3442	4.52
Gracemere	No	709	26.09	2009	73.91	2718	99.23	21	0.77	2739	3.60
Ilfracombe	No	20	16.67	100	83.33	120	99.17	1	0.83	121	0.16
Jericho	No	9	7.09	118	92.91	127	99.22	1	0.78	128	0.17
Keppel Sands	No	86	28.20	219	71.80	305	99.35	2	0.65	307
	0.40
Kilcummin	No	13	16.25	67	83.75	80	100.00	0	0.00	80
	0.11
Koongal	No	241	32.01	512	67.99	753	99.34	5	0.66	758	1.00
Lakes Creek	No	235	27.33	625	72.67	860	99.42	5	0.58	865	1.14
Longreach	No	467	26.84	1273	73.16	1740	99.54	8	0.46	1748	2.29
Marlborough	No	24	15.09	135	84.91	159	100.00	0	0.00	159
	0.21
Middlemount	Yes	549	62.89	324	37.11	873	99.54	4	0.46	877	1.15
Moranbah	No	491	36.34	860	63.66	1351	99.48	7	0.52	1358	1.78
Moranbah West	No	574	39.29	887	60.71	1461	99.73	4	0.27	1465
	1.92
Mount Archer	No	750	34.90	1399	65.10	2149	99.63	8	0.37	2157
	2.83
Muttaburra	No	9	14.29	54	85.71	63	98.44	1	1.56	64	0.08
Nebo	No	38	12.30	271	87.70	309	99.04	3	0.96	312	0.41
Norman Road	No	611	39.07	953	60.93	1564	99.55	7	0.45	1571	2.06
North Rockhampton	No	1179	32.36	2464	67.64	3643	99.48	19	0.52	3662
	4.81
Park Avenue	No	806	31.66	1740	68.34	2546	99.41	15	0.59	2561	3.36
Parkhurst	No	510	31.60	1104	68.40	1614	99.57	7	0.43	1621	2.13
Port Curtis	No	62	26.84	169	73.16	231	99.14	2	0.86	233	0.31
Ridgelands	No	33	19.30	138	80.70	171	100.00	0	0.00	171
	0.22
Rockhampton	No	207	36.38	362	63.62	569	99.48	3	0.52	572	0.75
Rockhampton Central	No	162	35.68	292	64.32	454	98.70	6	1.30
	460	0.60
Rockhampton High School	No	623	32.21	1311	67.79	1934	99.74	5	0.26
	1939	2.55
Rockhampton South	No	508	36.26	893	63.74	1401	99.43	8	0.57	1409
	1.85
St Brendan's College	No	326	36.88	558	63.12	884	99.21	7	0.79
	891	1.17
St Lawrence	No	34	23.78	109	76.22	143	98.62	2	1.38	145	0.19
Stanwell	No	46	18.62	201	81.38	247	100.00	0	0.00	247
	0.32
Taranganba	No	703	33.14	1418	66.86	2121	99.25	16	0.75	2137	2.81
The Caves	No	165	24.85	499	75.15	664	99.70	2	0.30	666	0.87
Tieri	No	232	39.59	354	60.41	586	99.49	3	0.51	589	0.77
Wandal	No	268	32.60	554	67.40	822	99.88	1	0.12	823	1.08
Westwood	No	13	10.74	108	89.26	121	99.18	1	0.82	122	0.16
Winton	No	126	21.87	450	78.13	576	98.80	7	1.20	583	0.77
Yaamba	No	16	10.67	134	89.33	150	100.00	0	0.00	150
	0.20
Yeppoon	No	1265	37.15	2140	62.85	3405	99.33	23	0.67	3428	4.50
Special Hospitals	No	171	27.94	441	72.06	612	98.39	10	1.61	622
	0.82
Total Ordinary	No	20114	32.29	42184	67.71	62298	99.40	378	0.60	62676
	82.27
ABSENT	No	1956	33.50	3883	66.50	5839	99.62	22	0.38	5861	7.69
POSTAL	No	931	21.67	3365	78.33	4296	99.58	18	0.42	4314	5.66
PRE_POLL	No	1004	34.17	1934	65.83	2938	99.63	11	0.37	2949	3.87
PROVISIONAL	No	127	33.87	248	66.13	375	98.94	4	1.06	379	0.50
Division Summary	No	24132	31.86	51614	68.14	75746	99.43	433	0.57	76179
	94.96
