Referendum: 6 November 1999									
		
Referendum Results										
	
By Division by Polling Place									
		

"A proposed law for the Alteration of the Constitution, entitled"			
								
   the Constitutional Alteration (Preamble) 1999					
						
											
											
Queensland											
Leichhardt (80727)										
	

		Yes		No		Formal		Informal		Total	
Polling Place		                                                             
Votes	%	Votes	%	Votes	%	Votes	%	Votes	%
Alexandra Bay	No	81	29.35	195	70.65	276	99.64	1	0.36	277
	0.37
Aurukun	No	126	25.40	370	74.60	496	97.45	13	2.55	509	0.68
Balaclava	No	835	32.76	1714	67.24	2549	99.22	20	0.78	2569	3.45
Bamaga	Yes	221	50.92	213	49.08	434	98.64	6	1.36	440	0.59
Bayview Heights	No	1112	27.50	2932	72.50	4044	99.00	41	1.00	4085
	5.49
Bloomfield	No	74	27.51	195	72.49	269	97.46	7	2.54	276	0.37
Brisbane City (Leichhardt)	No	26	47.27	29	52.73	55	98.21	1
	1.79	56	0.08
Cairns	No	305	37.29	513	62.71	818	99.15	7	0.85	825	1.11
Cairns Base Hospital	No	207	36.44	361	63.56	568	98.78	7	1.22
	575	0.77
Cairns North	No	613	36.64	1060	63.36	1673	99.05	16	0.95	1689
	2.27
Cairns South	No	317	27.83	822	72.17	1139	99.56	5	0.44	1144
	1.54
Cairns West	No	821	30.89	1837	69.11	2658	99.14	23	0.86	2681	3.60
Caravonica	No	863	32.88	1762	67.12	2625	99.28	19	0.72	2644	3.55
Clifton Beach	No	481	36.06	853	63.94	1334	99.48	7	0.52	1341
	1.80
Coen	No	72	43.64	93	56.36	165	99.40	1	0.60	166	0.22
Cooktown	No	195	22.23	682	77.77	877	99.55	4	0.45	881	1.18
Daintree	No	39	24.07	123	75.93	162	98.78	2	1.22	164	0.22
Earlville	No	994	30.16	2302	69.84	3296	99.34	22	0.66	3318	4.46
Edge Hill	No	1344	36.61	2327	63.39	3671	99.14	32	0.86	3703	4.97
Edmonton	No	933	28.12	2385	71.88	3318	99.19	27	0.81	3345	4.49
Freshwater	No	562	34.42	1071	65.58	1633	99.27	12	0.73	1645	2.21
Hambledon	No	702	26.36	1961	73.64	2663	99.03	26	0.97	2689	3.61
Holloways Beach	No	395	41.19	564	58.81	959	99.07	9	0.93	968
	1.30
Hope Vale	No	116	33.62	229	66.38	345	99.14	3	0.86	348	0.47
Horn Island	No	62	31.47	135	68.53	197	99.49	1	0.51	198	0.27
Injinoo	Yes	140	55.34	113	44.66	253	100.00	0	0.00	253
	0.34
Julatten	No	99	27.50	261	72.50	360	100.00	0	0.00	360
	0.48
Kowanyama	No	106	21.46	388	78.54	494	98.41	8	1.59	502	0.67
Kuranda	No	535	33.27	1073	66.73	1608	99.14	14	0.86	1622	2.18
Laura	No	20	34.48	38	65.52	58	100.00	0	0.00	58	0.08
Lockhart River	No	114	48.93	119	51.07	233	100.00	0	0.00
	233	0.31
Machans Beach	No	206	39.69	313	60.31	519	98.67	7	1.33	526
	0.71
Miallo	No	59	16.91	290	83.09	349	99.71	1	0.29	350	0.47
Mossman	No	498	27.09	1340	72.91	1838	99.03	18	0.97	1856	2.49
Mount Molloy	No	51	27.57	134	72.43	185	97.88	4	2.12	189
	0.25
Napranum	No	133	33.33	266	66.67	399	97.08	12	2.92	411	0.55
New Mapoon	Yes	92	51.69	86	48.31	178	99.44	1	0.56	179	0.24
Parramatta	No	1001	35.33	1832	64.67	2833	98.85	33	1.15	2866	3.85
Pormpuraaw	No	56	23.53	182	76.47	238	98.76	3	1.24	241	0.32
Port Douglas	No	550	37.39	921	62.61	1471	99.12	13	0.88	1484
	1.99
Redlynch	No	422	33.49	838	66.51	1260	99.84	2	0.16	1262	1.69
Stratford	No	365	34.40	696	65.60	1061	99.16	9	0.84	1070	1.44
Tamwoy	Yes	166	53.04	147	46.96	313	99.68	1	0.32	314	0.42
Thursday Island	No	382	43.07	505	56.93	887	99.00	9	1.00	896
	1.20
Trinity Beach	No	1179	37.15	1995	62.85	3174	99.19	26	0.81	3200
	4.30
Weipa North	No	289	32.84	591	67.16	880	99.10	8	0.90	888	1.19
White Rock	No	599	30.16	1387	69.84	1986	99.40	12	0.60	1998	2.68
Whitfield	No	664	32.77	1362	67.23	2026	99.75	5	0.25	2031	2.73
Wonga Beach	No	65	22.26	227	77.74	292	99.66	1	0.34	293	0.39
Yarrabah	No	274	32.78	562	67.22	836	99.29	6	0.71	842	1.13
Yorkeys Knob	No	426	36.07	755	63.93	1181	99.58	5	0.42	1186
	1.59
Special Hospitals	No	90	39.82	136	60.18	226	90.40	24	9.60	250
	0.34
Remote Mobiles	No	813	44.65	1008	55.35	1821	97.96	38	2.04	1859
	2.50
Total Ordinary	No	20890	33.06	42293	66.94	63183	99.10	572	0.90	63755
	85.63
ABSENT	No	1396	34.45	2656	65.55	4052	99.39	25	0.61	4077	5.48
POSTAL	No	417	24.99	1252	75.01	1669	99.52	8	0.48	1677	2.25
PRE_POLL	No	1500	38.99	2347	61.01	3847	99.59	16	0.41	3863	5.19
PROVISIONAL	No	394	36.62	682	63.38	1076	99.26	8	0.74	1084	1.46
Division Summary	No	24597	33.32	49230	66.68	73827	99.16	629	0.84	74456
	92.23
