Referendum: 6 November 1999									
		
Referendum Results										
	
By Division by Polling Place									
		

"A proposed law for the Alteration of the Constitution, entitled"			
								
   the Constitutional Alteration (Preamble) 1999					
						
											
											
Queensland											
Herbert (85934)											

		Yes		No		Formal		Informal		Total	
Polling Place		                                                             
Votes	%	Votes	%	Votes	%	Votes	%	Votes	%
Aitkenvale	No	580	27.35	1541	72.65	2121	98.93	23	1.07	2144	2.65
Alice River	No	246	26.37	687	73.63	933	99.89	1	0.11	934	1.16
Annandale	No	1131	35.49	2056	64.51	3187	99.50	16	0.50	3203	3.96
Annandale East	No	289	39.75	438	60.25	727	98.91	8	1.09	735
	0.91
Arcadia	No	162	37.85	266	62.15	428	99.30	3	0.70	431	0.53
Belgian Gardens	No	465	37.08	789	62.92	1254	99.68	4	0.32	1258
	1.56
Bohlevale	No	773	28.23	1965	71.77	2738	98.88	31	1.12	2769	3.43
Brisbane City (Herbert)	No	21	40.38	31	59.62	52	100.00	0
	0.00	52	0.06
Condon	No	558	28.56	1396	71.44	1954	99.14	17	0.86	1971	2.44
Cranbrook	No	826	33.60	1632	66.40	2458	99.03	24	0.97	2482	3.07
Currajong	No	765	29.58	1821	70.42	2586	99.23	20	0.77	2606	3.22
Currajong North	No	180	30.72	406	69.28	586	99.66	2	0.34	588
	0.73
Cutheringa	No	341	32.32	714	67.68	1055	99.06	10	0.94	1065	1.32
Deeragun	No	315	26.47	875	73.53	1190	99.17	10	0.83	1200	1.48
Douglas	No	198	34.32	379	65.68	577	99.31	4	0.69	581	0.72
Garbutt	No	446	31.04	991	68.96	1437	98.76	18	1.24	1455	1.80
Heatley	No	944	29.71	2233	70.29	3177	99.13	28	0.87	3205	3.97
Hermit Park	No	636	33.06	1288	66.94	1924	99.33	13	0.67	1937	2.40
Hermit Park South	No	487	33.11	984	66.89	1471	99.39	9	0.61	1480
	1.83
Kelso	No	561	26.85	1528	73.15	2089	99.05	20	0.95	2109	2.61
Kirwan	No	891	30.53	2027	69.47	2918	99.25	22	0.75	2940	3.64
Kirwan South	No	1161	30.02	2706	69.98	3867	99.33	26	0.67	3893
	4.82
Mount Louisa	No	462	28.80	1142	71.20	1604	99.26	12	0.74	1616
	2.00
Mundingburra	No	1056	37.35	1771	62.65	2827	99.19	23	0.81	2850
	3.53
Mundingburra South	No	436	35.39	796	64.61	1232	99.27	9	0.73
	1241	1.54
Nelly Bay	No	193	36.48	336	63.52	529	99.81	1	0.19	530	0.66
Nome	No	286	27.53	753	72.47	1039	99.71	3	0.29	1042	1.29
North Ward	No	971	38.05	1581	61.95	2552	99.45	14	0.55	2566	3.18
Oonoonba	No	293	29.90	687	70.10	980	99.29	7	0.71	987	1.22
Pallarenda	No	188	37.75	310	62.25	498	100.00	0	0.00	498
	0.62
Palm Island	Yes	357	52.50	323	47.50	680	98.69	9	1.31	689	0.85
Picnic Bay	No	79	33.91	154	66.09	233	99.15	2	0.85	235	0.29
Pimlico	No	703	35.87	1257	64.13	1960	99.49	10	0.51	1970	2.44
Railway Estate	No	502	34.10	970	65.90	1472	99.26	11	0.74	1483
	1.84
Rasmussen	No	614	27.19	1644	72.81	2258	99.25	17	0.75	2275	2.82
Stuart	No	176	27.72	459	72.28	635	99.69	2	0.31	637	0.79
The Weir	No	706	30.84	1583	69.16	2289	99.05	22	0.95	2311	2.86
Townsville City	No	251	42.91	334	57.09	585	98.48	9	1.52	594
	0.74
Townsville Hospital	No	216	38.50	345	61.50	561	98.77	7	1.23
	568	0.70
Townsville South	No	290	31.56	629	68.44	919	99.24	7	0.76	926
	1.15
Townsville West	No	224	34.15	432	65.85	656	99.54	3	0.46	659
	0.82
Vincent	No	466	27.24	1245	72.76	1711	98.96	18	1.04	1729	2.14
Willows	No	341	33.96	663	66.04	1004	99.31	7	0.69	1011	1.25
Woodstock	No	97	24.07	306	75.93	403	100.00	0	0.00	403
	0.50
Wulguru	No	832	27.87	2153	72.13	2985	99.50	15	0.50	3000	3.71
Special Hospitals	No	147	39.30	227	60.70	374	97.91	8	2.09	382
	0.47
Total Ordinary	No	21862	31.82	46853	68.18	68715	99.24	525	0.76	69240
	85.68
ABSENT	No	1366	33.88	2666	66.12	4032	99.56	18	0.44	4050	5.01
POSTAL	No	953	29.87	2238	70.13	3191	99.16	27	0.84	3218	3.98
PRE_POLL	No	1417	38.73	2242	61.27	3659	99.65	13	0.35	3672	4.54
PROVISIONAL	No	211	33.71	415	66.29	626	98.74	8	1.26	634	0.78
Division Summary	No	25809	32.17	54414	67.83	80223	99.27	591	0.73	80814
	94.04
