Referendum: 6 November 1999									
		
Referendum Results										
	
By Division by Polling Place									
		

"A proposed law for the Alteration of the Constitution, entitled"			
								
   the Constitutional Alteration (Preamble) 1999					
						
											
											
New South Wales											
Barton (83840)											

		Yes		No		Formal		Informal		Total	
Polling Place		                                                             
Votes	%	Votes	%	Votes	%	Votes	%	Votes	%
Allawah	Yes	880	56.88	667	43.12	1547	98.85	18	1.15	1565	1.97
Allawah South	No	536	49.13	555	50.87	1091	98.73	14	1.27	1105
	1.39
Arncliffe	No	571	49.22	589	50.78	1160	97.56	29	2.44	1189	1.50
Arncliffe East	Yes	536	51.24	510	48.76	1046	98.03	21	1.97	1067
	1.34
Athelstane	Yes	1538	51.16	1468	48.84	3006	98.43	48	1.57	3054	3.84
Bald Face	Yes	785	53.47	683	46.53	1468	99.32	10	0.68	1478	1.86
Banksia	Yes	957	51.20	912	48.80	1869	98.42	30	1.58	1899	2.39
Bell Park	No	356	48.83	373	51.17	729	98.91	8	1.09	737	0.93
Bexley	No	1237	48.97	1289	51.03	2526	97.94	53	2.06	2579	3.24
Bexley Central	No	407	47.27	454	52.73	861	98.63	12	1.37	873
	1.10
Bexley East	Yes	179	52.80	160	47.20	339	97.98	7	2.02	346	0.44
Blakehurst	No	431	49.43	441	50.57	872	98.42	14	1.58	886	1.11
Bona Park	No	323	43.07	427	56.93	750	99.21	6	0.79	756	0.95
Brighton-Le-Sands	Yes	1282	50.93	1235	49.07	2517	99.06	24	0.94	2541
	3.20
Brighton North	No	651	47.94	707	52.06	1358	98.62	19	1.38	1377
	1.73
Carlton	Yes	1066	52.03	983	47.97	2049	98.46	32	1.54	2081	2.62
Carlton North	Yes	630	51.64	590	48.36	1220	98.71	16	1.29	1236
	1.55
Carss Park	No	451	47.27	503	52.73	954	98.66	13	1.34	967	1.22
Clareville Park	No	968	41.10	1387	58.90	2355	98.95	25	1.05	2380
	2.99
Connells Point	No	1353	47.41	1501	52.59	2854	98.89	32	1.11	2886
	3.63
Hurstville Central	No	706	48.69	744	51.31	1450	98.77	18	1.23
	1468	1.85
Hurstville Grove	Yes	1179	50.26	1167	49.74	2346	98.78	29	1.22	2375
	2.99
Hurstville South	No	161	41.28	229	58.72	390	99.74	1	0.26	391
	0.49
Jubilee	Yes	1573	51.14	1503	48.86	3076	98.78	38	1.22	3114	3.92
Kogarah	Yes	530	53.70	457	46.30	987	99.40	6	0.60	993	1.25
Kogarah Bay	No	504	47.19	564	52.81	1068	98.71	14	1.29	1082	1.36
Kogarah Central	Yes	789	56.04	619	43.96	1408	99.36	9	0.64	1417
	1.78
Kyeemagh	No	468	45.39	563	54.61	1031	98.94	11	1.06	1042	1.31
Monterey	No	1066	47.44	1181	52.56	2247	98.90	25	1.10	2272	2.86
Moorefield	No	419	46.30	486	53.70	905	98.37	15	1.63	920	1.16
Mortdale East	No	471	43.65	608	56.35	1079	98.90	12	1.10	1091
	1.37
Oatley (Barton)	No	1086	46.51	1249	53.49	2335	99.49	12	0.51	2347
	2.95
Ramsgate North	No	882	45.16	1071	54.84	1953	98.89	22	1.11	1975
	2.48
Rockdale	Yes	988	55.20	802	44.80	1790	98.19	33	1.81	1823	2.29
Rockdale Central	Yes	867	51.36	821	48.64	1688	98.43	27	1.57	1715
	2.16
Rockdale Park	Yes	513	52.62	462	47.38	975	98.39	16	1.61	991
	1.25
Rockdale West	Yes	978	52.08	900	47.92	1878	98.07	37	1.93	1915
	2.41
St Cuthbert's	No	799	41.40	1131	58.60	1930	98.52	29	1.48	1959
	2.46
St George Hospital	Yes	89	52.66	80	47.34	169	96.57	6	3.43
	175	0.22
Sans Souci	No	1031	46.30	1196	53.70	2227	98.76	28	1.24	2255	2.84
Sans Souci North	No	955	44.36	1198	55.64	2153	98.94	23	1.06	2176
	2.74
South Haven	Yes	381	50.60	372	49.40	753	98.05	15	1.95	768	0.97
Sydney (Barton)	Yes	105	57.38	78	42.62	183	99.46	1	0.54	184
	0.23
The Mall	No	366	40.49	538	59.51	904	99.34	6	0.66	910	1.14
Turrella	Yes	540	52.38	491	47.62	1031	97.82	23	2.18	1054	1.33
Special Hospitals	No	120	30.53	273	69.47	393	97.52	10	2.48	403
	0.51
Total Ordinary	No	32703	48.87	34217	51.13	66920	98.68	897	1.32	67817
	85.31
ABSENT	No	2391	49.30	2459	50.70	4850	99.28	35	0.72	4885	6.14
POSTAL	No	805	36.21	1418	63.79	2223	99.11	20	0.89	2243	2.82
PRE_POLL	No	1964	48.63	2075	51.37	4039	99.34	27	0.66	4066	5.11
PROVISIONAL	Yes	262	55.04	214	44.96	476	97.94	10	2.06	486	0.61
Division Summary	No	38125	48.56	40383	51.44	78508	98.76	989	1.24	79497
	94.82
