Referendum: 6 November 1999									
		
Referendum Results										
	
By Division by Polling Place									
		

"A proposed law for the Alteration of the Constitution, entitled"			
								
   the Constitutional Alteration (Establishment of Republic) 1999			
								
											
											
Queensland											
Oxley (80514)											

		Yes		No		Formal		Informal		Total	
Polling Place		Votes	%	Votes	%	Votes	%	Votes	%	Votes	%
Acacia Ridge	No	424	32.32	888	67.68	1312	99.02	13	0.98	1325
	1.73
Acacia Ridge South	No	705	32.70	1451	67.30	2156	99.35	14	0.65
	2170	2.84
Blackstone	No	158	30.04	368	69.96	526	99.06	5	0.94	531	0.69
Brisbane City (Oxley)	No	55	40.44	81	59.56	136	100.00	0
	0.00	136	0.18
Bundamba	No	439	28.75	1088	71.25	1527	99.09	14	0.91	1541	2.02
Bundamba School	No	615	28.71	1527	71.29	2142	99.21	17	0.79	2159
	2.82
Calamvale (Oxley)	No	272	40.72	396	59.28	668	98.82	8	1.18	676
	0.88
Camira	No	1183	35.54	2146	64.46	3329	98.70	44	1.30	3373	4.41
Camira South	No	479	39.65	729	60.35	1208	99.26	9	0.74	1217
	1.59
Carole Park	No	346	30.76	779	69.24	1125	99.21	9	0.79	1134	1.48
Central School	No	344	29.58	819	70.42	1163	99.06	11	0.94	1174
	1.54
Churchill (Oxley)	No	544	29.45	1303	70.55	1847	99.46	10	0.54	1857
	2.43
Collingwood Park	No	581	35.84	1040	64.16	1621	99.08	15	0.92	1636
	2.14
Dinmore	No	223	25.51	651	74.49	874	99.54	4	0.46	878	1.15
Eastern Heights	No	499	32.11	1055	67.89	1554	99.36	10	0.64	1564
	2.05
East Ipswich School	No	447	29.72	1057	70.28	1504	99.60	6	0.40
	1510	1.97
Flinders View	No	607	31.90	1296	68.10	1903	99.53	9	0.47	1912
	2.50
Forest Lake	No	2092	46.46	2411	53.54	4503	99.38	28	0.62	4531	5.93
Forest Place Retirement Village	No	195	33.62	385	66.38	580	99.49	3
	0.51	583	0.76
Gailes	Yes	500	50.20	496	49.80	996	98.52	15	1.48	1011	1.32
Goodna	No	1133	33.40	2259	66.60	3392	99.01	34	0.99	3426	4.48
Grand Ave	No	375	40.45	552	59.55	927	99.78	2	0.22	929	1.21
Harrisville	No	71	22.05	251	77.95	322	99.69	1	0.31	323	0.42
Inala	No	1195	45.09	1455	54.91	2650	99.18	22	0.82	2672	3.49
Inala West	No	589	39.50	902	60.50	1491	98.74	19	1.26	1510	1.97
Ipswich	No	142	35.68	256	64.32	398	99.00	4	1.00	402	0.53
Ipswich Hospital	No	97	39.11	151	60.89	248	98.02	5	1.98	253
	0.33
Kruger School	No	1279	31.16	2825	68.84	4104	98.75	52	1.25	4156
	5.44
Newtown Ipswich	No	346	35.13	639	64.87	985	99.39	6	0.61	991
	1.30
North Booval	No	413	31.87	883	68.13	1296	99.39	8	0.61	1304
	1.71
Pallara	No	208	37.01	354	62.99	562	99.12	5	0.88	567	0.74
Peak Crossing	No	171	27.10	460	72.90	631	99.21	5	0.79	636
	0.83
Raceview School	No	940	29.93	2201	70.07	3141	99.59	13	0.41	3154
	4.12
Redbank	No	220	31.38	481	68.62	701	99.01	7	0.99	708	0.93
Redbank Plains	No	683	32.34	1429	67.66	2112	99.06	20	0.94	2132
	2.79
Richlands	No	346	36.65	598	63.35	944	98.64	13	1.36	957	1.25
Richlands East	No	486	32.82	995	67.18	1481	99.06	14	0.94	1495
	1.96
Riverview	No	335	30.57	761	69.43	1096	98.83	13	1.17	1109	1.45
Serviceton	No	788	40.45	1160	59.55	1948	99.29	14	0.71	1962	2.57
Serviceton South	No	707	37.49	1179	62.51	1886	98.69	25	1.31	1911
	2.50
Silkstone	No	847	28.15	2162	71.85	3009	99.34	20	0.66	3029	3.96
West Ipswich	No	166	34.44	316	65.56	482	99.38	3	0.62	485
	0.63
Special Hospitals	No	71	25.27	210	74.73	281	98.60	4	1.40	285
	0.37
Total Ordinary	No	22316	34.46	42445	65.54	64761	99.15	553	0.85	65314
	85.41
ABSENT	No	2189	36.37	3830	63.63	6019	99.47	32	0.53	6051	7.91
POSTAL	No	760	29.73	1796	70.27	2556	99.65	9	0.35	2565	3.35
PRE_POLL	No	831	38.94	1303	61.06	2134	99.30	15	0.70	2149	2.81
PROVISIONAL	No	122	32.02	259	67.98	381	98.20	7	1.80	388	0.51
Division Summary	No	26218	34.57	49633	65.43	75851	99.19	616	0.81	76467
	94.97
