Referendum: 6 November 1999									
		
Referendum Results										
	
By Division by Polling Place									
		

"A proposed law for the Alteration of the Constitution, entitled"			
								
   the Constitutional Alteration (Preamble) 1999					
						
											
											
South Australia											
Grey (86900)											

		Yes		No		Formal		Informal		Total	
Polling Place		                                                             
Votes	%	Votes	%	Votes	%	Votes	%	Votes	%
Andamooka	No	85	36.17	150	63.83	235	97.51	6	2.49	241	0.29
Arno Bay	No	46	19.91	185	80.09	231	99.57	1	0.43	232	0.28
Auburn	No	119	33.62	235	66.38	354	99.44	2	0.56	356	0.43
Blyth	No	84	24.07	265	75.93	349	98.87	4	1.13	353	0.43
Booborowie	No	45	24.06	142	75.94	187	98.94	2	1.06	189	0.23
Booleroo Centre	No	101	24.88	305	75.12	406	99.51	2	0.49	408
	0.50
Brinkworth	No	66	25.98	188	74.02	254	100.00	0	0.00	254
	0.31
Burra	No	299	38.09	486	61.91	785	98.74	10	1.26	795	0.97
Ceduna	No	467	29.88	1096	70.12	1563	98.36	26	1.64	1589	1.93
Clare	No	886	34.58	1676	65.42	2562	99.23	20	0.77	2582	3.14
Cleve	No	215	27.71	561	72.29	776	99.49	4	0.51	780	0.95
Coffin Bay	No	103	29.01	252	70.99	355	98.89	4	1.11	359	0.44
Coober Pedy	No	468	44.78	577	55.22	1045	98.31	18	1.69	1063	1.29
Cowell	No	173	23.83	553	76.17	726	99.18	6	0.82	732	0.89
Crystal Brook	No	280	27.59	735	72.41	1015	99.41	6	0.59	1021
	1.24
Cummins	No	217	25.93	620	74.07	837	99.64	3	0.36	840	1.02
Darke Peak	No	33	28.45	83	71.55	116	98.31	2	1.69	118	0.14
Elliston	No	88	34.92	164	65.08	252	98.44	4	1.56	256	0.31
Eudunda	No	164	21.05	615	78.95	779	98.86	9	1.14	788	0.96
Farrell Flat	No	40	30.30	92	69.70	132	99.25	1	0.75	133
	0.16
Georgetown	No	58	31.02	129	68.98	187	98.94	2	1.06	189	0.23
Gladstone	No	102	21.16	380	78.84	482	99.59	2	0.41	484	0.59
Hallett	No	46	34.33	88	65.67	134	98.53	2	1.47	136	0.17
Hawker	No	72	29.88	169	70.12	241	99.59	1	0.41	242	0.29
Iron Knob	No	37	29.37	89	70.63	126	100.00	0	0.00	126
	0.15
Jamestown	No	325	24.92	979	75.08	1304	99.24	10	0.76	1314	1.60
Karkoo	No	31	28.18	79	71.82	110	100.00	0	0.00	110
	0.13
Kimba	No	201	27.38	533	72.62	734	99.06	7	0.94	741	0.90
Kirton Point	No	320	27.26	854	72.74	1174	98.90	13	1.10	1187
	1.45
Laura	No	132	24.91	398	75.09	530	99.62	2	0.38	532	0.65
Leigh Creek	No	122	32.02	259	67.98	381	99.22	3	0.78	384	0.47
Lochiel	No	38	34.86	71	65.14	109	100.00	0	0.00	109
	0.13
Lock	No	68	19.65	278	80.35	346	99.43	2	0.57	348	0.42
Manoora	No	65	31.25	143	68.75	208	99.52	1	0.48	209	0.25
Marrabel	No	16	13.33	104	86.67	120	100.00	0	0.00	120
	0.15
Melrose	No	67	29.13	163	70.87	230	98.29	4	1.71	234	0.28
Minnipa	No	35	19.89	141	80.11	176	97.78	4	2.22	180	0.22
Napperby	No	132	30.14	306	69.86	438	99.55	2	0.45	440	0.54
North Shields	No	100	25.91	286	74.09	386	98.22	7	1.78	393
	0.48
Orroroo	No	124	22.79	420	77.21	544	99.27	4	0.73	548	0.67
Peterborough	No	239	20.05	953	79.95	1192	98.68	16	1.32	1208
	1.47
Point Pass	No	27	20.45	105	79.55	132	100.00	0	0.00	132
	0.16
Poochera	No	22	17.46	104	82.54	126	100.00	0	0.00	126
	0.15
Port Augusta Central	No	309	27.44	817	72.56	1126	99.21	9	0.79
	1135	1.38
Port Augusta East	No	514	25.61	1493	74.39	2007	98.87	23	1.13	2030
	2.47
Port Augusta West	No	422	22.41	1461	77.59	1883	98.74	24	1.26	1907
	2.32
Port Broughton	No	280	27.64	733	72.36	1013	99.12	9	0.88	1022
	1.24
Port Germein	No	76	25.33	224	74.67	300	99.34	2	0.66	302
	0.37
Port Kenny	No	43	29.25	104	70.75	147	98.00	3	2.00	150	0.18
Port Lincoln	No	1076	30.51	2451	69.49	3527	98.68	47	1.32	3574
	4.35
Port Lincoln Central	No	608	31.18	1342	68.82	1950	99.39	12	0.61
	1962	2.39
Port Lincoln South	No	209	20.21	825	79.79	1034	98.76	13	1.24
	1047	1.27
Port Neill	No	66	27.05	178	72.95	244	98.79	3	1.21	247	0.30
Port Pirie South	No	178	38.36	286	61.64	464	99.57	2	0.43	466
	0.57
Port Pirie West	No	687	27.77	1787	72.23	2474	98.68	33	1.32	2507
	3.05
Quorn	No	178	24.15	559	75.85	737	98.79	9	1.21	746	0.91
Redhill	No	58	29.44	139	70.56	197	99.49	1	0.51	198	0.24
Risdon Park East	No	865	30.91	1933	69.09	2798	98.90	31	1.10	2829
	3.44
Risdon Park South	No	326	29.42	782	70.58	1108	99.11	10	0.89	1118
	1.36
Riverton	No	202	28.98	495	71.02	697	99.71	2	0.29	699	0.85
Robertstown	No	45	16.79	223	83.21	268	98.53	4	1.47	272	0.33
Roxby Downs	No	501	34.22	963	65.78	1464	98.72	19	1.28	1483	1.81
Saddleworth	No	107	28.46	269	71.54	376	99.73	1	0.27	377	0.46
Smoky Bay	No	47	26.55	130	73.45	177	98.33	3	1.67	180	0.22
Snowtown	No	110	27.43	291	72.57	401	99.50	2	0.50	403	0.49
Solomontown	No	419	24.23	1310	75.77	1729	98.46	27	1.54	1756	2.14
Spalding	No	64	23.19	212	76.81	276	99.28	2	0.72	278	0.34
Stirling North	No	201	21.73	724	78.27	925	99.14	8	0.86	933
	1.14
Streaky Bay	No	197	23.68	635	76.32	832	98.58	12	1.42	844	1.03
Tarlee	No	62	24.12	195	75.88	257	99.23	2	0.77	259	0.32
Terowie	No	18	18.56	79	81.44	97	97.00	3	3.00	100	0.12
Tumby Bay	No	268	24.47	827	75.53	1095	98.83	13	1.17	1108	1.35
Ungarra	No	41	28.67	102	71.33	143	99.31	1	0.69	144	0.18
Wangary	No	89	32.48	185	67.52	274	99.28	2	0.72	276	0.34
Warramboo	No	27	23.68	87	76.32	114	100.00	0	0.00	114
	0.14
Watervale	No	101	35.82	181	64.18	282	99.30	2	0.70	284	0.35
Whyalla Central East	No	389	39.37	599	60.63	988	99.50	5	0.50
	993	1.21
Whyalla Central West	No	593	30.12	1376	69.88	1969	99.24	15	0.76
	1984	2.42
Whyalla Norrie East	No	593	31.18	1309	68.82	1902	98.96	20	1.04
	1922	2.34
Whyalla Norrie North	No	490	30.45	1119	69.55	1609	98.71	21	1.29
	1630	1.98
Whyalla Norrie North-West	No	285	27.25	761	72.75	1046	99.24	8
	0.76	1054	1.28
Whyalla Norrie South	No	354	23.38	1160	76.62	1514	98.76	19	1.24
	1533	1.87
Whyalla Stuart South	No	503	25.40	1477	74.60	1980	99.00	20	1.00
	2000	2.44
Whyalla Stuart West	No	389	31.70	838	68.30	1227	99.27	9	0.73
	1236	1.51
Willsden	No	258	23.50	840	76.50	1098	98.48	17	1.52	1115	1.36
Wilmington	No	86	21.88	307	78.12	393	99.24	3	0.76	396	0.48
Wirrabara	No	85	22.61	291	77.39	376	100.00	0	0.00	376
	0.46
Wirrulla	No	33	28.45	83	71.55	116	100.00	0	0.00	116
	0.14
Woomera	No	79	30.86	177	69.14	256	98.46	4	1.54	260	0.32
Wudinna	No	176	28.53	441	71.47	617	99.04	6	0.96	623	0.76
Yacka	No	24	23.30	79	76.70	103	100.00	0	0.00	103	0.13
Special Hospitals	No	269	32.06	570	67.94	839	98.82	10	1.18	849
	1.03
Remote Mobiles	No	425	30.86	952	69.14	1377	99.06	13	0.94	1390
	1.69
Total Ordinary	No	19783	28.18	50412	71.82	70195	98.99	716	1.01	70911
	86.35
ABSENT	No	1632	35.01	3029	64.99	4661	99.21	37	0.79	4698	5.72
POSTAL	No	696	25.39	2045	74.61	2741	99.24	21	0.76	2762	3.36
PRE_POLL	No	1122	31.94	2391	68.06	3513	99.63	13	0.37	3526	4.29
PROVISIONAL	No	61	27.35	162	72.65	223	99.55	1	0.45	224	0.27
Division Summary	No	23294	28.64	58039	71.36	81333	99.04	788	0.96	82121
	94.50
