Referendum: 6 November 1999									
		
Referendum Results										
	
By Division by Polling Place									
		

"A proposed law for the Alteration of the Constitution, entitled"			
								
   the Constitutional Alteration (Establishment of Republic) 1999			
								
											
											
Queensland											
Fisher (78892)											

		Yes		No		Formal		Informal		Total	
Polling Place		Votes	%	Votes	%	Votes	%	Votes	%	Votes	%
Alexandra Headland	Yes	335	54.56	279	45.44	614	99.68	2	0.32
	616	0.82
Aroona	No	556	38.45	890	61.55	1446	99.31	10	0.69	1456	1.95
Arthur Street	No	217	34.12	419	65.88	636	99.22	5	0.78	641
	0.86
Brisbane City (Fisher)	No	49	47.12	55	52.88	104	99.05	1	0.95
	105	0.14
Buddina	No	1452	37.76	2393	62.24	3845	99.30	27	0.70	3872	5.18
Buderim	No	1726	41.43	2440	58.57	4166	99.38	26	0.62	4192	5.61
Buderim Central	No	439	37.46	733	62.54	1172	99.58	5	0.42	1177
	1.57
Buderim Garden Village	No	530	38.97	830	61.03	1360	99.42	8	0.58
	1368	1.83
Buderim Immanuel Lutheran College	No	77	40.53	113	59.47	190	98.96	2
	1.04	192	0.26
Buderim North	No	329	35.61	595	64.39	924	99.35	6	0.65	930
	1.24
Buderim Pines	No	379	40.80	550	59.20	929	99.46	5	0.54	934
	1.25
Buderim South	No	292	39.78	442	60.22	734	99.46	4	0.54	738
	0.99
Caloundra	Yes	2054	64.82	1115	35.18	3169	99.28	23	0.72	3192	4.27
Caloundra West	No	271	34.83	507	65.17	778	99.36	5	0.64	783
	1.05
Cotton Tree	No	716	39.41	1101	60.59	1817	99.34	12	0.66	1829	2.45
Currimundi	No	1351	37.65	2237	62.35	3588	99.09	33	0.91	3621	4.84
Currimundi West	No	613	36.36	1073	63.64	1686	99.12	15	0.88	1701
	2.28
Diddillibah	No	287	38.58	457	61.42	744	99.20	6	0.80	750	1.00
Eudlo	No	300	44.64	372	55.36	672	99.26	5	0.74	677	0.91
Forest Glen	No	265	31.93	565	68.07	830	99.40	5	0.60	835	1.12
Glenview	No	250	35.61	452	64.39	702	99.72	2	0.28	704	0.94
Golden Beach	No	1023	31.66	2208	68.34	3231	99.38	20	0.62	3251
	4.35
Kawana Waters	No	1249	40.26	1853	59.74	3102	99.33	21	0.67	3123
	4.18
Kuluin	No	723	36.22	1273	63.78	1996	99.25	15	0.75	2011	2.69
Little Mountain	No	355	33.43	707	66.57	1062	99.44	6	0.56	1068
	1.43
Maroochydore	No	947	38.56	1509	61.44	2456	99.23	19	0.77	2475
	3.31
Maroochydore East	No	842	36.74	1450	63.26	2292	99.26	17	0.74	2309
	3.09
Minyama	No	320	35.87	572	64.13	892	99.11	8	0.89	900	1.20
Montville (Fisher)	No	42	46.15	49	53.85	91	100.00	0
	0.00	91	0.12
Mooloolaba	No	1374	40.83	1991	59.17	3365	99.29	24	0.71	3389	4.53
Mooloolah	No	346	34.46	658	65.54	1004	99.31	7	0.69	1011	1.35
Mountain Creek	No	1173	39.60	1789	60.40	2962	99.16	25	0.84	2987
	4.00
Ocean View Avenue	No	296	40.49	435	59.51	731	99.19	6	0.81	737
	0.99
Palmwoods	No	622	34.65	1173	65.35	1795	98.79	22	1.21	1817	2.43
Shelly Beach	No	484	41.69	677	58.31	1161	99.66	4	0.34	1165
	1.56
Sippy Downs	No	389	35.30	713	64.70	1102	99.55	5	0.45	1107	1.48
Warana	No	200	28.41	504	71.59	704	99.02	7	0.98	711	0.95
Woombye	No	483	31.61	1045	68.39	1528	99.54	7	0.46	1535	2.05
Special Hospitals	No	158	31.54	343	68.46	501	97.47	13	2.53	514
	0.69
Total Ordinary	No	23514	39.14	36567	60.86	60081	99.28	433	0.72	60514
	80.94
ABSENT	No	2110	40.49	3101	59.51	5211	99.56	23	0.44	5234	7.00
POSTAL	No	945	28.07	2421	71.93	3366	98.74	43	1.26	3409	4.56
PRE_POLL	No	1831	35.83	3279	64.17	5110	99.30	36	0.70	5146	6.88
PROVISIONAL	No	177	38.39	284	61.61	461	99.78	1	0.22	462	0.62
Division Summary	No	28577	38.50	45652	61.50	74229	99.28	536	0.72	74765
	94.77
