Referendum: 6 November 1999									
		
Referendum Results										
	
By Division by Polling Place									
		

"A proposed law for the Alteration of the Constitution, entitled"			
								
   the Constitutional Alteration (Establishment of Republic) 1999			
								
											
											
New South Wales											
Greenway (88608)											

		Yes		No		Formal		Informal		Total	
Polling Place		Votes	%	Votes	%	Votes	%	Votes	%	Votes	%
Blacktown Central	No	78	46.71	89	53.29	167	98.82	2	1.18	169
	0.20
Blacktown City	Yes	627	53.14	553	46.86	1180	98.83	14	1.17	1194
	1.41
Blacktown East	No	1304	46.14	1522	53.86	2826	98.98	29	1.02	2855
	3.37
Blacktown Hospital	No	186	49.73	188	50.27	374	97.14	11	2.86
	385	0.45
Blacktown North	No	616	41.54	867	58.46	1483	99.13	13	0.87	1496
	1.77
Blacktown South	No	1050	44.68	1300	55.32	2350	98.78	29	1.22	2379
	2.81
Blacktown West (Greenway)	No	1416	43.29	1855	56.71	3271	98.49	50
	1.51	3321	3.92
Dean Park	Yes	799	50.19	793	49.81	1592	98.94	17	1.06	1609	1.90
Glenwood	No	1199	47.45	1328	52.55	2527	98.56	37	1.44	2564	3.03
Grantham	No	778	43.22	1022	56.78	1800	98.85	21	1.15	1821	2.15
Grantham Heights	No	742	44.19	937	55.81	1679	99.17	14	0.83	1693
	2.00
Hambledon	No	781	44.17	987	55.83	1768	99.61	7	0.39	1775	2.10
Kings Langley	No	1039	48.85	1088	51.15	2127	98.88	24	1.12	2151
	2.54
Kings Langley North	Yes	1589	53.97	1355	46.03	2944	98.83	35	1.17
	2979	3.52
Kings Park	No	608	46.27	706	53.73	1314	98.72	17	1.28	1331	1.57
Lalor Park	No	1094	43.60	1415	56.40	2509	98.47	39	1.53	2548	3.01
Lawson Park	No	945	46.62	1082	53.38	2027	98.40	33	1.60	2060	2.43
Lynwood Park	No	487	38.41	781	61.59	1268	99.14	11	0.86	1279
	1.51
Marayong	No	1281	43.79	1644	56.21	2925	97.96	61	2.04	2986	3.53
Marayong Heights	No	679	44.79	837	55.21	1516	98.70	20	1.30	1536
	1.81
Marayong South	No	350	36.19	617	63.81	967	99.28	7	0.72	974
	1.15
Marayong West	No	1180	48.92	1232	51.08	2412	98.89	27	1.11	2439
	2.88
Marsden Park	No	211	38.64	335	61.36	546	99.27	4	0.73	550
	0.65
Metella Road	No	1576	46.10	1843	53.90	3419	98.56	50	1.44	3469
	4.10
Oldfield Road	No	801	48.57	848	51.43	1649	98.80	20	1.20	1669
	1.97
Prospect	Yes	105	50.24	104	49.76	209	98.12	4	1.88	213	0.25
Quakers Hill	No	1096	44.19	1384	55.81	2480	98.57	36	1.43	2516
	2.97
Quakers Hill East	No	1735	47.61	1909	52.39	3644	98.81	44	1.19	3688
	4.36
Quakers Hill North	No	1335	48.70	1406	51.30	2741	99.13	24	0.87
	2765	3.27
Riverstone	No	559	32.59	1156	67.41	1715	98.79	21	1.21	1736	2.05
Riverstone East	No	568	34.24	1091	65.76	1659	98.11	32	1.89	1691
	2.00
St Michael's	Yes	661	51.52	622	48.48	1283	98.77	16	1.23	1299
	1.53
Schofields	No	606	37.43	1013	62.57	1619	98.72	21	1.28	1640	1.94
Seven Hills	No	851	46.00	999	54.00	1850	99.30	13	0.70	1863	2.20
Seven Hills High	No	689	40.03	1032	59.97	1721	98.62	24	1.38	1745
	2.06
Seven Hills North	Yes	859	50.15	854	49.85	1713	98.79	21	1.21	1734
	2.05
Seven Hills West	No	832	42.17	1141	57.83	1973	98.26	35	1.74	2008
	2.37
Sydney (Greenway)	Yes	73	56.15	57	43.85	130	99.24	1	0.76	131
	0.15
Vineyard East (Greenway)	No	36	36.73	62	63.27	98	98.99	1
	1.01	99	0.12
Walters Road (Greenway)	No	557	43.38	727	56.62	1284	98.47	20	1.53
	1304	1.54
Woodcroft	Yes	210	58.01	152	41.99	362	98.91	4	1.09	366	0.43
Special Hospitals	No	86	32.95	175	67.05	261	96.31	10	3.69	271
	0.32
Total Ordinary	No	32274	45.21	39108	54.79	71382	98.73	919	1.27	72301
	85.38
ABSENT	No	2820	46.57	3235	53.43	6055	99.07	57	0.93	6112	7.22
POSTAL	No	717	35.94	1278	64.06	1995	99.50	10	0.50	2005	2.37
PRE_POLL	No	1596	43.17	2101	56.83	3697	99.17	31	0.83	3728	4.40
PROVISIONAL	No	253	48.01	274	51.99	527	99.06	5	0.94	532	0.63
Division Summary	No	37660	45.02	45996	54.98	83656	98.79	1022	1.21	84678
	95.56
