Referendum: 6 November 1999									
		
Referendum Results										
	
By Division by Polling Place									
		

"A proposed law for the Alteration of the Constitution, entitled"			
								
   the Constitutional Alteration (Establishment of Republic) 1999			
								
											
											
New South Wales											
Hughes (89630)											

		Yes		No		Formal		Informal		Total	
Polling Place		Votes	%	Votes	%	Votes	%	Votes	%	Votes	%
Alfords Point	Yes	959	53.01	850	46.99	1809	98.64	25	1.36	1834
	2.13
Bangor	Yes	2097	50.01	2096	49.99	4193	99.10	38	0.90	4231	4.91
Barden Ridge	Yes	752	52.11	691	47.89	1443	99.45	8	0.55	1451
	1.68
Bonnet Bay	Yes	804	54.69	666	45.31	1470	99.32	10	0.68	1480	1.72
Bundeena	Yes	630	55.56	504	44.44	1134	99.04	11	0.96	1145	1.33
Caravan Head	Yes	401	55.23	325	44.77	726	99.05	7	0.95	733
	0.85
Chipping Norton	No	1229	47.54	1356	52.46	2585	99.27	19	0.73	2604
	3.02
Coalcliff	Yes	71	61.21	45	38.79	116	99.15	1	0.85	117	0.14
Como	Yes	437	53.88	374	46.12	811	99.51	4	0.49	815	0.95
Como West	Yes	1024	53.00	908	47.00	1932	99.13	17	0.87	1949	2.26
Engadine	No	1530	49.74	1546	50.26	3076	99.29	22	0.71	3098	3.59
Engadine East	No	343	49.78	346	50.22	689	99.42	4	0.58	693
	0.80
Engadine South	Yes	876	51.65	820	48.35	1696	99.30	12	0.70	1708
	1.98
Engadine West	No	1401	45.95	1648	54.05	3049	99.28	22	0.72	3071
	3.56
Hammondville	No	636	40.36	940	59.64	1576	98.75	20	1.25	1596
	1.85
Heathcote	No	972	46.98	1097	53.02	2069	99.28	15	0.72	2084	2.42
Heathcote East	No	617	47.14	692	52.86	1309	99.24	10	0.76	1319
	1.53
Helensburgh	Yes	1173	50.06	1170	49.94	2343	99.41	14	0.59	2357	2.73
Helensburgh North	Yes	388	50.99	373	49.01	761	99.61	3	0.39	764
	0.89
Holsworthy	No	568	48.22	610	51.78	1178	98.91	13	1.09	1191	1.38
Illawong	Yes	1636	51.99	1511	48.01	3147	99.15	27	0.85	3174	3.68
Jannali East	No	851	48.19	915	51.81	1766	99.16	15	0.84	1781
	2.07
Jannali West	No	527	45.67	627	54.33	1154	99.23	9	0.77	1163
	1.35
Loftus	No	1101	48.23	1182	51.77	2283	99.52	11	0.48	2294	2.66
Maianbar	Yes	150	55.15	122	44.85	272	98.91	3	1.09	275	0.32
Marton	No	961	48.83	1007	51.17	1968	99.29	14	0.71	1982	2.30
Menai	Yes	1044	50.36	1029	49.64	2073	98.95	22	1.05	2095	2.43
Menai Central	Yes	991	54.81	817	45.19	1808	99.50	9	0.50	1817
	2.11
Menai North	Yes	769	55.81	609	44.19	1378	99.35	9	0.65	1387	1.61
Moorebank	No	1783	44.20	2251	55.80	4034	98.99	41	1.01	4075	4.73
Newbridge Heights	No	997	46.09	1166	53.91	2163	98.54	32	1.46	2195
	2.55
Otford	Yes	114	58.46	81	41.54	195	98.98	2	1.02	197	0.23
Oyster Bay	Yes	1098	50.72	1067	49.28	2165	99.36	14	0.64	2179	2.53
Prince Edward Park	Yes	318	51.71	297	48.29	615	99.35	4	0.65
	619	0.72
Sandy Point	No	141	45.48	169	54.52	310	99.68	1	0.32	311	0.36
Stanwell Park	Yes	427	65.49	225	34.51	652	99.24	5	0.76	657
	0.76
Sutherland	Yes	881	50.55	862	49.45	1743	98.92	19	1.08	1762	2.04
Sutherland East (Hughes)	No	207	49.29	213	50.71	420	99.53	2
	0.47	422	0.49
Sutherland North (Hughes)	No	382	46.25	444	53.75	826	98.80	10
	1.20	836	0.97
Sutherland West	No	390	45.40	469	54.60	859	98.96	9	1.04	868
	1.01
Sydney (Hughes)	Yes	71	60.68	46	39.32	117	98.32	2	1.68	119
	0.14
Waterfall	No	133	47.33	148	52.67	281	98.94	3	1.06	284	0.33
Wattle Grove	No	2049	47.60	2256	52.40	4305	99.15	37	0.85	4342
	5.04
Woronora Heights	Yes	674	52.09	620	47.91	1294	99.54	6	0.46	1300
	1.51
Woronora River	Yes	225	50.56	220	49.44	445	99.33	3	0.67	448
	0.52
Yarrawarrah	Yes	898	54.86	739	45.14	1637	99.27	12	0.73	1649	1.91
Special Hospitals	No	131	37.32	220	62.68	351	99.43	2	0.57	353
	0.41
Total Ordinary	No	35857	49.65	36369	50.35	72226	99.18	598	0.82	72824
	84.48
ABSENT	Yes	3111	50.59	3039	49.41	6150	99.32	42	0.68	6192	7.18
POSTAL	No	831	37.67	1375	62.33	2206	99.68	7	0.32	2213	2.57
PRE_POLL	No	2133	44.94	2613	55.06	4746	99.71	14	0.29	4760	5.52
PROVISIONAL	Yes	117	54.67	97	45.33	214	99.07	2	0.93	216	0.25
Division Summary	No	42049	49.16	43493	50.84	85542	99.23	663	0.77	86205
	96.18
