Referendum: 6 November 1999									
		
Referendum Results										
	
By Division by Polling Place									
		

"A proposed law for the Alteration of the Constitution, entitled"			
								
   the Constitutional Alteration (Establishment of Republic) 1999			
								
											
											
Victoria											
Ballarat (83847)											

		Yes		No		Formal		Informal		Total	
Polling Place		Votes	%	Votes	%	Votes	%	Votes	%	Votes	%
Alfredton	No	164	40.20	244	59.80	408	98.79	5	1.21	413	0.51
Alfredton West	No	995	45.15	1209	54.85	2204	99.50	11	0.50	2215
	2.74
Amphitheatre	No	48	26.09	136	73.91	184	99.46	1	0.54	185
	0.23
Ascot	No	41	27.15	110	72.85	151	99.34	1	0.66	152	0.19
Avoca	No	247	28.04	634	71.96	881	99.66	3	0.34	884	1.09
Ballan	No	653	40.31	967	59.69	1620	98.78	20	1.22	1640	2.03
Ballarat	No	731	49.19	755	50.81	1486	98.93	16	1.07	1502	1.86
Ballarat City	No	265	49.81	267	50.19	532	99.81	1	0.19	533
	0.66
Ballarat North	No	1169	42.39	1589	57.61	2758	98.89	31	1.11	2789
	3.45
Ballarat North West	Yes	766	57.64	563	42.36	1329	99.63	5	0.37
	1334	1.65
Ballarat South	No	605	42.79	809	57.21	1414	98.88	16	1.12	1430
	1.77
Ballarat South West	No	1093	45.43	1313	54.57	2406	99.38	15	0.62
	2421	3.00
Black Hill	No	1226	48.31	1312	51.69	2538	99.41	15	0.59	2553	3.16
Blackwood	No	128	47.06	144	52.94	272	98.55	4	1.45	276	0.34
Brown Hill	No	738	41.11	1057	58.89	1795	99.17	15	0.83	1810	2.24
Bungaree	No	140	38.25	226	61.75	366	99.73	1	0.27	367	0.45
Buninyong	Yes	1177	50.02	1176	49.98	2353	99.24	18	0.76	2371	2.94
Burrumbeet	No	65	35.71	117	64.29	182	100.00	0	0.00	182
	0.23
Canadian	No	825	41.25	1175	58.75	2000	99.11	18	0.89	2018	2.50
Clarkes Hill	No	68	40.00	102	60.00	170	100.00	0	0.00
	170	0.21
Clunes	No	362	34.81	678	65.19	1040	99.33	7	0.67	1047	1.30
Concongella	No	67	27.57	176	72.43	243	99.59	1	0.41	244	0.30
Creswick	No	776	42.45	1052	57.55	1828	99.51	9	0.49	1837	2.27
Creswick North	No	104	35.37	190	64.63	294	99.66	1	0.34	295
	0.37
Daylesford	No	1008	46.34	1167	53.66	2175	99.09	20	0.91	2195	2.72
Delacombe	No	672	39.37	1035	60.63	1707	98.78	21	1.22	1728	2.14
Drummond	No	92	48.68	97	51.32	189	98.44	3	1.56	192	0.24
Elaine	No	89	31.67	192	68.33	281	98.60	4	1.40	285	0.35
Glenlyon	Yes	162	51.76	151	48.24	313	98.12	6	1.88	319	0.39
Glenorchy	No	47	29.56	112	70.44	159	99.37	1	0.63	160	0.20
Gordon	No	228	43.02	302	56.98	530	100.00	0	0.00	530
	0.66
Great Western	No	103	32.49	214	67.51	317	99.06	3	0.94	320
	0.40
Haddon	No	397	37.70	656	62.30	1053	98.97	11	1.03	1064	1.32
Halls Gap	No	110	42.47	149	57.53	259	99.62	1	0.38	260	0.32
Hepburn Springs	Yes	293	50.96	282	49.04	575	98.80	7	1.20	582
	0.72
Landsborough	No	46	25.41	135	74.59	181	99.45	1	0.55	182
	0.23
Learmonth	No	152	38.38	244	61.62	396	99.50	2	0.50	398	0.49
Lexton	No	62	30.54	141	69.46	203	98.54	3	1.46	206	0.26
Little Bendigo	No	37	43.02	49	56.98	86	97.73	2	2.27	88
	0.11
Magpie	No	92	45.54	110	54.46	202	99.02	2	0.98	204	0.25
Marnoo	No	24	15.58	130	84.42	154	99.35	1	0.65	155	0.19
Melbourne (Ballarat)	Yes	28	60.87	18	39.13	46	97.87	1	2.13	47
	0.06
Miners Rest	No	248	33.47	493	66.53	741	99.87	1	0.13	742	0.92
Moonambel	No	56	30.27	129	69.73	185	99.46	1	0.54	186	0.23
Mount Clear	No	1081	46.02	1268	53.98	2349	99.49	12	0.51	2361	2.92
Mount Egerton	No	104	42.28	142	57.72	246	100.00	0	0.00
	246	0.30
Mount Pleasant	No	781	39.79	1182	60.21	1963	98.94	21	1.06	1984
	2.46
Mount Wallace	No	53	38.69	84	61.31	137	100.00	0	0.00
	137	0.17
Napoleons	No	205	39.42	315	60.58	520	98.86	6	1.14	526	0.65
Natte Yallock	No	14	19.18	59	80.82	73	100.00	0	0.00	73
	0.09
Navarre	No	22	26.51	61	73.49	83	98.81	1	1.19	84	0.10
Newington	No	109	39.78	165	60.22	274	99.28	2	0.72	276	0.34
Newlyn	No	171	38.26	276	61.74	447	99.11	4	0.89	451	0.56
Redan	No	759	40.16	1131	59.84	1890	99.11	17	0.89	1907	2.36
Redan North	No	385	48.43	410	51.57	795	99.50	4	0.50	799	0.99
Ross Creek	No	273	42.39	371	57.61	644	99.08	6	0.92	650	0.80
Sebastopol	No	1011	32.79	2072	67.21	3083	98.91	34	1.09	3117	3.86
Smeaton	No	92	35.80	165	64.20	257	100.00	0	0.00	257
	0.32
Soldiers Hill	No	475	49.22	490	50.78	965	99.38	6	0.62	971
	1.20
Springbank	No	68	33.33	136	66.67	204	99.03	2	0.97	206	0.26
Stawell	No	619	29.13	1506	70.87	2125	99.44	12	0.56	2137	2.65
Stawell District Hospital	No	39	28.26	99	71.74	138	100.00	0
	0.00	138	0.17
Stawell West	No	510	28.27	1294	71.73	1804	99.01	18	0.99	1822
	2.26
Talbot	No	186	33.88	363	66.12	549	99.28	4	0.72	553	0.68
The Stockade	No	809	45.89	954	54.11	1763	98.93	19	1.07	1782
	2.21
Warrenheip	No	287	39.70	436	60.30	723	98.91	8	1.09	731	0.91
Waubra	No	98	37.69	162	62.31	260	99.24	2	0.76	262	0.32
Wendouree	No	902	41.70	1261	58.30	2163	99.08	20	0.92	2183	2.70
Wendouree East	No	582	38.29	938	61.71	1520	98.70	20	1.30	1540
	1.91
Wendouree North	No	1112	38.60	1769	61.40	2881	98.87	33	1.13	2914
	3.61
Wendouree West	No	437	34.03	847	65.97	1284	98.77	16	1.23	1300
	1.61
Yandoit	No	59	39.86	89	60.14	148	99.33	1	0.67	149	0.18
Special Hospitals	No	248	33.74	487	66.26	735	99.06	7	0.94	742
	0.92
Total Ordinary	No	27890	40.88	40339	59.12	68229	99.16	580	0.84	68809
	85.19
ABSENT	No	2191	48.93	2287	51.07	4478	99.36	29	0.64	4507	5.58
POSTAL	No	789	28.90	1941	71.10	2730	99.67	9	0.33	2739	3.39
PRE_POLL	No	1808	40.65	2640	59.35	4448	99.53	21	0.47	4469	5.53
PROVISIONAL	No	106	43.44	138	56.56	244	98.79	3	1.21	247	0.31
Division Summary	No	32784	40.91	47345	59.09	80129	99.21	642	0.79	80771
	96.33
