Referendum: 6 November 1999									
		
Referendum Results										
	
By Division by Polling Place									
		

"A proposed law for the Alteration of the Constitution, entitled"			
								
   the Constitutional Alteration (Preamble) 1999					
						
											
											
South Australia											
Mayo (83585)											

		Yes		No		Formal		Informal		Total	
Polling Place		                                                             
Votes	%	Votes	%	Votes	%	Votes	%	Votes	%
Aberfoyle Park	No	1504	44.43	1881	55.57	3385	99.06	32	0.94	3417
	4.24
Aberfoyle Park North (Mayo)	No	998	46.42	1152	53.58	2150	98.94	23
	1.06	2173	2.69
Aberfoyle Park South	No	409	47.01	461	52.99	870	99.09	8	0.91
	878	1.09
Adelaide (Mayo)	No	46	42.20	63	57.80	109	100.00	0	0.00
	109	0.14
Aldgate	No	979	48.35	1046	51.65	2025	99.31	14	0.69	2039	2.53
Athelstone	No	1744	45.36	2101	54.64	3845	98.92	42	1.08	3887	4.82
Athelstone West	Yes	1733	53.29	1519	46.71	3252	98.25	58	1.75	3310
	4.10
Balhannah	No	609	40.98	877	59.02	1486	99.66	5	0.34	1491	1.85
Basket Range	No	59	45.04	72	54.96	131	100.00	0	0.00
	131	0.16
Bridgewater	No	719	45.11	875	54.89	1594	99.25	12	0.75	1606	1.99
Brukunga	No	52	30.59	118	69.41	170	98.27	3	1.73	173	0.21
Callington	No	84	29.07	205	70.93	289	98.97	3	1.03	292	0.36
Charleston	No	75	31.51	163	68.49	238	98.76	3	1.24	241	0.30
Cherry Gardens	No	209	43.09	276	56.91	485	99.18	4	0.82	489
	0.61
Clarendon	No	176	39.11	274	60.89	450	98.90	5	1.10	455	0.56
Coromandel Valley (Mayo)	No	562	49.87	565	50.13	1127	99.38	7
	0.62	1134	1.41
Crafers	No	618	46.61	708	53.39	1326	99.62	5	0.38	1331	1.65
Cudlee Creek	No	73	41.01	105	58.99	178	97.80	4	2.20	182
	0.23
Echunga	No	324	40.50	476	59.50	800	99.01	8	0.99	808	1.00
Hahndorf	No	709	42.81	947	57.19	1656	99.40	10	0.60	1666	2.07
Happy Valley (Mayo)	No	564	41.35	800	58.65	1364	98.77	17	1.23
	1381	1.71
Harrogate	No	44	40.00	66	60.00	110	100.00	0	0.00	110
	0.14
Highbury South (Mayo)	No	1116	46.89	1264	53.11	2380	98.96	25	1.04
	2405	2.98
Houghton	No	238	40.89	344	59.11	582	98.98	6	1.02	588	0.73
Kangarilla	No	217	43.49	282	56.51	499	98.23	9	1.77	508	0.63
Langhorne Creek	No	83	34.87	155	65.13	238	99.17	2	0.83	240
	0.30
Lenswood	No	163	36.71	281	63.29	444	99.55	2	0.45	446	0.55
Littlehampton	No	572	40.83	829	59.17	1401	98.94	15	1.06	1416
	1.76
Lobethal	No	415	33.04	841	66.96	1256	99.05	12	0.95	1268	1.57
Longwood	No	136	41.59	191	58.41	327	99.39	2	0.61	329	0.41
Macclesfield	No	296	39.41	455	60.59	751	99.21	6	0.79	757
	0.94
Mclaren Flat	No	258	40.00	387	60.00	645	98.47	10	1.53	655
	0.81
Mclaren Vale	No	757	37.40	1267	62.60	2024	99.17	17	0.83	2041
	2.53
Magill (Mayo)	Yes	800	50.89	772	49.11	1572	98.68	21	1.32	1593
	1.98
Meadows	No	352	38.22	569	61.78	921	98.71	12	1.29	933	1.16
Montacute	No	47	27.49	124	72.51	171	99.42	1	0.58	172	0.21
Mount Barker	No	1738	37.60	2884	62.40	4622	98.85	54	1.15	4676
	5.80
Mylor	No	344	47.58	379	52.42	723	99.04	7	0.96	730	0.91
Nairne	No	633	35.72	1139	64.28	1772	98.44	28	1.56	1800	2.23
Newton	Yes	860	50.98	827	49.02	1687	97.97	35	2.03	1722	2.14
Norton Summit	No	253	46.00	297	54.00	550	98.74	7	1.26	557
	0.69
Old Noarlunga	No	197	31.83	422	68.17	619	98.41	10	1.59	629
	0.78
Paracombe	No	124	42.61	167	57.39	291	98.64	4	1.36	295	0.37
Paradise	No	843	49.33	866	50.67	1709	98.44	27	1.56	1736	2.15
Piccadilly	No	226	47.98	245	52.02	471	99.16	4	0.84	475	0.59
Prospect Hill	Yes	76	55.88	60	44.12	136	99.27	1	0.73	137
	0.17
Rostrevor	No	1493	48.35	1595	51.65	3088	99.13	27	0.87	3115	3.86
Stirling East	Yes	602	51.67	563	48.33	1165	99.23	9	0.77	1174
	1.46
Stirling West	No	1010	49.80	1018	50.20	2028	99.56	9	0.44	2037
	2.53
Strathalbyn	No	791	31.73	1702	68.27	2493	99.01	25	0.99	2518	3.12
Summertown	No	383	47.46	424	52.54	807	99.38	5	0.62	812	1.01
Upper Sturt	Yes	270	51.43	255	48.57	525	99.43	3	0.57	528	0.65
Uraidla	No	225	42.78	301	57.22	526	99.62	2	0.38	528	0.65
Willunga	No	708	39.95	1064	60.05	1772	99.38	11	0.62	1783	2.21
Woodchester	No	78	27.86	202	72.14	280	99.64	1	0.36	281	0.35
Woodforde	No	181	43.61	234	56.39	415	99.76	1	0.24	416	0.52
Woodside	No	444	34.85	830	65.15	1274	98.91	14	1.09	1288	1.60
Special Hospitals	No	75	26.41	209	73.59	284	95.30	14	4.70	298
	0.37
Total Ordinary	No	29294	43.41	38194	56.59	67488	98.97	701	1.03	68189
	84.54
ABSENT	No	3154	45.80	3733	54.20	6887	99.31	48	0.69	6935	8.60
POSTAL	No	717	33.63	1415	66.37	2132	99.49	11	0.51	2143	2.66
PRE_POLL	No	1357	43.68	1750	56.32	3107	99.71	9	0.29	3116	3.86
PROVISIONAL	No	121	44.65	150	55.35	271	99.63	1	0.37	272	0.34
Division Summary	No	34643	43.37	45242	56.63	79885	99.05	770	0.95	80655
	96.49
