Referendum: 6 November 1999									
		
Referendum Results										
	
By Division by Polling Place									
		

"A proposed law for the Alteration of the Constitution, entitled"			
								
   the Constitutional Alteration (Preamble) 1999					
						
											
											
New South Wales											
Cowper (80698)											

		Yes		No		Formal		Informal		Total	
Polling Place		                                                             
Votes	%	Votes	%	Votes	%	Votes	%	Votes	%
Aldavilla	No	337	27.69	880	72.31	1217	99.35	8	0.65	1225	1.59
Argents Hill	No	40	44.44	50	55.56	90	100.00	0	0.00	90
	0.12
Bayldon	No	712	32.74	1463	67.26	2175	99.32	15	0.68	2190	2.85
Beechwood	No	233	32.50	484	67.50	717	99.31	5	0.69	722	0.94
Bellbrook	No	42	22.46	145	77.54	187	99.47	1	0.53	188	0.24
Bellimbopinni	No	35	29.41	84	70.59	119	99.17	1	0.83	120
	0.16
Bellingen	No	736	33.96	1431	66.04	2167	99.36	14	0.64	2181	2.84
Bellingen Hospital	No	42	34.43	80	65.57	122	97.60	3	2.40
	125	0.16
Boambee	No	432	38.40	693	61.60	1125	99.38	7	0.62	1132	1.47
Bonville	No	280	35.40	511	64.60	791	99.50	4	0.50	795	1.03
Bostobrick	No	27	27.55	71	72.45	98	98.99	1	1.01	99	0.13
Bowraville	No	301	29.14	732	70.86	1033	98.95	11	1.05	1044	1.36
Coffs Harbour	No	604	35.74	1086	64.26	1690	98.95	18	1.05	1708
	2.22
Coffs Harbour East	No	643	36.64	1112	63.36	1755	99.21	14	0.79
	1769	2.30
Coffs Harbour Hospital	No	96	40.68	140	59.32	236	98.74	3	1.26
	239	0.31
Coffs Harbour Jetty	No	439	38.14	712	61.86	1151	98.46	18	1.54
	1169	1.52
Coffs Harbour Narranga	No	563	30.53	1281	69.47	1844	98.82	22	1.18
	1866	2.43
Coffs Harbour St Augustines	No	695	36.16	1227	63.84	1922	99.23	15
	0.77	1937	2.52
Coffs Harbour South	No	356	33.62	703	66.38	1059	98.88	12	1.12
	1071	1.39
Coffs Harbour West	No	1036	33.37	2069	66.63	3105	98.85	36	1.15
	3141	4.08
Coramba	No	99	27.65	259	72.35	358	99.72	1	0.28	359	0.47
Crescent Head	No	310	39.79	469	60.21	779	98.86	9	1.14	788
	1.02
Deervale	No	20	25.97	57	74.03	77	100.00	0	0.00	77
	0.10
Dorrigo	No	280	24.43	866	75.57	1146	99.74	3	0.26	1149	1.49
Eungai Creek	No	102	31.48	222	68.52	324	99.39	2	0.61	326
	0.42
Frederickton	No	217	26.82	592	73.18	809	98.78	10	1.22	819
	1.06
Gladstone	No	147	26.02	418	73.98	565	99.47	3	0.53	568	0.74
Gleniffer	No	54	37.24	91	62.76	145	98.64	2	1.36	147	0.19
Hat Head	No	60	26.43	167	73.57	227	99.56	1	0.44	228	0.30
Hollisdale	No	26	28.89	64	71.11	90	100.00	0	0.00	90
	0.12
Karangi	No	143	37.14	242	62.86	385	99.74	1	0.26	386	0.50
Kempsey	No	341	28.54	854	71.46	1195	99.01	12	0.99	1207	1.57
Kempsey East	No	265	27.89	685	72.11	950	99.16	8	0.84	958
	1.25
Kempsey High	No	385	25.60	1119	74.40	1504	99.67	5	0.33	1509
	1.96
Kempsey Hospital	No	64	31.53	139	68.47	203	98.07	4	1.93	207
	0.27
Kempsey South	No	298	29.39	716	70.61	1014	99.51	5	0.49	1019
	1.32
Kempsey West	No	283	29.63	672	70.37	955	99.48	5	0.52	960
	1.25
Kinchela	No	20	19.42	83	80.58	103	100.00	0	0.00	103
	0.13
Korora	No	588	41.26	837	58.74	1425	99.72	4	0.28	1429	1.86
Kundabung	No	49	24.87	148	75.13	197	99.49	1	0.51	198	0.26
Lowanna	No	32	23.02	107	76.98	139	99.29	1	0.71	140	0.18
Macksville	No	671	28.50	1683	71.50	2354	99.41	14	0.59	2368	3.08
Medlow	No	55	27.92	142	72.08	197	100.00	0	0.00	197
	0.26
Missabotti	No	23	20.00	92	80.00	115	100.00	0	0.00	115
	0.15
Moonee Beach	No	306	35.87	547	64.13	853	99.53	4	0.47	857
	1.11
Mullaway	No	416	34.99	773	65.01	1189	99.17	10	0.83	1199	1.56
Mylestom	No	146	35.18	269	64.82	415	99.28	3	0.72	418	0.54
Nambucca Heads	No	1062	36.09	1881	63.91	2943	99.06	28	0.94	2971
	3.86
Nana Glen	No	163	28.40	411	71.60	574	98.80	7	1.20	581	0.76
Newville	No	249	30.74	561	69.26	810	99.63	3	0.37	813	1.06
Pembrooke	No	41	26.80	112	73.20	153	100.00	0	0.00	153
	0.20
Port Macquarie North Shore	No	127	39.32	196	60.68	323	99.38	2
	0.62	325	0.42
Raleigh	No	102	29.39	245	70.61	347	99.14	3	0.86	350	0.45
Repton	No	95	45.67	113	54.33	208	99.52	1	0.48	209	0.27
Rollands Plains	No	48	30.00	112	70.00	160	99.38	1	0.62	161
	0.21
Sandy Beach	No	604	38.77	954	61.23	1558	99.30	11	0.70	1569	2.04
Sawtell	No	675	34.21	1298	65.79	1973	99.50	10	0.50	1983	2.58
Scotts Head	No	191	38.35	307	61.65	498	99.40	3	0.60	501	0.65
Smithtown	No	110	22.87	371	77.13	481	99.59	2	0.41	483	0.63
South West Rocks	No	617	33.37	1232	66.63	1849	99.20	15	0.80	1864
	2.42
South West Rocks South	No	199	34.73	374	65.27	573	99.65	2	0.35
	575	0.75
Stuarts Point	No	278	32.98	565	67.02	843	99.53	4	0.47	847
	1.10
Sydney (Cowper)	No	0	0.00	32	100.00	32	100.00	0
	0.00	32	0.04
Telegraph Point	No	183	32.91	373	67.09	556	99.11	5	0.89	561
	0.73
Thora	No	74	34.91	138	65.09	212	98.60	3	1.40	215	0.28
Toormina	No	787	30.48	1795	69.52	2582	99.46	14	0.54	2596	3.37
Ulong	No	30	26.79	82	73.21	112	98.25	2	1.75	114	0.15
Upper Orara	No	86	31.39	188	68.61	274	98.92	3	1.08	277	0.36
Urunga	No	597	30.93	1333	69.07	1930	99.38	12	0.62	1942	2.52
Utungun	No	44	26.99	119	73.01	163	100.00	0	0.00	163
	0.21
Valla Beach	No	258	35.25	474	64.75	732	99.73	2	0.27	734	0.95
Warrell Creek	No	31	14.29	186	85.71	217	100.00	0	0.00
	217	0.28
Willawarrin	No	122	25.31	360	74.69	482	99.38	3	0.62	485	0.63
Woolgoolga	No	877	35.22	1613	64.78	2490	99.12	22	0.88	2512	3.27
Yarras	No	16	18.39	71	81.61	87	100.00	0	0.00	87
	0.11
Special Hospitals	No	197	43.78	253	56.22	450	98.47	7	1.53	457
	0.59
Total Ordinary	No	20912	32.71	43016	67.29	63928	99.25	481	0.75	64409
	83.72
ABSENT	No	1793	38.21	2899	61.79	4692	99.26	35	0.74	4727	6.14
POSTAL	No	660	30.56	1500	69.44	2160	99.54	10	0.46	2170	2.82
PRE_POLL	No	1861	35.41	3394	64.59	5255	99.60	21	0.40	5276	6.86
PROVISIONAL	No	111	31.90	237	68.10	348	99.71	1	0.29	349	0.45
Division Summary	No	25337	33.17	51046	66.83	76383	99.29	548	0.71	76931
	95.33
