Referendum: 6 November 1999									
		
Referendum Results										
	
By Division by Polling Place									
		

"A proposed law for the Alteration of the Constitution, entitled"			
								
   the Constitutional Alteration (Preamble) 1999					
						
											
											
New South Wales											
Newcastle (78388)											

		Yes		No		Formal		Informal		Total	
Polling Place		                                                             
Votes	%	Votes	%	Votes	%	Votes	%	Votes	%
Adamstown	No	944	43.97	1203	56.03	2147	98.58	31	1.42	2178	2.92
Adamstown Heights	No	1272	49.40	1303	50.60	2575	99.27	19	0.73	2594
	3.47
Adamstown North	No	524	42.81	700	57.19	1224	98.71	16	1.29	1240
	1.66
Adamstown West	No	199	47.49	220	52.51	419	99.29	3	0.71	422
	0.57
Beaumont Park	No	345	36.32	605	63.68	950	98.86	11	1.14	961
	1.29
Birmingham Gardens	No	296	36.23	521	63.77	817	99.51	4	0.49
	821	1.10
Birmingham Gardens North	No	328	32.03	696	67.97	1024	98.84	12
	1.16	1036	1.39
Carrington	No	341	35.93	608	64.07	949	99.27	7	0.73	956	1.28
Cooks Hill	No	398	46.60	456	53.40	854	98.73	11	1.27	865	1.16
Cooks Hill South	Yes	1052	50.48	1032	49.52	2084	99.19	17	0.81	2101
	2.81
Garden Suburb (Newcastle)	No	129	46.91	146	53.09	275	99.64	1
	0.36	276	0.37
Georgetown	No	412	38.15	668	61.85	1080	99.17	9	0.83	1089	1.46
Hamilton	Yes	824	50.24	816	49.76	1640	98.68	22	1.32	1662	2.23
Hamilton Central	No	638	46.57	732	53.43	1370	99.28	10	0.72	1380
	1.85
Hamilton North	No	279	43.80	358	56.20	637	98.91	7	1.09	644
	0.86
Hamilton South	Yes	1165	51.14	1113	48.86	2278	99.09	21	0.91	2299
	3.08
Islington	No	269	40.39	397	59.61	666	98.67	9	1.33	675	0.90
Jesmond	Yes	413	50.06	412	49.94	825	98.57	12	1.43	837	1.12
Jesmond North	No	478	38.74	756	61.26	1234	99.68	4	0.32	1238
	1.66
Kotara	No	258	44.64	320	55.36	578	99.14	5	0.86	583	0.78
Kotara East	No	393	46.62	450	53.38	843	99.76	2	0.24	845	1.13
Kotara South	No	770	45.51	922	54.49	1692	99.30	12	0.70	1704
	2.28
Lambton	No	925	41.99	1278	58.01	2203	99.46	12	0.54	2215	2.97
Lambton East	No	444	41.26	632	58.74	1076	98.90	12	1.10	1088
	1.46
Maryville Wickham	No	310	37.30	521	62.70	831	99.16	7	0.84	838
	1.12
Mayfield	No	735	40.21	1093	59.79	1828	98.97	19	1.03	1847	2.47
Mayfield East	No	510	37.56	848	62.44	1358	99.20	11	0.80	1369
	1.83
Mayfield South	No	748	37.87	1227	62.13	1975	98.75	25	1.25	2000
	2.68
Mayfield West	No	996	38.95	1561	61.05	2557	98.92	28	1.08	2585
	3.46
Merewether	No	420	43.66	542	56.34	962	98.87	11	1.13	973	1.30
Merewether Heights	Yes	655	50.54	641	49.46	1296	99.46	7	0.54
	1303	1.75
Merewether South	No	1103	47.75	1207	52.25	2310	99.23	18	0.77	2328
	3.12
Merewether West	Yes	527	52.08	485	47.92	1012	99.22	8	0.78	1020
	1.37
Newcastle	No	558	48.56	591	51.44	1149	98.80	14	1.20	1163	1.56
New Lambton	No	1398	45.67	1663	54.33	3061	99.38	19	0.62	3080	4.12
New Lambton Central	No	459	42.58	619	57.42	1078	99.72	3	0.28
	1081	1.45
New Lambton South	No	599	38.82	944	61.18	1543	98.72	20	1.28	1563
	2.09
Shortland	No	490	36.08	868	63.92	1358	98.98	14	1.02	1372	1.84
Stockton	No	270	35.20	497	64.80	767	98.97	8	1.03	775	1.04
Stockton North	No	168	36.13	297	63.87	465	99.15	4	0.85	469
	0.63
Stockton South	No	480	39.34	740	60.66	1220	98.87	14	1.13	1234
	1.65
Sydney (Newcastle)	No	33	42.31	45	57.69	78	100.00	0
	0.00	78	0.10
The Junction	No	1130	48.06	1221	51.94	2351	98.95	25	1.05	2376
	3.18
Tighes Hill	No	502	42.94	667	57.06	1169	98.82	14	1.18	1183	1.58
Waratah	No	746	42.08	1027	57.92	1773	98.66	24	1.34	1797	2.41
Waratah Central	No	224	36.60	388	63.40	612	98.39	10	1.61	622
	0.83
Waratah South	No	196	39.36	302	60.64	498	99.20	4	0.80	502
	0.67
Waratah West	No	519	41.69	726	58.31	1245	99.12	11	0.88	1256
	1.68
Special Hospitals	No	189	41.00	272	59.00	461	98.72	6	1.28	467
	0.63
Total Ordinary	No	27061	43.37	35336	56.63	62397	99.06	593	0.94	62990
	84.36
ABSENT	No	2202	44.73	2721	55.27	4923	99.41	29	0.59	4952	6.63
POSTAL	No	1059	34.81	1983	65.19	3042	99.51	15	0.49	3057	4.09
PRE_POLL	No	1560	44.57	1940	55.43	3500	99.54	16	0.46	3516	4.71
PROVISIONAL	No	66	43.42	86	56.58	152	98.70	2	1.30	154	0.21
Division Summary	No	31948	43.16	42066	56.84	74014	99.12	655	0.88	74669
	95.26
