Referendum: 6 November 1999									
		
Referendum Results										
	
By Division by Polling Place									
		

"A proposed law for the Alteration of the Constitution, entitled"			
								
   the Constitutional Alteration (Establishment of Republic) 1999			
								
											
											
South Australia											
Wakefield (85232)											

		Yes		No		Formal		Informal		Total	
Polling Place		Votes	%	Votes	%	Votes	%	Votes	%	Votes	%
Alford	No	38	26.95	103	73.05	141	100.00	0	0.00	141
	0.17
Angaston	No	467	29.63	1109	70.37	1576	99.49	8	0.51	1584	1.92
Ardrossan	No	329	27.93	849	72.07	1178	99.16	10	0.84	1188	1.44
Arthurton	No	28	16.09	146	83.91	174	100.00	0	0.00	174
	0.21
Balaklava	No	355	25.72	1025	74.28	1380	99.14	12	0.86	1392	1.69
Barmera	No	797	37.49	1329	62.51	2126	98.93	23	1.07	2149	2.61
Berri	No	1113	42.21	1524	57.79	2637	98.73	34	1.27	2671	3.24
Birdwood	No	290	39.67	441	60.33	731	99.59	3	0.41	734	0.89
Blanchetown	No	113	38.97	177	61.03	290	99.32	2	0.68	292	0.35
Bute	No	98	25.79	282	74.21	380	98.96	4	1.04	384	0.47
Cadell	No	101	36.73	174	63.27	275	99.64	1	0.36	276	0.33
Cobdogla	No	152	35.51	276	64.49	428	98.17	8	1.83	436	0.53
Coobowie	No	63	23.86	201	76.14	264	100.00	0	0.00	264
	0.32
Corny Point	No	53	35.33	97	64.67	150	100.00	0	0.00	150
	0.18
Curramulka	No	48	22.86	162	77.14	210	99.53	1	0.47	211	0.26
Dublin	No	95	20.65	365	79.35	460	98.71	6	1.29	466	0.57
Eden Valley	No	76	34.08	147	65.92	223	100.00	0	0.00	223
	0.27
Edithburgh	No	133	33.67	262	66.33	395	99.25	3	0.75	398	0.48
Evanston	No	359	35.44	654	64.56	1013	98.93	11	1.07	1024	1.24
Evanston Gardens	No	359	28.90	883	71.10	1242	98.89	14	1.11	1256
	1.52
Forreston	Yes	108	52.68	97	47.32	205	99.51	1	0.49	206	0.25
Freeling	No	237	28.59	592	71.41	829	99.40	5	0.60	834	1.01
Gawler	No	667	35.67	1203	64.33	1870	98.89	21	1.11	1891	2.29
Gawler East	No	683	39.01	1068	60.99	1751	99.04	17	0.96	1768	2.14
Gawler River	No	72	27.38	191	72.62	263	98.87	3	1.13	266
	0.32
Gawler South	No	917	36.81	1574	63.19	2491	99.01	25	0.99	2516
	3.05
Gawler West	No	555	31.36	1215	68.64	1770	98.94	19	1.06	1789	2.17
Glossop	No	180	40.09	269	59.91	449	99.34	3	0.66	452	0.55
Greenock	No	297	36.40	519	63.60	816	99.51	4	0.49	820	0.99
Gumeracha	No	258	43.73	332	56.27	590	99.66	2	0.34	592	0.72
Hamley Bridge	No	126	30.36	289	69.64	415	99.28	3	0.72	418
	0.51
Hardwicke Bay	No	21	23.60	68	76.40	89	97.80	2	2.20	91
	0.11
Kadina	No	603	28.06	1546	71.94	2149	99.03	21	0.97	2170	2.63
Kapunda	No	530	30.62	1201	69.38	1731	99.48	9	0.52	1740	2.11
Kersbrook	No	224	34.78	420	65.22	644	99.54	3	0.46	647	0.78
Loxton	No	1041	35.26	1911	64.74	2952	99.16	25	0.84	2977	3.61
Loxton North	No	170	34.41	324	65.59	494	99.20	4	0.80	498
	0.60
Lyndoch	No	405	36.99	690	63.01	1095	99.10	10	0.90	1105	1.34
Lyrup	No	79	39.30	122	60.70	201	97.57	5	2.43	206	0.25
Maitland	No	178	19.37	741	80.63	919	99.67	3	0.33	922	1.12
Mallala	No	193	26.15	545	73.85	738	99.46	4	0.54	742	0.90
Marion Bay	No	32	35.16	59	64.84	91	100.00	0	0.00	91
	0.11
Minlaton	No	181	23.35	594	76.65	775	98.23	14	1.77	789	0.96
Moculta	No	37	28.24	94	71.76	131	100.00	0	0.00	131
	0.16
Monash	No	216	40.83	313	59.17	529	99.44	3	0.56	532	0.65
Moonta	No	528	28.96	1295	71.04	1823	99.56	8	0.44	1831	2.22
Moonta Mines	No	94	25.47	275	74.53	369	99.19	3	0.81	372
	0.45
Moorook	No	97	26.72	266	73.28	363	98.37	6	1.63	369	0.45
Morgan	No	150	29.47	359	70.53	509	99.03	5	0.97	514	0.62
Mount Pleasant	No	228	34.81	427	65.19	655	99.54	3	0.46	658
	0.80
Mount Torrens	No	141	37.60	234	62.40	375	99.73	1	0.27	376
	0.46
Nuriootpa	No	977	32.34	2044	67.66	3021	99.44	17	0.56	3038	3.69
One Tree Hill (Wakefield)	No	166	47.16	186	52.84	352	97.78	8
	2.22	360	0.44
Owen	No	110	29.57	262	70.43	372	98.41	6	1.59	378	0.46
Palmer	No	36	23.68	116	76.32	152	98.70	2	1.30	154	0.19
Paringa	No	271	39.45	416	60.55	687	98.28	12	1.72	699	0.85
Paskeville	No	43	21.94	153	78.06	196	98.49	3	1.51	199	0.24
Pine Point	No	58	33.53	115	66.47	173	100.00	0	0.00	173
	0.21
Port Clinton	No	65	19.35	271	80.65	336	100.00	0	0.00
	336	0.41
Port Victoria	No	102	31.68	220	68.32	322	98.77	4	1.23	326
	0.40
Port Vincent	No	133	31.07	295	68.93	428	99.30	3	0.70	431
	0.52
Port Wakefield	No	90	19.96	361	80.04	451	98.47	7	1.53	458
	0.56
Ramco	No	165	37.41	276	62.59	441	98.88	5	1.12	446	0.54
Renmark	No	1291	40.74	1878	59.26	3169	98.54	47	1.46	3216	3.90
Renmark North	No	201	37.64	333	62.36	534	98.71	7	1.29	541
	0.66
Renmark West	No	209	40.58	306	59.42	515	98.28	9	1.72	524
	0.64
Roseworthy	No	141	29.94	330	70.06	471	99.16	4	0.84	475	0.58
Sandy Creek	No	164	32.28	344	67.72	508	99.41	3	0.59	511	0.62
Springton	No	118	34.81	221	65.19	339	99.41	2	0.59	341	0.41
Stansbury	No	105	21.87	375	78.13	480	99.79	1	0.21	481	0.58
Stockwell	No	69	22.04	244	77.96	313	100.00	0	0.00	313
	0.38
Tanunda	No	963	34.92	1795	65.08	2758	99.24	21	0.76	2779	3.37
Truro	No	87	23.08	290	76.92	377	98.95	4	1.05	381	0.46
Two Wells	No	703	32.00	1494	68.00	2197	99.01	22	0.99	2219	2.69
Waikerie	No	692	33.56	1370	66.44	2062	99.04	20	0.96	2082	2.53
Wallaroo	No	510	28.08	1306	71.92	1816	98.96	19	1.04	1835	2.23
Wallaroo Mines	No	127	22.48	438	77.52	565	99.12	5	0.88	570
	0.69
Warooka	No	118	27.13	317	72.87	435	99.32	3	0.68	438	0.53
Wasleys	No	86	29.15	209	70.85	295	98.99	3	1.01	298	0.36
Willaston - Hewett	No	475	31.60	1028	68.40	1503	99.14	13	0.86
	1516	1.84
Williamstown	No	427	37.07	725	62.93	1152	99.31	8	0.69	1160
	1.41
Winkie	No	75	41.21	107	58.79	182	100.00	0	0.00	182
	0.22
Yorketown	No	165	24.34	513	75.66	678	98.69	9	1.31	687	0.83
Special Hospitals	No	215	26.32	602	73.68	817	95.78	36	4.22	853
	1.03
Remote Mobiles	No	39	32.50	81	67.50	120	100.00	0	0.00
	120	0.15
Prison Mobiles	Yes	2	66.67	1	33.33	3	100.00	0	0.00	3
	0.00
Total Ordinary	No	23513	32.85	48061	67.15	71574	99.07	675	0.93	72249
	87.64
ABSENT	No	2010	39.01	3142	60.99	5152	99.27	38	0.73	5190	6.30
POSTAL	No	675	27.37	1791	72.63	2466	99.76	6	0.24	2472	3.00
PRE_POLL	No	834	36.82	1431	63.18	2265	99.39	14	0.61	2279	2.76
PROVISIONAL	No	81	32.66	167	67.34	248	99.60	1	0.40	249	0.30
Division Summary	No	27113	33.18	54592	66.82	81705	99.11	734	0.89	82439
	96.72
