Referendum: 6 November 1999									
		
Referendum Results										
	
By Division by Polling Place									
		

"A proposed law for the Alteration of the Constitution, entitled"			
								
   the Constitutional Alteration (Establishment of Republic) 1999			
								
											
											
Western Australia											
Moore (81337)											

		Yes		No		Formal		Informal		Total	
Polling Place		Votes	%	Votes	%	Votes	%	Votes	%	Votes	%
Beldon	No	877	39.52	1342	60.48	2219	99.15	19	0.85	2238	2.89
Burns Beach	No	94	36.15	166	63.85	260	98.86	3	1.14	263	0.34
Clarkson	No	622	32.94	1266	67.06	1888	99.37	12	0.63	1900	2.45
Connolly	No	890	43.27	1167	56.73	2057	99.71	6	0.29	2063	2.66
Craigie	No	1297	37.99	2117	62.01	3414	98.64	47	1.36	3461	4.46
Currambine	No	792	42.33	1079	57.67	1871	99.31	13	0.69	1884	2.43
Duncraig	No	1475	47.70	1617	52.30	3092	99.17	26	0.83	3118	4.02
Duncraig East (Moore)	Yes	975	51.32	925	48.68	1900	99.32	13	0.68
	1913	2.47
Duncraig North	No	1147	49.00	1194	51.00	2341	99.11	21	0.89	2362
	3.05
Duncraig South	Yes	1077	55.52	863	44.48	1940	99.64	7	0.36	1947
	2.51
Edgewater	No	1138	43.84	1458	56.16	2596	99.24	20	0.76	2616	3.37
Heathridge	No	999	37.94	1634	62.06	2633	99.06	25	0.94	2658	3.43
Heathridge East	No	489	37.59	812	62.41	1301	99.46	7	0.54	1308
	1.69
Hillarys	No	1496	48.92	1562	51.08	3058	99.48	16	0.52	3074	3.96
Hillarys North	No	665	49.81	670	50.19	1335	99.70	4	0.30	1339
	1.73
Joondalup	No	1182	39.44	1815	60.56	2997	99.17	25	0.83	3022	3.90
Kallaroo	No	1347	43.01	1785	56.99	3132	99.40	19	0.60	3151	4.06
Kinross	No	857	37.70	1416	62.30	2273	98.61	32	1.39	2305	2.97
Merriwa	No	782	33.59	1546	66.41	2328	99.15	20	0.85	2348	3.03
Mindarie	No	498	37.39	834	62.61	1332	99.70	4	0.30	1336	1.72
Mullaloo	No	1325	45.55	1584	54.45	2909	99.39	18	0.61	2927	3.77
Neerabup	No	112	30.11	260	69.89	372	99.73	1	0.27	373	0.48
Ocean Reef	No	1320	42.77	1766	57.23	3086	99.01	31	0.99	3117	4.02
Ocean Reef North	No	891	45.25	1078	54.75	1969	99.44	11	0.56	1980
	2.55
Padbury	No	1206	42.77	1614	57.23	2820	99.47	15	0.53	2835	3.66
Padbury South	No	1180	46.92	1335	53.08	2515	99.33	17	0.67	2532
	3.27
Perth (Moore)	No	64	47.76	70	52.24	134	97.10	4	2.90	138
	0.18
Quinns Rock	No	920	36.41	1607	63.59	2527	99.41	15	0.59	2542	3.28
Rottnest (Moore)	No	44	47.31	49	52.69	93	100.00	0	0.00	93
	0.12
Sorrento (Moore)	Yes	334	54.49	279	45.51	613	99.67	2	0.33	615
	0.79
Sorrento Beach (Moore)	Yes	645	52.65	580	47.35	1225	99.59	5	0.41
	1230	1.59
Two Rocks	No	318	34.60	601	65.40	919	99.03	9	0.97	928	1.20
Wanneroo (Moore)	No	389	37.08	660	62.92	1049	98.59	15	1.41	1064
	1.37
Wanneroo East (Moore)	No	72	30.90	161	69.10	233	99.15	2	0.85
	235	0.30
Yanchep	No	340	31.11	753	68.89	1093	99.64	4	0.36	1097	1.41
Special Hospitals	No	0	0.00	0	0.00	0	0.00	0	0.00	0
	0.00
Total Ordinary	No	27859	42.52	37665	57.48	65524	99.26	488	0.74	66012
	85.14
ABSENT	No	2636	43.31	3450	56.69	6086	99.33	41	0.67	6127	7.90
POSTAL	No	568	39.04	887	60.96	1455	99.73	4	0.27	1459	1.88
PRE_POLL	No	1597	44.19	2017	55.81	3614	99.64	13	0.36	3627	4.68
PROVISIONAL	No	121	39.16	188	60.84	309	98.72	4	1.28	313	0.40
Division Summary	No	32781	42.58	44207	57.42	76988	99.29	550	0.71	77538
	95.33
