Referendum: 6 November 1999									
		
Referendum Results										
	
By Division by Polling Place									
		

"A proposed law for the Alteration of the Constitution, entitled"			
								
   the Constitutional Alteration (Establishment of Republic) 1999			
								
											
											
New South Wales											
Lindsay (85979)											

		Yes		No		Formal		Informal		Total	
Polling Place		Votes	%	Votes	%	Votes	%	Votes	%	Votes	%
Banks Drive	No	1679	43.75	2159	56.25	3838	98.56	56	1.44	3894	4.72
Berkshire Park	No	95	33.33	190	66.67	285	98.62	4	1.38	289
	0.35
Blackwell	No	1043	41.87	1448	58.13	2491	98.89	28	1.11	2519	3.05
Blaxland (Lindsay)	Yes	386	51.74	360	48.26	746	99.33	5	0.67
	751	0.91
Braddock	No	1172	39.18	1819	60.82	2991	99.14	26	0.86	3017	3.65
Cambridge Gardens	No	927	39.96	1393	60.04	2320	98.85	27	1.15	2347
	2.84
Cambridge Park	No	1231	39.59	1878	60.41	3109	98.89	35	1.11	3144
	3.81
Cambridge Park South	No	491	35.61	888	64.39	1379	99.14	12	0.86
	1391	1.68
Castlereagh (Lindsay)	No	188	32.58	389	67.42	577	100.00	0
	0.00	577	0.70
Claremont Meadows	No	750	45.24	908	54.76	1658	99.16	14	0.84	1672
	2.03
Cranebrook	No	1222	39.17	1898	60.83	3120	98.95	33	1.05	3153	3.82
Emu Heights	No	723	44.03	919	55.97	1642	99.52	8	0.48	1650	2.00
Emu Plains	No	1236	38.73	1955	61.27	3191	98.92	35	1.08	3226	3.91
Floribunda	No	1011	43.43	1317	56.57	2328	99.36	15	0.64	2343	2.84
Glenbrook	Yes	1107	51.61	1038	48.39	2145	99.26	16	0.74	2161	2.62
Glenmore Park	No	1221	43.56	1582	56.44	2803	99.19	23	0.81	2826
	3.42
Jamisontown	No	680	39.33	1049	60.67	1729	99.03	17	0.97	1746	2.11
Kemps Creek (Lindsay)	No	248	40.46	365	59.54	613	99.19	5	0.81
	618	0.75
Kingswood	No	712	41.86	989	58.14	1701	98.78	21	1.22	1722	2.09
Kingswood Park	No	629	34.89	1174	65.11	1803	99.23	14	0.77	1817
	2.20
Kingswood South	No	642	41.42	908	58.58	1550	98.85	18	1.15	1568
	1.90
Lapstone	Yes	609	52.32	555	47.68	1164	99.66	4	0.34	1168	1.41
Leonay	No	844	46.81	959	53.19	1803	99.56	8	0.44	1811	2.19
Llandilo	No	342	32.70	704	67.30	1046	98.03	21	1.97	1067	1.29
Londonderry (Lindsay)	No	98	35.51	178	64.49	276	99.28	2	0.72
	278	0.34
Mulgoa	No	390	37.86	640	62.14	1030	99.23	8	0.77	1038	1.26
Nepean High	No	720	42.13	989	57.87	1709	99.30	12	0.70	1721	2.08
Nepean Hospital	No	138	33.58	273	66.42	411	100.00	0	0.00
	411	0.50
Orchard Hills	No	340	38.12	552	61.88	892	99.44	5	0.56	897
	1.09
Penrith	No	655	42.07	902	57.93	1557	98.98	16	1.02	1573	1.91
Penrith Central	No	451	43.66	582	56.34	1033	98.47	16	1.53	1049
	1.27
Penrith East	No	649	43.01	860	56.99	1509	99.08	14	0.92	1523
	1.84
Penrith North	No	264	38.88	415	61.12	679	99.12	6	0.88	685
	0.83
Penrith South	No	1294	38.82	2039	61.18	3333	98.81	40	1.19	3373
	4.09
Regentville	No	640	40.58	937	59.42	1577	98.87	18	1.13	1595	1.93
St Clair	No	617	43.54	800	56.46	1417	98.95	15	1.05	1432	1.73
Stuart Street	No	366	37.97	598	62.03	964	99.69	3	0.31	967
	1.17
Sydney (Lindsay)	Yes	66	57.39	49	42.61	115	99.14	1	0.86	116
	0.14
Werrington	No	851	40.16	1268	59.84	2119	98.93	23	1.07	2142	2.59
Werrington County	No	769	40.90	1111	59.10	1880	98.95	20	1.05	1900
	2.30
York	No	1340	40.73	1950	59.27	3290	98.86	38	1.14	3328	4.03
Special Hospitals	No	24	29.27	58	70.73	82	96.47	3	3.53	85
	0.10
Total Ordinary	No	28860	41.28	41045	58.72	69905	99.03	685	0.97	70590
	85.50
ABSENT	No	2534	43.70	3265	56.30	5799	99.30	41	0.70	5840	7.07
POSTAL	No	570	31.27	1253	68.73	1823	99.35	12	0.65	1835	2.22
PRE_POLL	No	1430	38.84	2252	61.16	3682	99.57	16	0.43	3698	4.48
PROVISIONAL	No	229	38.55	365	61.45	594	98.84	7	1.16	601	0.73
Division Summary	No	33623	41.10	48180	58.90	81803	99.08	761	0.92	82564
	96.03
