Referendum: 6 November 1999									
		
Referendum Results										
	
By Division by Polling Place									
		

"A proposed law for the Alteration of the Constitution, entitled"			
								
   the Constitutional Alteration (Establishment of Republic) 1999			
								
											
											
Victoria											
Casey (82779)											

		Yes		No		Formal		Informal		Total	
Polling Place		Votes	%	Votes	%	Votes	%	Votes	%	Votes	%
Bayswater North	No	1412	45.99	1658	54.01	3070	99.42	18	0.58	3088
	3.89
Bimbadeen Heights	No	649	48.36	693	51.64	1342	99.41	8	0.59	1350
	1.70
Birmingham	No	1889	43.18	2486	56.82	4375	98.49	67	1.51	4442	5.59
Chirnside Park	No	973	45.96	1144	54.04	2117	99.16	18	0.84	2135
	2.69
Coldstream	No	537	37.32	902	62.68	1439	99.52	7	0.48	1446	1.82
Croydon	No	534	46.27	620	53.73	1154	98.97	12	1.03	1166	1.47
Croydon Central	Yes	1149	50.17	1141	49.83	2290	99.57	10	0.43	2300
	2.90
Croydon East	No	1341	45.75	1590	54.25	2931	98.95	31	1.05	2962
	3.73
Croydon Hills	No	2035	49.83	2049	50.17	4084	99.15	35	0.85	4119
	5.19
Croydon North	No	1201	46.39	1388	53.61	2589	98.89	29	1.11	2618
	3.30
Croydon West	No	823	49.34	845	50.66	1668	99.40	10	0.60	1678
	2.11
Gruyere	No	152	44.44	190	55.56	342	99.13	3	0.87	345	0.43
Kallista (Casey)	Yes	546	60.20	361	39.80	907	99.13	8	0.87	915
	1.15
Kilsyth	No	1102	42.55	1488	57.45	2590	98.63	36	1.37	2626	3.31
Kilsyth South	No	703	44.63	872	55.37	1575	99.06	15	0.94	1590
	2.00
Lilydale	No	1742	45.33	2101	54.67	3843	98.77	48	1.23	3891	4.90
Lilydale North	No	146	46.95	165	53.05	311	100.00	0	0.00
	311	0.39
Lilydale West	No	1575	42.88	2098	57.12	3673	98.26	65	1.74	3738
	4.71
Manchester	No	768	40.68	1120	59.32	1888	99.00	19	1.00	1907	2.40
Melbourne (Casey)	Yes	48	65.75	25	34.25	73	100.00	0	0.00	73
	0.09
Monbulk	No	1090	45.61	1300	54.39	2390	98.80	29	1.20	2419	3.05
Montrose	No	1758	49.55	1790	50.45	3548	99.30	25	0.70	3573	4.50
Montrose South	Yes	541	50.19	537	49.81	1078	99.63	4	0.37	1082
	1.36
Mooroolbark	No	1242	44.04	1578	55.96	2820	99.19	23	0.81	2843	3.58
Mooroolbark East	No	1015	47.65	1115	52.35	2130	99.25	16	0.75	2146
	2.70
Mooroolbark South	No	917	44.00	1167	56.00	2084	98.72	27	1.28	2111
	2.66
Mount Dandenong (Casey)	Yes	372	58.31	266	41.69	638	99.84	1	0.16
	639	0.80
Mount Evelyn	Yes	414	50.61	404	49.39	818	99.27	6	0.73	824
	1.04
Rolling Hills	No	1024	43.13	1350	56.87	2374	99.33	16	0.67	2390
	3.01
Seville	No	607	40.15	905	59.85	1512	98.69	20	1.31	1532	1.93
Silvan	No	266	46.50	306	53.50	572	98.96	6	1.04	578	0.73
The Patch	Yes	300	60.48	196	39.52	496	98.22	9	1.78	505	0.64
Wandin East	No	126	43.30	165	56.70	291	99.32	2	0.68	293	0.37
Wandin North	No	262	37.43	438	62.57	700	99.29	5	0.71	705
	0.89
Wandin Yallock	No	340	40.14	507	59.86	847	98.72	11	1.28	858
	1.08
Yarra Road	Yes	556	52.90	495	47.10	1051	99.72	3	0.28	1054	1.33
Special Hospitals	No	320	33.97	622	66.03	942	99.47	5	0.53	947
	1.19
Total Ordinary	No	30475	45.79	36077	54.21	66552	99.04	647	0.96	67199
	84.61
ABSENT	No	2880	48.60	3046	51.40	5926	99.38	37	0.62	5963	7.51
POSTAL	No	800	34.57	1514	65.43	2314	99.70	7	0.30	2321	2.92
PRE_POLL	No	1520	41.19	2170	58.81	3690	99.57	16	0.43	3706	4.67
PROVISIONAL	No	103	44.21	130	55.79	233	100.00	0	0.00	233
	0.29
Division Summary	No	35778	45.45	42937	54.55	78715	99.11	707	0.89	79422
	95.94
