Referendum: 6 November 1999									
		
Referendum Results										
	
By Division by Polling Place									
		

"A proposed law for the Alteration of the Constitution, entitled"			
								
   the Constitutional Alteration (Preamble) 1999					
						
											
											
New South Wales											
Macarthur (96198)											

		Yes		No		Formal		Informal		Total	
Polling Place		                                                             
Votes	%	Votes	%	Votes	%	Votes	%	Votes	%
Airds (Macarthur)	No	88	33.33	176	66.67	264	98.14	5	1.86	269
	0.29
Ambarvale	No	1437	39.80	2174	60.20	3611	98.88	41	1.12	3652	3.97
Ambarvale West	No	894	46.15	1043	53.85	1937	98.98	20	1.02	1957
	2.13
Appin	No	322	33.65	635	66.35	957	99.07	9	0.93	966	1.05
Austral	No	589	39.91	887	60.09	1476	97.62	36	2.38	1512	1.64
Badgerys Creek	No	78	31.58	169	68.42	247	99.60	1	0.40	248
	0.27
Bargo	No	630	35.10	1165	64.90	1795	98.95	19	1.05	1814	1.97
Berrima	No	175	41.77	244	58.23	419	99.76	1	0.24	420	0.46
Bowral	No	1350	44.84	1661	55.16	3011	99.34	20	0.66	3031	3.29
Bowral South	No	764	43.36	998	56.64	1762	99.32	12	0.68	1774
	1.93
Bradbury (Macarthur)	No	1571	39.04	2453	60.96	4024	98.82	48	1.18
	4072	4.42
Bradbury East	No	20	35.71	36	64.29	56	100.00	0	0.00	56
	0.06
Bradbury South	No	634	37.27	1067	62.73	1701	99.18	14	0.82	1715
	1.86
Bringelly	No	446	36.23	785	63.77	1231	98.56	18	1.44	1249	1.36
Buxton	No	280	33.69	551	66.31	831	99.16	7	0.84	838	0.91
Camden	No	706	38.60	1123	61.40	1829	99.51	9	0.49	1838	2.00
Camden Downs	No	398	35.82	713	64.18	1111	99.64	4	0.36	1115
	1.21
Camden East	No	612	39.16	951	60.84	1563	98.80	19	1.20	1582	1.72
Camden Hospital	No	64	36.78	110	63.22	174	97.75	4	2.25	178
	0.19
Camden South	No	938	37.96	1533	62.04	2471	98.64	34	1.36	2505
	2.72
Campbelltown (Macarthur)	No	200	40.90	289	59.10	489	99.39	3
	0.61	492	0.53
Carrington Hospital	No	161	35.62	291	64.38	452	98.05	9	1.95
	461	0.50
Catherine Field	No	295	37.34	495	62.66	790	97.53	20	2.47	810
	0.88
Cawdor	No	155	35.15	286	64.85	441	98.44	7	1.56	448	0.49
Cecil Hills	No	952	47.72	1043	52.28	1995	98.76	25	1.24	2020	2.19
Cobbitty	No	281	43.57	364	56.43	645	99.69	2	0.31	647	0.70
Colo Vale	No	289	37.68	478	62.32	767	99.48	4	0.52	771	0.84
Currans Hill	No	409	33.91	797	66.09	1206	99.01	12	0.99	1218
	1.32
Douglas Park	No	271	36.87	464	63.13	735	99.06	7	0.94	742
	0.81
Glenquarry	No	41	39.05	64	60.95	105	100.00	0	0.00	105
	0.11
Greenway Park	No	241	41.70	337	58.30	578	98.80	7	1.20	585
	0.64
Harbison Village	No	203	43.19	267	56.81	470	99.16	4	0.84	474
	0.51
Harrington Park	No	337	41.71	471	58.29	808	99.26	6	0.74	814
	0.88
Hilltop	No	338	34.14	652	65.86	990	99.00	10	1.00	1000	1.09
Kangaloon	No	61	48.80	64	51.20	125	99.21	1	0.79	126	0.14
Kemps Creek (Macarthur)	No	275	34.59	520	65.41	795	98.51	12	1.49
	807	0.88
Leppington	No	430	37.36	721	62.64	1151	98.21	21	1.79	1172	1.27
Luddenham	No	118	28.64	294	71.36	412	98.56	6	1.44	418	0.45
Menangle	No	218	39.71	331	60.29	549	99.28	4	0.72	553	0.60
Mittagong	No	1031	41.46	1456	58.54	2487	99.24	19	0.76	2506	2.72
Mittagong South	No	336	40.88	486	59.12	822	99.52	4	0.48	826
	0.90
Mount Annan	No	952	39.85	1437	60.15	2389	99.21	19	0.79	2408	2.61
Mount Hunter	No	168	32.81	344	67.19	512	99.61	2	0.39	514
	0.56
Narellan	No	709	35.57	1284	64.43	1993	98.81	24	1.19	2017	2.19
Narellan Vale	No	1323	40.60	1936	59.40	3259	98.88	37	1.12	3296
	3.58
Oakdale	No	319	35.09	590	64.91	909	99.13	8	0.87	917	1.00
Orangeville	No	156	35.78	280	64.22	436	99.77	1	0.23	437	0.47
Picton	No	784	37.17	1325	62.83	2109	99.15	18	0.85	2127	2.31
Rosemeadow	No	1156	38.83	1821	61.17	2977	98.38	49	1.62	3026	3.29
Rossmore	No	476	38.89	748	61.11	1224	98.00	25	2.00	1249	1.36
St Helens Park	No	357	36.17	630	63.83	987	99.20	8	0.80	995
	1.08
Silverdale	No	170	27.78	442	72.22	612	98.87	7	1.13	619	0.67
Sydney (Macarthur)	No	34	39.53	52	60.47	86	97.73	2	2.27	88
	0.10
Tahmoor	No	944	35.26	1733	64.74	2677	98.75	34	1.25	2711	2.94
The Oaks	No	558	36.47	972	63.53	1530	98.27	27	1.73	1557	1.69
Theresa Park	No	126	37.28	212	62.72	338	99.41	2	0.59	340
	0.37
Thirlmere	No	746	37.81	1227	62.19	1973	99.00	20	1.00	1993	2.16
Wallacia	No	223	31.99	474	68.01	697	99.43	4	0.57	701	0.76
Warragamba	No	571	35.18	1052	64.82	1623	99.14	14	0.86	1637	1.78
Wedderburn	No	122	39.23	189	60.77	311	99.36	2	0.64	313	0.34
Welby	No	244	33.98	474	66.02	718	98.36	12	1.64	730	0.79
West Hoxton	No	186	32.80	381	67.20	567	98.44	9	1.56	576	0.63
Wilton	No	273	38.61	434	61.39	707	99.30	5	0.70	712	0.77
Yanderra	No	107	34.85	200	65.15	307	100.00	0	0.00	307
	0.33
Yerrinbool	No	162	33.33	324	66.67	486	99.39	3	0.61	489	0.53
Special Hospitals	No	143	33.89	279	66.11	422	98.14	8	1.86	430
	0.47
Total Ordinary	No	29647	38.44	47484	61.56	77131	98.92	844	1.08	77975
	84.68
ABSENT	No	2647	40.20	3938	59.80	6585	99.23	51	0.77	6636	7.21
POSTAL	No	602	32.42	1255	67.58	1857	99.46	10	0.54	1867	2.03
PRE_POLL	No	2010	39.52	3076	60.48	5086	99.37	32	0.63	5118	5.56
PROVISIONAL	No	174	35.66	314	64.34	488	99.59	2	0.41	490	0.53
Division Summary	No	35080	38.49	56067	61.51	91147	98.98	939	1.02	92086
	95.73
