Referendum: 6 November 1999									
		
Referendum Results										
	
By Division by Polling Place									
		

"A proposed law for the Alteration of the Constitution, entitled"			
								
   the Constitutional Alteration (Preamble) 1999					
						
											
											
Queensland											
Oxley (80514)											

		Yes		No		Formal		Informal		Total	
Polling Place		                                                             
Votes	%	Votes	%	Votes	%	Votes	%	Votes	%
Acacia Ridge	No	355	27.04	958	72.96	1313	99.24	10	0.76	1323
	1.73
Acacia Ridge South	No	892	41.49	1258	58.51	2150	99.17	18	0.83
	2168	2.83
Blackstone	No	134	25.67	388	74.33	522	98.49	8	1.51	530	0.69
Brisbane City (Oxley)	No	57	41.91	79	58.09	136	100.00	0
	0.00	136	0.18
Bundamba	No	390	25.54	1137	74.46	1527	99.03	15	0.97	1542	2.02
Bundamba School	No	434	20.28	1706	79.72	2140	99.17	18	0.83	2158
	2.82
Calamvale (Oxley)	No	250	37.48	417	62.52	667	98.96	7	1.04	674
	0.88
Camira	No	1124	33.76	2205	66.24	3329	98.75	42	1.25	3371	4.41
Camira South	No	432	35.79	775	64.21	1207	99.26	9	0.74	1216
	1.59
Carole Park	No	331	29.50	791	70.50	1122	99.03	11	0.97	1133	1.48
Central School	No	323	27.73	842	72.27	1165	99.23	9	0.77	1174
	1.54
Churchill (Oxley)	No	535	28.93	1314	71.07	1849	99.46	10	0.54	1859
	2.43
Collingwood Park	No	567	34.98	1054	65.02	1621	99.14	14	0.86	1635
	2.14
Dinmore	No	212	24.23	663	75.77	875	99.66	3	0.34	878	1.15
Eastern Heights	No	480	30.85	1076	69.15	1556	99.49	8	0.51	1564
	2.04
East Ipswich School	No	409	27.23	1093	72.77	1502	99.47	8	0.53
	1510	1.97
Flinders View	No	525	27.63	1375	72.37	1900	99.32	13	0.68	1913
	2.50
Forest Lake	No	1906	42.25	2605	57.75	4511	99.27	33	0.73	4544	5.94
Forest Place Retirement Village	No	196	33.79	384	66.21	580	99.49	3
	0.51	583	0.76
Gailes	No	352	35.38	643	64.62	995	98.42	16	1.58	1011	1.32
Goodna	No	1335	39.43	2051	60.57	3386	98.92	37	1.08	3423	4.48
Grand Ave	No	344	37.19	581	62.81	925	99.57	4	0.43	929	1.21
Harrisville	No	73	22.60	250	77.40	323	100.00	0	0.00	323
	0.42
Inala	No	1133	42.93	1506	57.07	2639	98.80	32	1.20	2671	3.49
Inala West	No	559	37.49	932	62.51	1491	98.74	19	1.26	1510	1.97
Ipswich	No	132	33.25	265	66.75	397	98.76	5	1.24	402	0.53
Ipswich Hospital	No	96	38.55	153	61.45	249	98.42	4	1.58	253
	0.33
Kruger School	No	1218	29.66	2889	70.34	4107	98.82	49	1.18	4156
	5.43
Newtown Ipswich	No	313	31.84	670	68.16	983	99.29	7	0.71	990
	1.29
North Booval	No	376	28.99	921	71.01	1297	99.46	7	0.54	1304
	1.71
Pallara	No	198	35.11	366	64.89	564	99.47	3	0.53	567	0.74
Peak Crossing	No	167	26.30	468	73.70	635	99.69	2	0.31	637
	0.83
Raceview School	No	873	27.83	2264	72.17	3137	99.37	20	0.63	3157
	4.13
Redbank	No	206	29.43	494	70.57	700	98.87	8	1.13	708	0.93
Redbank Plains	No	641	30.29	1475	69.71	2116	99.20	17	0.80	2133
	2.79
Richlands	No	301	31.95	641	68.05	942	98.64	13	1.36	955	1.25
Richlands East	No	424	28.57	1060	71.43	1484	99.13	13	0.87	1497
	1.96
Riverview	No	326	29.80	768	70.20	1094	98.83	13	1.17	1107	1.45
Serviceton	No	753	38.62	1197	61.38	1950	99.39	12	0.61	1962	2.57
Serviceton South	No	622	33.01	1262	66.99	1884	98.59	27	1.41	1911
	2.50
Silkstone	No	727	24.13	2286	75.87	3013	99.28	22	0.72	3035	3.97
West Ipswich	No	143	29.61	340	70.39	483	99.59	2	0.41	485
	0.63
Special Hospitals	No	80	28.67	199	71.33	279	97.89	6	2.11	285
	0.37
Total Ordinary	No	20944	32.35	43801	67.65	64745	99.12	577	0.88	65322
	85.41
ABSENT	No	1955	32.49	4062	67.51	6017	99.42	35	0.58	6052	7.91
POSTAL	No	709	27.76	1845	72.24	2554	99.42	15	0.58	2569	3.36
PRE_POLL	No	781	36.60	1353	63.40	2134	99.30	15	0.70	2149	2.81
PROVISIONAL	No	120	31.33	263	68.67	383	98.71	5	1.29	388	0.51
Division Summary	No	24509	32.32	51324	67.68	75833	99.15	647	0.85	76480
	94.99
