Referendum: 6 November 1999									
		
Referendum Results										
	
By Division by Polling Place									
		

"A proposed law for the Alteration of the Constitution, entitled"			
								
   the Constitutional Alteration (Preamble) 1999					
						
											
											
South Australia											
Wakefield (85232)											

		Yes		No		Formal		Informal		Total	
Polling Place		                                                             
Votes	%	Votes	%	Votes	%	Votes	%	Votes	%
Alford	No	34	24.11	107	75.89	141	100.00	0	0.00	141
	0.17
Angaston	No	331	21.10	1238	78.90	1569	98.99	16	1.01	1585	1.92
Ardrossan	No	281	23.85	897	76.15	1178	99.16	10	0.84	1188	1.44
Arthurton	No	33	18.97	141	81.03	174	100.00	0	0.00	174
	0.21
Balaklava	No	388	28.12	992	71.88	1380	99.14	12	0.86	1392	1.69
Barmera	No	707	33.54	1401	66.46	2108	98.14	40	1.86	2148	2.60
Berri	No	1036	39.48	1588	60.52	2624	98.35	44	1.65	2668	3.24
Birdwood	No	266	36.64	460	63.36	726	98.91	8	1.09	734	0.89
Blanchetown	No	117	40.62	171	59.38	288	98.97	3	1.03	291	0.35
Bute	No	109	28.61	272	71.39	381	98.70	5	1.30	386	0.47
Cadell	No	102	37.23	172	62.77	274	99.28	2	0.72	276	0.33
Cobdogla	No	130	30.23	300	69.77	430	98.62	6	1.38	436	0.53
Coobowie	No	64	24.33	199	75.67	263	99.62	1	0.38	264	0.32
Corny Point	No	40	26.85	109	73.15	149	99.33	1	0.67	150	0.18
Curramulka	No	50	23.81	160	76.19	210	99.53	1	0.47	211	0.26
Dublin	No	90	19.52	371	80.48	461	98.93	5	1.07	466	0.57
Eden Valley	No	86	38.57	137	61.43	223	100.00	0	0.00	223
	0.27
Edithburgh	No	108	27.41	286	72.59	394	98.99	4	1.01	398	0.48
Evanston	No	328	32.41	684	67.59	1012	98.73	13	1.27	1025	1.24
Evanston Gardens	No	373	29.98	871	70.02	1244	98.65	17	1.35	1261
	1.53
Forreston	No	94	46.31	109	53.69	203	98.54	3	1.46	206	0.25
Freeling	No	230	27.81	597	72.19	827	99.16	7	0.84	834	1.01
Gawler	No	608	32.43	1267	67.57	1875	98.89	21	1.11	1896	2.30
Gawler East	No	629	35.90	1123	64.10	1752	99.04	17	0.96	1769	2.15
Gawler River	No	72	27.38	191	72.62	263	98.87	3	1.13	266
	0.32
Gawler South	No	822	33.01	1668	66.99	2490	99.05	24	0.95	2514
	3.05
Gawler West	No	499	28.27	1266	71.73	1765	98.66	24	1.34	1789	2.17
Glossop	No	167	37.53	278	62.47	445	98.67	6	1.33	451	0.55
Greenock	No	272	33.42	542	66.58	814	99.27	6	0.73	820	0.99
Gumeracha	No	202	34.41	385	65.59	587	99.32	4	0.68	591	0.72
Hamley Bridge	No	100	24.10	315	75.90	415	99.05	4	0.95	419
	0.51
Hardwicke Bay	No	27	30.34	62	69.66	89	97.80	2	2.20	91
	0.11
Kadina	No	557	25.92	1592	74.08	2149	98.94	23	1.06	2172	2.63
Kapunda	No	507	29.39	1218	70.61	1725	99.14	15	0.86	1740	2.11
Kersbrook	No	203	31.52	441	68.48	644	99.54	3	0.46	647	0.78
Loxton	No	973	33.11	1966	66.89	2939	98.62	41	1.38	2980	3.61
Loxton North	No	155	31.44	338	68.56	493	99.00	5	1.00	498
	0.60
Lyndoch	No	363	33.18	731	66.82	1094	99.18	9	0.82	1103	1.34
Lyrup	No	70	34.48	133	65.52	203	98.54	3	1.46	206	0.25
Maitland	No	184	20.04	734	79.96	918	99.57	4	0.43	922	1.12
Mallala	No	206	28.07	528	71.93	734	99.06	7	0.94	741	0.90
Marion Bay	No	25	27.47	66	72.53	91	100.00	0	0.00	91
	0.11
Minlaton	No	181	23.29	596	76.71	777	98.48	12	1.52	789	0.96
Moculta	No	44	33.59	87	66.41	131	100.00	0	0.00	131
	0.16
Monash	No	182	34.47	346	65.53	528	99.25	4	0.75	532	0.65
Moonta	No	457	25.05	1367	74.95	1824	99.56	8	0.44	1832	2.22
Moonta Mines	No	76	20.60	293	79.40	369	99.19	3	0.81	372
	0.45
Moorook	No	97	26.80	265	73.20	362	98.37	6	1.63	368	0.45
Morgan	No	140	27.56	368	72.44	508	98.83	6	1.17	514	0.62
Mount Pleasant	No	199	30.52	453	69.48	652	99.09	6	0.91	658
	0.80
Mount Torrens	No	156	41.71	218	58.29	374	99.47	2	0.53	376
	0.46
Nuriootpa	No	907	30.09	2107	69.91	3014	99.21	24	0.79	3038	3.68
One Tree Hill (Wakefield)	No	139	39.38	214	60.62	353	98.06	7
	1.94	360	0.44
Owen	No	95	25.54	277	74.46	372	98.41	6	1.59	378	0.46
Palmer	No	38	25.17	113	74.83	151	98.05	3	1.95	154	0.19
Paringa	No	232	33.67	457	66.33	689	98.57	10	1.43	699	0.85
Paskeville	No	55	28.06	141	71.94	196	98.49	3	1.51	199	0.24
Pine Point	No	52	30.06	121	69.94	173	100.00	0	0.00	173
	0.21
Port Clinton	No	64	19.10	271	80.90	335	99.70	1	0.30	336
	0.41
Port Victoria	No	79	24.46	244	75.54	323	99.08	3	0.92	326
	0.40
Port Vincent	No	124	29.25	300	70.75	424	98.38	7	1.62	431
	0.52
Port Wakefield	No	91	20.31	357	79.69	448	97.82	10	2.18	458
	0.56
Ramco	No	163	36.88	279	63.12	442	99.10	4	0.90	446	0.54
Renmark	No	1177	37.11	1995	62.89	3172	98.51	48	1.49	3220	3.90
Renmark North	No	195	36.72	336	63.28	531	98.15	10	1.85	541
	0.66
Renmark West	No	198	38.37	318	61.63	516	98.47	8	1.53	524
	0.64
Roseworthy	No	121	25.64	351	74.36	472	99.37	3	0.63	475	0.58
Sandy Creek	No	158	31.10	350	68.90	508	99.41	3	0.59	511	0.62
Springton	No	106	31.36	232	68.64	338	99.12	3	0.88	341	0.41
Stansbury	No	114	23.75	366	76.25	480	99.79	1	0.21	481	0.58
Stockwell	No	89	28.53	223	71.47	312	99.68	1	0.32	313	0.38
Tanunda	No	971	35.16	1791	64.84	2762	99.32	19	0.68	2781	3.37
Truro	No	107	28.46	269	71.54	376	98.69	5	1.31	381	0.46
Two Wells	No	664	30.35	1524	69.65	2188	98.56	32	1.44	2220	2.69
Waikerie	No	681	33.01	1382	66.99	2063	99.09	19	0.91	2082	2.52
Wallaroo	No	422	23.24	1394	76.76	1816	98.96	19	1.04	1835	2.23
Wallaroo Mines	No	110	19.47	455	80.53	565	98.78	7	1.22	572
	0.69
Warooka	No	122	27.85	316	72.15	438	100.00	0	0.00	438
	0.53
Wasleys	No	76	25.68	220	74.32	296	99.00	3	1.00	299	0.36
Willaston - Hewett	No	434	28.95	1065	71.05	1499	98.88	17	1.12
	1516	1.84
Williamstown	No	367	31.91	783	68.09	1150	99.14	10	0.86	1160
	1.41
Winkie	No	71	39.23	110	60.77	181	99.45	1	0.55	182	0.22
Yorketown	No	177	26.18	499	73.82	676	98.40	11	1.60	687	0.83
Special Hospitals	No	269	33.92	524	66.08	793	92.97	60	7.03	853
	1.03
Remote Mobiles	No	47	39.17	73	60.83	120	100.00	0	0.00
	120	0.15
Prison Mobiles	No	1	33.33	2	66.67	3	100.00	0	0.00	3
	0.00
Total Ordinary	No	21886	30.63	49558	69.37	71444	98.86	824	1.14	72268
	87.63
ABSENT	No	1804	35.04	3344	64.96	5148	99.15	44	0.85	5192	6.30
POSTAL	No	674	27.35	1790	72.65	2464	99.52	12	0.48	2476	3.00
PRE_POLL	No	781	34.51	1482	65.49	2263	99.25	17	0.75	2280	2.76
PROVISIONAL	No	75	30.36	172	69.64	247	99.20	2	0.80	249	0.30
Division Summary	No	25220	30.92	56346	69.08	81566	98.91	899	1.09	82465
	96.75
