Referendum: 6 November 1999									
		
Referendum Results										
	
By Division by Polling Place									
		

"A proposed law for the Alteration of the Constitution, entitled"			
								
   the Constitutional Alteration (Preamble) 1999					
						
											
											
Western Australia											
Fremantle (86382)											

		Yes		No		Formal		Informal		Total	
Polling Place		                                                             
Votes	%	Votes	%	Votes	%	Votes	%	Votes	%
Attadale	No	1201	39.93	1807	60.07	3008	99.41	18	0.59	3026	3.67
Atwell	No	657	35.08	1216	64.92	1873	99.10	17	0.90	1890	2.29
Beaconsfield	No	990	46.57	1136	53.43	2126	98.38	35	1.62	2161
	2.62
Beeliar	No	91	34.47	173	65.53	264	99.62	1	0.38	265	0.32
Bibra Lake	No	813	35.01	1509	64.99	2322	99.53	11	0.47	2333	2.83
Bicton	No	1263	40.53	1853	59.47	3116	98.70	41	1.30	3157	3.83
Coogee Beach	No	836	42.09	1150	57.91	1986	99.15	17	0.85	2003
	2.43
Coolbellup	No	372	28.46	935	71.54	1307	98.87	15	1.13	1322	1.60
Coolbellup East	No	371	27.40	983	72.60	1354	99.12	12	0.88	1366
	1.66
East Fremantle	No	1131	46.75	1288	53.25	2419	98.41	39	1.59	2458
	2.98
Fremantle	No	824	44.61	1023	55.39	1847	98.40	30	1.60	1877	2.28
Hamilton Hill East	No	595	34.00	1155	66.00	1750	97.77	40	2.23
	1790	2.17
Hamilton Hill North	No	812	41.26	1156	58.74	1968	97.67	47	2.33
	2015	2.45
Hamilton Hill South	No	430	34.24	826	65.76	1256	98.90	14	1.10
	1270	1.54
Hilton	No	673	38.68	1067	61.32	1740	98.98	18	1.02	1758	2.13
Jandakot	No	363	34.12	701	65.88	1064	98.79	13	1.21	1077	1.31
Kardinya (Fremantle)	No	573	41.82	797	58.18	1370	99.35	9	0.65
	1379	1.67
Kardinya West	No	492	39.68	748	60.32	1240	98.73	16	1.27	1256
	1.52
Lakeland	No	440	32.28	923	67.72	1363	99.13	12	0.87	1375	1.67
Melville Heights	No	564	34.43	1074	65.57	1638	99.33	11	0.67	1649
	2.00
Melville South	No	362	38.47	579	61.53	941	99.16	8	0.84	949
	1.15
Munster	No	351	34.48	667	65.52	1018	98.64	14	1.36	1032	1.25
Myaree	No	808	39.71	1227	60.29	2035	99.03	20	0.97	2055	2.49
North Fremantle	No	426	42.64	573	57.36	999	98.52	15	1.48	1014
	1.23
Palmyra	No	987	38.29	1591	61.71	2578	99.12	23	0.88	2601	3.16
Palmyra North	No	205	34.28	393	65.72	598	99.67	2	0.33	600
	0.73
Perth (Fremantle)	No	48	47.06	54	52.94	102	100.00	0	0.00
	102	0.12
Richmond	No	1013	42.87	1350	57.13	2363	98.99	24	1.01	2387	2.90
Rottnest (Fremantle)	No	100	47.62	110	52.38	210	99.53	1	0.47
	211	0.26
Samson	No	817	40.53	1199	59.47	2016	99.12	18	0.88	2034	2.47
South Fremantle	No	761	49.19	786	50.81	1547	98.91	17	1.09	1564
	1.90
South Lake	No	673	32.83	1377	67.17	2050	98.84	24	1.16	2074	2.52
Spearwood	No	1076	37.18	1818	62.82	2894	98.64	40	1.36	2934	3.56
Spearwood South	No	1194	42.48	1617	57.52	2811	98.29	49	1.71	2860
	3.47
Spearwood West	No	1220	38.14	1979	61.86	3199	98.28	56	1.72	3255
	3.95
Wattleup	No	199	32.68	410	67.32	609	97.44	16	2.56	625	0.76
White Gum Valley	No	746	43.63	964	56.37	1710	98.11	33	1.89	1743
	2.12
Willagee	No	470	35.44	856	64.56	1326	98.66	18	1.34	1344	1.63
Willagee East	No	581	37.01	989	62.99	1570	98.68	21	1.32	1591
	1.93
Yangebup	No	897	32.25	1884	67.75	2781	99.39	17	0.61	2798	3.40
Yangebup South	No	182	32.56	377	67.44	559	99.29	4	0.71	563
	0.68
Special Hospitals	No	174	30.63	394	69.37	568	96.43	21	3.57	589
	0.71
Total Ordinary	No	26781	38.54	42714	61.46	69495	98.78	857	1.22	70352
	85.38
ABSENT	No	2380	38.84	3747	61.16	6127	99.14	53	0.86	6180	7.50
POSTAL	No	652	37.13	1104	62.87	1756	99.66	6	0.34	1762	2.14
PRE_POLL	No	1572	43.55	2038	56.45	3610	99.70	11	0.30	3621	4.39
PROVISIONAL	No	192	40.00	288	60.00	480	99.38	3	0.62	483	0.59
Division Summary	No	31577	38.76	49891	61.24	81468	98.87	930	1.13	82398
	95.39
