Referendum: 6 November 1999									
		
Referendum Results										
	
By Division by Polling Place									
		

"A proposed law for the Alteration of the Constitution, entitled"			
								
   the Constitutional Alteration (Preamble) 1999					
						
											
											
New South Wales											
Macquarie (83739)											

		Yes		No		Formal		Informal		Total	
Polling Place		                                                             
Votes	%	Votes	%	Votes	%	Votes	%	Votes	%
Bilpin	No	164	36.12	290	63.88	454	99.78	1	0.22	455	0.57
Blackheath	No	922	39.69	1401	60.31	2323	99.10	21	0.90	2344	2.93
Blaxland (Macquarie)	No	417	47.44	462	52.56	879	99.43	5	0.57
	884	1.10
Blaxland East	No	1369	45.63	1631	54.37	3000	99.37	19	0.63	3019
	3.77
Bligh Park	No	1159	37.65	1919	62.35	3078	98.78	38	1.22	3116	3.89
Bligh Park East	No	288	32.51	598	67.49	886	99.11	8	0.89	894
	1.12
Bullaburra	No	257	43.05	340	56.95	597	99.00	6	1.00	603	0.75
Castlereagh (Macquarie)	No	106	35.33	194	64.67	300	99.34	2	0.66
	302	0.38
Colo Heights	No	43	27.04	116	72.96	159	100.00	0	0.00
	159	0.20
Comleroy Road	No	278	37.77	458	62.23	736	98.66	10	1.34	746
	0.93
Ebenezer	No	289	37.44	483	62.56	772	99.36	5	0.64	777	0.97
Faulconbridge	No	1002	44.47	1251	55.53	2253	99.16	19	0.84	2272
	2.84
Freemans Reach	No	418	33.76	820	66.24	1238	99.04	12	0.96	1250
	1.56
Glossodia	No	437	32.06	926	67.94	1363	99.13	12	0.87	1375	1.72
Grose View	No	189	41.72	264	58.28	453	99.56	2	0.44	455	0.57
Hazelbrook	No	1022	44.80	1259	55.20	2281	98.87	26	1.13	2307	2.88
Hobartville	No	661	36.22	1164	63.78	1825	99.29	13	0.71	1838	2.29
Katoomba	No	262	40.87	379	59.13	641	99.07	6	0.93	647	0.81
Katoomba High	No	265	43.95	338	56.05	603	99.34	4	0.66	607
	0.76
Katoomba Hospital	No	77	41.85	107	58.15	184	97.87	4	2.13	188
	0.23
Katoomba North	No	450	36.62	779	63.38	1229	98.64	17	1.36	1246
	1.56
Katoomba Street	No	712	42.74	954	57.26	1666	98.29	29	1.71	1695
	2.12
Kurmond	No	221	38.10	359	61.90	580	99.32	4	0.68	584	0.73
Kurrajong	No	752	40.13	1122	59.87	1874	99.57	8	0.43	1882	2.35
Kurrajong East	No	150	31.65	324	68.35	474	99.37	3	0.63	477
	0.60
Kurrajong Heights	No	168	43.41	219	56.59	387	99.49	2	0.51	389
	0.49
Lawson	No	581	40.97	837	59.03	1418	99.02	14	0.98	1432	1.79
Leura	No	230	40.00	345	60.00	575	98.29	10	1.71	585	0.73
Leura Central	No	690	45.10	840	54.90	1530	99.16	13	0.84	1543
	1.93
Londonderry (Macquarie)	No	519	32.32	1087	67.68	1606	97.81	36	2.19
	1642	2.05
McGraths Hill	No	389	37.91	637	62.09	1026	98.84	12	1.16	1038
	1.30
Medlow Bath	No	144	38.71	228	61.29	372	98.94	4	1.06	376	0.47
Mount Riverview	No	714	41.22	1018	58.78	1732	99.60	7	0.40	1739
	2.17
Mount Victoria	No	172	37.07	292	62.93	464	99.36	3	0.64	467
	0.58
Mount Wilson	No	30	36.14	53	63.86	83	100.00	0	0.00	83
	0.10
North Richmond	No	1008	34.33	1928	65.67	2936	98.99	30	1.01	2966
	3.70
RAAF Richmond	No	48	29.81	113	70.19	161	99.38	1	0.62	162
	0.20
Richmond	No	814	36.42	1421	63.58	2235	99.20	18	0.80	2253	2.81
Richmond High	No	193	33.45	384	66.55	577	99.48	3	0.52	580
	0.72
St Albans	No	53	40.15	79	59.85	132	100.00	0	0.00	132
	0.16
Springwood	No	1177	43.71	1516	56.29	2693	99.12	24	0.88	2717	3.39
Springwood North	No	858	45.25	1038	54.75	1896	99.37	12	0.63	1908
	2.38
Springwood South	No	611	45.63	728	54.37	1339	99.11	12	0.89	1351
	1.69
Sydney (Macquarie)	Yes	50	54.35	42	45.65	92	98.92	1	1.08	93
	0.12
Tennyson	No	69	32.09	146	67.91	215	98.17	4	1.83	219	0.27
Valley Heights	No	334	41.54	470	58.46	804	99.50	4	0.50	808
	1.01
Vineyard East (Macquarie)	No	60	28.71	149	71.29	209	99.05	2
	0.95	211	0.26
Warrimoo	No	426	46.51	490	53.49	916	99.03	9	0.97	925	1.15
Wentworth Falls	No	1152	43.46	1499	56.54	2651	99.25	20	0.75	2671
	3.33
Wilberforce	No	661	39.02	1033	60.98	1694	99.41	10	0.59	1704	2.13
Windsor	No	585	33.68	1152	66.32	1737	98.47	27	1.53	1764	2.20
Windsor South	No	620	31.50	1348	68.50	1968	98.94	21	1.06	1989
	2.48
Winmalee	No	1120	39.59	1709	60.41	2829	99.54	13	0.46	2842	3.55
Woodford	No	451	42.95	599	57.05	1050	99.53	5	0.47	1055	1.32
Yarramundi	No	76	38.97	119	61.03	195	100.00	0	0.00	195
	0.24
Special Hospitals	No	185	35.37	338	64.63	523	99.24	4	0.76	527
	0.66
Total Ordinary	No	26098	39.61	39795	60.39	65893	99.11	595	0.89	66488
	83.01
ABSENT	No	2329	41.35	3304	58.65	5633	99.35	37	0.65	5670	7.08
POSTAL	No	761	33.17	1533	66.83	2294	99.48	12	0.52	2306	2.88
PRE_POLL	No	2018	39.87	3044	60.13	5062	99.55	23	0.45	5085	6.35
PROVISIONAL	No	190	35.12	351	64.88	541	99.27	4	0.73	545	0.68
Division Summary	No	31396	39.53	48027	60.47	79423	99.16	671	0.84	80094
	95.65
