Referendum: 6 November 1999									
		
Referendum Results										
	
By Division by Polling Place									
		

"A proposed law for the Alteration of the Constitution, entitled"			
								
   the Constitutional Alteration (Establishment of Republic) 1999			
								
											
											
Victoria											
Batman (89277)											

		Yes		No		Formal		Informal		Total	
Polling Place		Votes	%	Votes	%	Votes	%	Votes	%	Votes	%
Alphington	Yes	1008	73.74	359	26.26	1367	99.49	7	0.51	1374	1.63
Alphington North	Yes	980	66.85	486	33.15	1466	99.05	14	0.95	1480
	1.76
Bell	Yes	1106	63.24	643	36.76	1749	98.26	31	1.74	1780	2.12
Boldrewood	No	855	50.00	855	50.00	1710	98.84	20	1.16	1730	2.06
Burbank	Yes	760	62.65	453	37.35	1213	98.54	18	1.46	1231	1.46
Croxton	Yes	657	69.38	290	30.62	947	94.14	59	5.86	1006	1.20
Faircote	Yes	336	57.44	249	42.56	585	98.15	11	1.85	596	0.71
Fairfield	Yes	1725	72.57	652	27.43	2377	98.22	43	1.78	2420	2.88
Fairfield North	Yes	566	80.40	138	19.60	704	99.29	5	0.71	709
	0.84
Keon Park	Yes	450	50.90	434	49.10	884	98.77	11	1.23	895	1.06
Kingsbury	Yes	1031	53.95	880	46.05	1911	99.12	17	0.88	1928	2.29
Melbourne (Batman)	Yes	117	70.06	50	29.94	167	98.82	2	1.18
	169	0.20
Merrilands	Yes	1296	63.94	731	36.06	2027	98.93	22	1.07	2049	2.44
Murray	Yes	729	52.90	649	47.10	1378	98.57	20	1.43	1398	1.66
Newlands	Yes	978	58.08	706	41.92	1684	98.48	26	1.52	1710	2.03
Northcote	Yes	2869	73.72	1023	26.28	3892	98.53	58	1.47	3950	4.70
Northcote North	Yes	1114	68.18	520	31.82	1634	98.26	29	1.74	1663
	1.98
Northcote South	Yes	2046	75.11	678	24.89	2724	98.48	42	1.52	2766
	3.29
Northcote West	Yes	338	75.11	112	24.89	450	99.56	2	0.44	452
	0.54
Oakhill	Yes	793	54.80	654	45.20	1447	99.11	13	0.89	1460	1.74
Preston	Yes	1009	63.46	581	36.54	1590	98.51	24	1.49	1614	1.92
Preston East	Yes	1381	58.42	983	41.58	2364	98.17	44	1.83	2408
	2.86
Preston North	Yes	239	54.69	198	45.31	437	99.54	2	0.46	439
	0.52
Preston North East	Yes	1042	51.87	967	48.13	2009	98.97	21	1.03
	2030	2.41
Preston South	Yes	1007	61.44	632	38.56	1639	98.14	31	1.86	1670
	1.99
Preston West	Yes	1564	63.58	896	36.42	2460	97.70	58	2.30	2518
	3.00
Regent	Yes	1462	62.77	867	37.23	2329	98.90	26	1.10	2355	2.80
Regent West	Yes	461	58.58	326	41.42	787	98.99	8	1.01	795	0.95
Reservoir	Yes	777	51.12	743	48.88	1520	98.83	18	1.17	1538	1.83
Reservoir Central	Yes	1355	53.35	1185	46.65	2540	98.26	45	1.74	2585
	3.08
Reservoir East	Yes	567	55.43	456	44.57	1023	98.65	14	1.35	1037
	1.23
Reservoir North	Yes	1463	55.00	1197	45.00	2660	98.37	44	1.63	2704
	3.22
Reservoir North East	No	787	46.54	904	53.46	1691	98.49	26	1.51
	1717	2.04
Reservoir South	Yes	602	53.89	515	46.11	1117	98.85	13	1.15	1130
	1.34
Reservoir West	Yes	682	51.75	636	48.25	1318	98.95	14	1.05	1332
	1.58
Ruthven	Yes	2526	63.55	1449	36.45	3975	98.64	55	1.36	4030	4.79
Thornbury	Yes	2019	68.65	922	31.35	2941	98.49	45	1.51	2986	3.55
Thornbury Central	Yes	164	70.39	69	29.61	233	100.00	0	0.00
	233	0.28
Thornbury East	Yes	1794	64.00	1009	36.00	2803	98.94	30	1.06	2833
	3.37
Thornbury South	Yes	1861	70.25	788	29.75	2649	98.81	32	1.19	2681
	3.19
Thornbury West	Yes	255	65.89	132	34.11	387	98.72	5	1.28	392
	0.47
Westgarth	Yes	901	75.78	288	24.22	1189	98.10	23	1.90	1212	1.44
Special Hospitals	No	161	32.53	334	67.47	495	99.40	3	0.60	498
	0.59
Total Ordinary	Yes	43833	62.20	26639	37.80	70472	98.56	1031	1.44	71503
	85.06
ABSENT	Yes	3708	62.85	2192	37.15	5900	99.13	52	0.87	5952	7.08
POSTAL	No	1193	40.39	1761	59.61	2954	99.86	4	0.14	2958	3.52
PRE_POLL	Yes	1825	56.54	1403	43.46	3228	99.57	14	0.43	3242	3.86
PROVISIONAL	Yes	250	62.97	147	37.03	397	96.83	13	3.17	410	0.49
Division Summary	Yes	50809	61.25	32142	38.75	82951	98.67	1114	1.33	84065
	94.16
