Referendum: 6 November 1999									
		
Referendum Results										
	
By Division by Polling Place									
		

"A proposed law for the Alteration of the Constitution, entitled"			
								
   the Constitutional Alteration (Preamble) 1999					
						
											
											
Victoria											
Corio (84364)											

		Yes		No		Formal		Informal		Total	
Polling Place		                                                             
Votes	%	Votes	%	Votes	%	Votes	%	Votes	%
Aberdeen	No	670	47.99	726	52.01	1396	99.36	9	0.64	1405	1.73
Anakie	No	148	34.34	283	65.66	431	98.63	6	1.37	437	0.54
Barwon	No	454	45.04	554	54.96	1008	98.25	18	1.75	1026	1.26
Batesford	No	59	44.36	74	55.64	133	98.52	2	1.48	135	0.17
Bell Park	Yes	1884	50.86	1820	49.14	3704	97.99	76	2.01	3780	4.66
Breakwater	No	209	32.97	425	67.03	634	98.60	9	1.40	643	0.79
Britannia	No	522	40.88	755	59.12	1277	98.84	15	1.16	1292	1.59
Chilwell	No	1249	47.74	1367	52.26	2616	99.17	22	0.83	2638	3.25
Clifton Springs	No	1000	35.22	1839	64.78	2839	99.30	20	0.70	2859
	3.52
Corio	No	1018	31.56	2208	68.44	3226	98.53	48	1.47	3274	4.03
Corio Central	No	735	34.49	1396	65.51	2131	99.02	21	0.98	2152
	2.65
Corio West	No	975	30.49	2223	69.51	3198	98.83	38	1.17	3236	3.99
Drysdale (Corio)	No	598	32.62	1235	67.38	1833	99.19	15	0.81	1848
	2.28
Fyans Park	No	462	43.50	600	56.50	1062	99.62	4	0.38	1066	1.31
Geelong East	No	1123	43.06	1485	56.94	2608	98.79	32	1.21	2640
	3.25
Geelong West	No	1375	44.88	1689	55.12	3064	98.49	47	1.51	3111
	3.83
Hamlyn Heights	No	1443	40.72	2101	59.28	3544	98.99	36	1.01	3580
	4.41
Herne Hill	No	404	39.07	630	60.93	1034	99.61	4	0.39	1038	1.28
Kardinia Park	No	419	45.01	512	54.99	931	98.52	14	1.48	945
	1.16
Lara	No	1206	35.24	2216	64.76	3422	99.13	30	0.87	3452	4.25
Lara Central	No	735	31.03	1634	68.97	2369	99.33	16	0.67	2385
	2.94
Leopold	No	1112	40.94	1604	59.06	2716	99.09	25	0.91	2741	3.38
Leopold South	No	441	37.06	749	62.94	1190	99.08	11	0.92	1201
	1.48
Manifold Heights	No	695	40.27	1031	59.73	1726	99.20	14	0.80	1740
	2.14
Melbourne (Corio)	No	27	43.55	35	56.45	62	100.00	0	0.00	62
	0.08
Moolap	No	235	33.24	472	66.76	707	98.74	9	1.26	716	0.88
Newcomb	No	797	33.21	1603	66.79	2400	99.13	21	0.87	2421	2.98
Newcomb South	No	379	33.22	762	66.78	1141	99.13	10	0.87	1151
	1.42
Norlane	No	1693	42.23	2316	57.77	4009	97.78	91	2.22	4100	5.05
North Shore	No	700	31.39	1530	68.61	2230	98.67	30	1.33	2260	2.79
Rollins	No	892	43.58	1155	56.42	2047	99.03	20	0.97	2067	2.55
St Helens	No	383	39.69	582	60.31	965	99.18	8	0.82	973	1.20
Shannon	No	550	40.68	802	59.32	1352	98.90	15	1.10	1367	1.68
Thomson	No	592	34.52	1123	65.48	1715	99.02	17	0.98	1732	2.13
Whittington	No	1233	33.74	2421	66.26	3654	98.73	47	1.27	3701	4.56
Special Hospitals	Yes	177	61.46	111	38.54	288	98.63	4	1.37	292
	0.36
Total Ordinary	No	26594	38.73	42068	61.27	68662	98.84	804	1.16	69466
	85.60
ABSENT	No	1620	42.67	2177	57.33	3797	99.11	34	0.89	3831	4.72
POSTAL	No	980	31.43	2138	68.57	3118	99.11	28	0.89	3146	3.88
PRE_POLL	No	1608	37.45	2686	62.55	4294	99.42	25	0.58	4319	5.32
PROVISIONAL	No	145	37.76	239	62.24	384	99.22	3	0.78	387	0.48
Division Summary	No	30947	38.56	49308	61.44	80255	98.90	894	1.10	81149
	96.19
