Referendum: 6 November 1999									
		
Referendum Results										
	
By Division by Polling Place									
		

"A proposed law for the Alteration of the Constitution, entitled"			
								
   the Constitutional Alteration (Establishment of Republic) 1999			
								
											
											
Victoria											
Kooyong (86533)											

		Yes		No		Formal		Informal		Total	
Polling Place		Votes	%	Votes	%	Votes	%	Votes	%	Votes	%
Auburn	Yes	969	63.13	566	36.87	1535	99.10	14	0.90	1549	1.89
Auburn North	Yes	1950	69.79	844	30.21	2794	99.54	13	0.46	2807
	3.42
Auburn South	Yes	2155	68.89	973	31.11	3128	98.86	36	1.14	3164
	3.85
Balwyn	Yes	1386	56.05	1087	43.95	2473	98.76	31	1.24	2504	3.05
Balwyn Central	Yes	864	58.98	601	41.02	1465	99.46	8	0.54	1473
	1.79
Balwyn North	Yes	1996	64.08	1119	35.92	3115	99.27	23	0.73	3138
	3.82
Balwyn North Central	Yes	1065	65.18	569	34.82	1634	98.67	22	1.33
	1656	2.02
Balwyn North East	Yes	2496	62.01	1529	37.99	4025	99.26	30	0.74	4055
	4.94
Balwyn North West	Yes	874	60.36	574	39.64	1448	99.18	12	0.82	1460
	1.78
Balwyn West	Yes	1161	62.52	696	37.48	1857	98.72	24	1.28	1881	2.29
Boroondara	Yes	1316	63.95	742	36.05	2058	98.94	22	1.06	2080	2.53
Camberwell East	Yes	577	67.96	272	32.04	849	99.53	4	0.47	853
	1.04
Camberwell North	Yes	1289	64.74	702	35.26	1991	99.50	10	0.50	2001
	2.44
Canterbury North	Yes	1087	67.02	535	32.98	1622	98.96	17	1.04	1639
	2.00
Canterbury South	Yes	1911	68.32	886	31.68	2797	99.08	26	0.92	2823
	3.44
Chatham	Yes	1243	67.01	612	32.99	1855	99.57	8	0.43	1863	2.27
Cotham	Yes	1435	63.50	825	36.50	2260	99.08	21	0.92	2281	2.78
Deepdene	Yes	541	62.54	324	37.46	865	99.77	2	0.23	867	1.06
Glenferrie	Yes	2019	68.65	922	31.35	2941	99.26	22	0.74	2963	3.61
Glenferrie Central	Yes	937	64.80	509	35.20	1446	98.84	17	1.16
	1463	1.78
Glenferrie South	Yes	887	64.56	487	35.44	1374	99.13	12	0.87	1386
	1.69
Hartwell	Yes	1199	64.05	673	35.95	1872	99.00	19	1.00	1891	2.30
Hawthorn	Yes	1769	67.19	864	32.81	2633	98.84	31	1.16	2664	3.24
Highfield Park	Yes	1110	62.85	656	37.15	1766	99.27	13	0.73	1779
	2.17
Hyde Park	Yes	879	66.24	448	33.76	1327	99.18	11	0.82	1338	1.63
Kew	Yes	2416	67.85	1145	32.15	3561	98.89	40	1.11	3601	4.39
Kew East	Yes	985	62.11	601	37.89	1586	99.19	13	0.81	1599	1.95
Kew North	Yes	1583	68.35	733	31.65	2316	99.19	19	0.81	2335	2.84
Kew South	Yes	1599	65.13	856	34.87	2455	99.19	20	0.81	2475	3.01
Melbourne (Kooyong)	Yes	155	65.96	80	34.04	235	98.74	3	1.26
	238	0.29
Studley Park	Yes	1067	67.19	521	32.81	1588	99.37	10	0.63	1598
	1.95
Surrey Hills West	Yes	790	59.98	527	40.02	1317	99.32	9	0.68	1326
	1.62
Willison	Yes	755	62.35	456	37.65	1211	99.43	7	0.57	1218	1.48
Special Hospitals	No	239	35.25	439	64.75	678	99.71	2	0.29	680
	0.83
Total Ordinary	Yes	42704	64.63	23373	35.37	66077	99.14	571	0.86	66648
	81.18
ABSENT	Yes	5326	66.50	2683	33.50	8009	99.59	33	0.41	8042	9.80
POSTAL	No	1273	46.58	1460	53.42	2733	99.71	8	0.29	2741	3.34
PRE_POLL	Yes	2864	65.21	1528	34.79	4392	99.70	13	0.30	4405	5.37
PROVISIONAL	Yes	168	64.37	93	35.63	261	98.86	3	1.14	264	0.32
Division Summary	Yes	52335	64.24	29137	35.76	81472	99.24	628	0.76	82100
	94.88
