Referendum: 6 November 1999									
		
Referendum Results										
	
By Division by Polling Place									
		

"A proposed law for the Alteration of the Constitution, entitled"			
								
   the Constitutional Alteration (Preamble) 1999					
						
											
											
South Australia											
Adelaide (86272)											
											
		Yes		No		Formal		Informal		Total	
Polling Place		Votes	%	Votes	%	Votes	%	Votes	%	Votes	%
Adelaide (Adelaide)	No	213	46.61	244	53.39	457	98.28	8	1.72
	465	0.57
Adelaide East	No	318	45.89	375	54.11	693	99.00	7	1.00	700
	0.86
Adelaide Hospital	No	151	49.51	154	50.49	305	98.71	4	1.29	309
	0.38
Adelaide South	No	762	46.58	874	53.42	1636	99.09	15	0.91	1651
	2.02
Adelaide West	No	146	46.50	168	53.50	314	98.12	6	1.88	320
	0.39
Black Forest East	No	977	48.53	1036	51.47	2013	98.63	28	1.37	2041
	2.50
Blair Athol North	No	569	37.24	959	62.76	1528	99.03	15	0.97	1543
	1.89
Broadview	No	849	42.03	1171	57.97	2020	99.17	17	0.83	2037	2.50
Brompton	No	435	45.60	519	54.40	954	99.17	8	0.83	962	1.18
Clarence Park	No	564	48.45	600	51.55	1164	99.15	10	0.85	1174
	1.44
College Park	Yes	590	51.75	550	48.25	1140	99.30	8	0.70	1148
	1.41
Croydon (Adelaide)	No	215	46.24	250	53.76	465	98.73	6	1.27
	471	0.58
Croydon Park	No	689	41.11	987	58.89	1676	98.76	21	1.24	1697
	2.08
Croydon Park West (Adelaide)	No	189	39.05	295	60.95	484	99.18	4
	0.82	488	0.60
Enfield	No	512	38.12	831	61.88	1343	98.24	24	1.76	1367	1.68
Enfield North (Adelaide)	No	449	35.89	802	64.11	1251	98.74	16
	1.26	1267	1.55
Enfield South	No	395	39.34	609	60.66	1004	98.43	16	1.57	1020
	1.25
Everard Park	No	354	48.16	381	51.84	735	98.66	10	1.34	745
	0.91
Fullarton	No	1076	47.46	1191	52.54	2267	99.04	22	0.96	2289	2.81
Goodwood	Yes	1009	50.73	980	49.27	1989	98.96	21	1.04	2010	2.46
Goodwood Park	Yes	305	53.04	270	46.96	575	98.63	8	1.37	583
	0.71
Greenacres	No	497	35.20	915	64.80	1412	99.23	11	0.77	1423	1.74
Hampstead Gardens	No	368	39.40	566	60.60	934	98.94	10	1.06	944
	1.16
Hindmarsh	No	64	46.72	73	53.28	137	99.28	1	0.72	138	0.17
Hyde Park	Yes	817	50.37	805	49.63	1622	99.33	11	0.67	1633	2.00
Kent Town	No	202	49.75	204	50.25	406	98.78	5	1.22	411	0.50
Keswick	No	321	47.35	357	52.65	678	98.83	8	1.17	686	0.84
Kilburn	No	514	39.54	786	60.46	1300	98.26	23	1.74	1323	1.62
Kilburn South	No	406	40.44	598	59.56	1004	97.86	22	2.14	1026
	1.26
Lower North Adelaide	No	485	48.99	505	51.01	990	99.20	8	0.80
	998	1.22
Malvern	Yes	771	50.33	761	49.67	1532	99.55	7	0.45	1539	1.89
Marden West (Adelaide)	No	141	49.82	142	50.18	283	98.95	3	1.05
	286	0.35
Mile End	Yes	876	51.32	831	48.68	1707	98.16	32	1.84	1739	2.13
Myrtle Bank	No	914	49.73	924	50.27	1838	99.08	17	0.92	1855	2.27
Nailsworth	No	725	48.20	779	51.80	1504	99.27	11	0.73	1515	1.86
North Adelaide	No	1208	49.63	1226	50.37	2434	99.10	22	0.90	2456
	3.01
Northfield	No	320	31.62	692	68.38	1012	98.92	11	1.08	1023	1.25
Northfield South	No	520	33.64	1026	66.36	1546	98.60	22	1.40	1568
	1.92
Parkside East	Yes	1184	51.61	1110	48.39	2294	99.52	11	0.48	2305
	2.83
Prospect	Yes	986	50.96	949	49.04	1935	99.13	17	0.87	1952	2.39
Prospect Estate	No	366	43.31	479	56.69	845	99.06	8	0.94	853
	1.05
Prospect North	No	791	44.04	1005	55.96	1796	98.52	27	1.48	1823
	2.23
Prospect South	Yes	622	50.78	603	49.22	1225	98.79	15	1.21	1240
	1.52
Prospect West	No	1173	49.62	1191	50.38	2364	98.66	32	1.34	2396
	2.94
Renown Park	No	826	43.84	1058	56.16	1884	98.33	32	1.67	1916	2.35
St Peters	No	310	49.05	322	50.95	632	99.37	4	0.63	636	0.78
St Peters East	No	871	49.49	889	50.51	1760	98.43	28	1.57	1788
	2.19
Unley	Yes	1534	51.18	1463	48.82	2997	99.34	20	0.66	3017	3.70
Walkerville	No	1036	45.04	1264	54.96	2300	99.39	14	0.61	2314	2.84
Walkerville North	No	443	44.79	546	55.21	989	99.60	4	0.40	993
	1.22
Wayville	Yes	310	53.82	266	46.18	576	98.97	6	1.03	582	0.71
Special Hospitals	No	275	32.86	562	67.14	837	97.44	22	2.56	859
	1.05
Total Ordinary	No	30643	45.88	36143	54.12	66786	98.91	738	1.09	67524
	82.78
ABSENT	No	3154	46.24	3667	53.76	6821	99.10	62	0.90	6883	8.44
POSTAL	No	1052	35.75	1891	64.25	2943	99.29	21	0.71	2964	3.63
PRE_POLL	Yes	1882	52.10	1730	47.90	3612	99.53	17	0.47	3629	4.45
PROVISIONAL	No	240	42.55	324	57.45	564	98.43	9	1.57	573	0.70
Division Summary	No	36971	45.80	43755	54.20	80726	98.96	847	1.04	81573
	94.55
