Referendum: 6 November 1999									
		
Referendum Results										
	
By Division by Polling Place									
		

"A proposed law for the Alteration of the Constitution, entitled"			
								
   the Constitutional Alteration (Establishment of Republic) 1999			
								
											
											
New South Wales											
Gilmore (81457)											

		Yes		No		Formal		Informal		Total	
Polling Place		Votes	%	Votes	%	Votes	%	Votes	%	Votes	%
Avoca	No	59	31.05	131	68.95	190	98.96	2	1.04	192	0.25
Basin View	No	307	40.34	454	59.66	761	99.22	6	0.78	767	0.98
Bawley Point	Yes	239	50.85	231	49.15	470	99.79	1	0.21	471
	0.60
Berry	No	925	48.58	979	51.42	1904	99.22	15	0.78	1919	2.46
Bomaderry	No	1105	37.21	1865	62.79	2970	99.33	20	0.67	2990	3.83
Bomaderry South	No	267	40.21	397	59.79	664	99.85	1	0.15	665
	0.85
Bundanoon	No	470	42.84	627	57.16	1097	99.37	7	0.63	1104	1.41
Burrawang	No	141	41.72	197	58.28	338	99.41	2	0.59	340	0.44
Burrill Lake	No	401	40.42	591	59.58	992	99.40	6	0.60	998
	1.28
Callala Bay	No	384	43.05	508	56.95	892	99.55	4	0.45	896	1.15
Callala Beach	No	132	42.17	181	57.83	313	100.00	0	0.00
	313	0.40
Cambewarra	No	400	44.05	508	55.95	908	99.67	3	0.33	911	1.17
Canyonleigh	No	60	46.15	70	53.85	130	99.24	1	0.76	131	0.17
Cudmirrah	No	155	41.78	216	58.22	371	98.67	5	1.33	376	0.48
Culburra	No	641	42.25	876	57.75	1517	99.67	5	0.33	1522	1.95
Currarong	No	161	41.60	226	58.40	387	99.74	1	0.26	388	0.50
Erowal Bay	No	168	46.80	191	53.20	359	99.17	3	0.83	362	0.46
Exeter	No	130	36.52	226	63.48	356	99.72	1	0.28	357	0.46
Falls Creek	No	231	44.77	285	55.23	516	99.61	2	0.39	518	0.66
Gerringong	Yes	689	50.96	663	49.04	1352	99.27	10	0.73	1362	1.74
Gerroa	No	114	45.97	134	54.03	248	100.00	0	0.00	248
	0.32
Greenwell Point	No	330	38.42	529	61.58	859	98.85	10	1.15	869
	1.11
Huskisson	No	435	42.03	600	57.97	1035	99.23	8	0.77	1043	1.34
Hyams Beach	Yes	47	53.41	41	46.59	88	100.00	0	0.00	88
	0.11
Illaroo	No	1080	40.46	1589	59.54	2669	99.22	21	0.78	2690	3.44
Jamberoo	Yes	547	53.31	479	46.69	1026	99.23	8	0.77	1034	1.32
Kangaroo Valley	No	302	43.77	388	56.23	690	99.86	1	0.14	691
	0.88
Kiama	Yes	1565	50.37	1542	49.63	3107	99.04	30	0.96	3137	4.02
Kiama Downs	Yes	816	55.85	645	44.15	1461	99.39	9	0.61	1470	1.88
Kiama South	Yes	364	55.57	291	44.43	655	99.70	2	0.30	657	0.84
Lake Conjola	No	203	39.42	312	60.58	515	100.00	0	0.00
	515	0.66
Manyana	Yes	207	58.31	148	41.69	355	100.00	0	0.00	355
	0.45
Mayflower	No	77	30.92	172	69.08	249	99.20	2	0.80	251	0.32
Milton	No	562	39.91	846	60.09	1408	99.65	5	0.35	1413	1.81
Minnamurra	Yes	921	51.40	871	48.60	1792	99.06	17	0.94	1809	2.32
Mollymook	No	689	46.03	808	53.97	1497	99.53	7	0.47	1504	1.93
Moss Vale	No	406	36.02	721	63.98	1127	98.95	12	1.05	1139	1.46
Moss Vale Central	No	947	39.99	1421	60.01	2368	99.54	11	0.46	2379
	3.05
New Berrima	No	101	35.56	183	64.44	284	100.00	0	0.00	284
	0.36
North Nowra	No	281	36.49	489	63.51	770	99.61	3	0.39	773	0.99
Nowra	No	837	37.69	1384	62.31	2221	99.55	10	0.45	2231	2.86
Nowra Centre	No	479	40.59	701	59.41	1180	98.83	14	1.17	1194
	1.53
Nowra East	No	692	34.36	1322	65.64	2014	98.87	23	1.13	2037	2.61
Nowra Hill	No	90	32.14	190	67.86	280	99.64	1	0.36	281	0.36
Nowra Hospital	No	125	46.13	146	53.87	271	98.91	3	1.09	274
	0.35
Nowra South	No	167	32.05	354	67.95	521	98.67	7	1.33	528	0.68
Orient Point	No	204	41.98	282	58.02	486	99.79	1	0.21	487
	0.62
Penrose	No	52	41.27	74	58.73	126	100.00	0	0.00	126
	0.16
Robertson	No	387	41.70	541	58.30	928	99.25	7	0.75	935	1.20
St Georges Basin	No	415	37.59	689	62.41	1104	99.46	6	0.54	1110
	1.42
Sanctuary Point	No	1238	41.03	1779	58.97	3017	99.31	21	0.69	3038
	3.89
Shoalhaven Heads	No	888	42.92	1181	57.08	2069	99.14	18	0.86	2087
	2.67
Sussex Inlet	No	813	38.90	1277	61.10	2090	99.48	11	0.52	2101
	2.69
Sutton Forest	No	126	36.42	220	63.58	346	99.14	3	0.86	349
	0.45
Sydney (Gilmore)	Yes	40	76.92	12	23.08	52	96.30	2	3.70	54
	0.07
Tallong	No	70	38.67	111	61.33	181	97.84	4	2.16	185	0.24
Terara	No	208	37.01	354	62.99	562	99.65	2	0.35	564	0.72
Tomerong	No	228	43.85	292	56.15	520	98.86	6	1.14	526	0.67
Ulladulla	No	1278	41.79	1780	58.21	3058	99.06	29	0.94	3087	3.95
Vincentia	No	763	45.42	917	54.58	1680	99.59	7	0.41	1687	2.16
Werri Beach	No	330	49.70	334	50.30	664	99.25	5	0.75	669	0.86
Wingello	No	100	47.17	112	52.83	212	98.60	3	1.40	215	0.28
Special Hospitals	No	111	37.50	185	62.50	296	99.00	3	1.00	299
	0.38
Total Ordinary	No	26700	42.67	35868	57.33	62568	99.32	427	0.68	62995
	80.67
ABSENT	No	2253	46.63	2579	53.37	4832	99.40	29	0.60	4861	6.23
POSTAL	No	775	35.18	1428	64.82	2203	99.68	7	0.32	2210	2.83
PRE_POLL	No	3071	40.39	4532	59.61	7603	99.65	27	0.35	7630	9.77
PROVISIONAL	No	171	43.85	219	56.15	390	99.74	1	0.26	391	0.50
Division Summary	No	32970	42.49	44626	57.51	77596	99.37	491	0.63	78087
	95.86
