Referendum: 6 November 1999									
		
Referendum Results										
	
By Division by Polling Place									
		

"A proposed law for the Alteration of the Constitution, entitled"			
								
   the Constitutional Alteration (Preamble) 1999					
						
											
											
Queensland											
Forde (78734)											

		Yes		No		Formal		Informal		Total	
Polling Place		                                                             
Votes	%	Votes	%	Votes	%	Votes	%	Votes	%
Aratula	No	79	18.08	358	81.92	437	99.77	1	0.23	438	0.59
Beaudesert	No	848	24.20	2656	75.80	3504	99.40	21	0.60	3525	4.74
Beechmont	No	145	40.39	214	59.61	359	99.17	3	0.83	362	0.49
Beenleigh	No	1080	32.35	2259	67.65	3339	98.85	39	1.15	3378	4.54
Beenleigh Central	No	214	29.64	508	70.36	722	98.90	8	1.10	730
	0.98
Bethania	No	657	30.99	1463	69.01	2120	99.39	13	0.61	2133	2.87
Boonah	No	405	20.05	1615	79.95	2020	99.56	9	0.44	2029	2.73
Brisbane City (Forde)	No	36	40.45	53	59.55	89	100.00	0
	0.00	89	0.12
Canungra	No	322	31.20	710	68.80	1032	98.47	16	1.53	1048	1.41
Cedar Creek	No	114	31.93	243	68.07	357	99.44	2	0.56	359	0.48
Coomera (Forde)	No	187	30.21	432	69.79	619	99.20	5	0.80	624
	0.84
Cornubia (Forde)	No	159	37.15	269	62.85	428	99.30	3	0.70	431
	0.58
Eagleby	No	178	23.03	595	76.97	773	98.72	10	1.28	783	1.05
Eagleby South	No	661	24.96	1987	75.04	2648	98.77	33	1.23	2681
	3.61
Edens Landing	No	528	32.80	1082	67.20	1610	98.47	25	1.53	1635
	2.20
Flagstone	No	184	24.86	556	75.14	740	98.80	9	1.20	749	1.01
Greenbank	No	627	27.40	1661	72.60	2288	99.48	12	0.52	2300	3.09
Hillview	No	29	18.47	128	81.53	157	100.00	0	0.00	157
	0.21
Jimboomba	No	1189	25.47	3480	74.53	4669	98.84	55	1.16	4724	6.35
Kalbar	No	148	17.35	705	82.65	853	99.42	5	0.58	858	1.15
Kerry	No	46	22.55	158	77.45	204	98.55	3	1.45	207	0.28
Loganholme (Forde)	No	463	30.72	1044	69.28	1507	99.41	9	0.59
	1516	2.04
Loganlea	No	528	31.92	1126	68.08	1654	99.28	12	0.72	1666	2.24
Logan Reserve	No	324	27.88	838	72.12	1162	98.81	14	1.19	1176
	1.58
Logan Village	No	747	27.65	1955	72.35	2702	99.23	21	0.77	2723
	3.66
Marsden (Forde)	No	320	27.35	850	72.65	1170	98.90	13	1.10	1183
	1.59
Mount Alford	No	65	20.00	260	80.00	325	100.00	0	0.00
	325	0.44
Mount Warren Park	No	1025	30.38	2349	69.62	3374	99.26	25	0.74	3399
	4.57
Nerang West (Forde)	No	216	31.91	461	68.09	677	98.26	12	1.74
	689	0.93
Numinbah Valley	No	28	27.72	73	72.28	101	100.00	0	0.00
	101	0.14
Ormeau	No	473	32.64	976	67.36	1449	99.04	14	0.96	1463	1.97
Oxenford	No	410	29.16	996	70.84	1406	98.87	16	1.13	1422	1.91
Park Ridge (Forde)	No	623	30.89	1394	69.11	2017	99.21	16	0.79
	2033	2.73
Pimpama	No	82	32.28	172	67.72	254	98.83	3	1.17	257	0.35
Rathdowney	No	64	13.88	397	86.12	461	99.35	3	0.65	464	0.62
Roadvale	No	56	16.33	287	83.67	343	100.00	0	0.00	343
	0.46
St. Bernard	No	282	32.60	583	67.40	865	99.65	3	0.35	868	1.17
Studio Village	No	720	32.03	1528	67.97	2248	98.64	31	1.36	2279
	3.07
Tamborine	No	303	29.30	731	70.70	1034	99.33	7	0.67	1041	1.40
Tamborine North	No	704	34.73	1323	65.27	2027	99.02	20	0.98	2047
	2.75
Tamrookum	No	167	27.88	432	72.12	599	99.34	4	0.66	603	0.81
Upper Coomera	No	308	27.21	824	72.79	1132	99.12	10	0.88	1142
	1.54
Waterford	No	124	29.45	297	70.55	421	99.53	2	0.47	423	0.57
Waterford West	No	734	28.93	1803	71.07	2537	99.18	21	0.82	2558
	3.44
Windaroo	No	562	31.64	1214	68.36	1776	99.11	16	0.89	1792	2.41
Woodhill	No	191	24.24	597	75.76	788	99.24	6	0.76	794	1.07
Special Hospitals	No	77	30.80	173	69.20	250	98.81	3	1.19	253
	0.34
Total Ordinary	No	17432	28.46	43815	71.54	61247	99.11	553	0.89	61800
	83.13
ABSENT	No	2175	32.38	4543	67.62	6718	99.23	52	0.77	6770	9.11
POSTAL	No	632	25.69	1828	74.31	2460	99.27	18	0.73	2478	3.33
PRE_POLL	No	995	34.73	1870	65.27	2865	99.34	19	0.66	2884	3.88
PROVISIONAL	No	110	27.50	290	72.50	400	98.28	7	1.72	407	0.55
Division Summary	No	21344	28.96	52346	71.04	73690	99.13	649	0.87	74339
	94.42
