Referendum: 6 November 1999									
		
Referendum Results										
	
By Division by Polling Place									
		

"A proposed law for the Alteration of the Constitution, entitled"			
								
   the Constitutional Alteration (Establishment of Republic) 1999			
								
											
											
Victoria											
Jagajaga (88028)											

		Yes		No		Formal		Informal		Total	
Polling Place		Votes	%	Votes	%	Votes	%	Votes	%	Votes	%
Banyule	Yes	1650	59.52	1122	40.48	2772	98.93	30	1.07	2802	3.33
Briar Hill	Yes	1395	55.27	1129	44.73	2524	99.33	17	0.67	2541	3.02
Bundoora	Yes	1015	52.29	926	47.71	1941	99.08	18	0.92	1959	2.33
Eaglemont	Yes	886	65.19	473	34.81	1359	99.78	3	0.22	1362	1.62
Eltham	Yes	2414	62.22	1466	37.78	3880	99.23	30	0.77	3910	4.64
Eltham East	Yes	2018	63.18	1176	36.82	3194	99.32	22	0.68	3216	3.82
Eltham North	Yes	1352	65.19	722	34.81	2074	98.76	26	1.24	2100
	2.49
Eltham Woods	Yes	595	65.38	315	34.62	910	99.56	4	0.44	914
	1.09
Fairy Hills	Yes	862	66.93	426	33.07	1288	99.69	4	0.31	1292	1.53
Glen Katherine	Yes	1865	62.21	1133	37.79	2998	99.34	20	0.66	3018
	3.58
Golf Links	Yes	723	58.45	514	41.55	1237	99.44	7	0.56	1244	1.48
Grace Park	Yes	832	52.49	753	47.51	1585	99.12	14	0.88	1599	1.90
Greensborough Central	No	526	49.30	541	50.70	1067	98.89	12	1.11
	1079	1.28
Haig	No	922	46.33	1068	53.67	1990	98.56	29	1.44	2019	2.40
Heidelberg	Yes	1994	60.77	1287	39.23	3281	98.77	41	1.23	3322	3.95
Heidelberg North	No	1320	49.79	1331	50.21	2651	98.33	45	1.67	2696
	3.20
Heidelberg West	No	780	48.45	830	51.55	1610	99.26	12	0.74	1622
	1.93
Ivanhoe	Yes	1829	65.93	945	34.07	2774	99.21	22	0.79	2796	3.32
Ivanhoe Central	Yes	363	63.80	206	36.20	569	99.13	5	0.87	574
	0.68
Ivanhoe East	Yes	1426	63.15	832	36.85	2258	99.52	11	0.48	2269
	2.70
Ivanhoe West	Yes	934	56.16	729	43.84	1663	98.52	25	1.48	1688
	2.01
Lower Plenty	Yes	1094	57.10	822	42.90	1916	99.12	17	0.88	1933
	2.30
Macleod	Yes	1679	54.28	1414	45.72	3093	98.85	36	1.15	3129	3.72
Melbourne (Jagajaga)	Yes	77	65.81	40	34.19	117	98.32	2	1.68
	119	0.14
Montmorency	Yes	2228	57.01	1680	42.99	3908	99.06	37	0.94	3945	4.69
Montmorency South	Yes	967	58.75	679	41.25	1646	99.40	10	0.60	1656
	1.97
Repatriation Hospital	Yes	76	53.52	66	46.48	142	100.00	0
	0.00	142	0.17
Research (Jagajaga)	Yes	775	61.07	494	38.93	1269	99.06	12	0.94
	1281	1.52
Rosanna	Yes	1040	55.97	818	44.03	1858	99.31	13	0.69	1871	2.22
Rosanna East	Yes	265	55.79	210	44.21	475	99.58	2	0.42	477
	0.57
Telfer Reserve	No	244	47.10	274	52.90	518	99.23	4	0.77	522
	0.62
View Bank	Yes	1723	60.06	1146	39.94	2869	99.07	27	0.93	2896	3.44
Warringal Parklands	Yes	297	62.26	180	37.74	477	99.58	2	0.42
	479	0.57
Watsonia	Yes	1266	50.30	1251	49.70	2517	99.02	25	0.98	2542	3.02
Watsonia Central	No	497	47.42	551	52.58	1048	98.87	12	1.13	1060
	1.26
Watsonia South	No	589	46.86	668	53.14	1257	99.45	7	0.55	1264
	1.50
Yallambie	Yes	1325	51.76	1235	48.24	2560	99.38	16	0.62	2576	3.06
Special Hospitals	No	97	34.04	188	65.96	285	97.94	6	2.06	291
	0.35
Total Ordinary	Yes	39940	57.40	29640	42.60	69580	99.11	625	0.89	70205
	83.39
ABSENT	Yes	3628	59.95	2424	40.05	6052	99.46	33	0.54	6085	7.23
POSTAL	No	1185	41.64	1661	58.36	2846	99.79	6	0.21	2852	3.39
PRE_POLL	Yes	2562	52.78	2292	47.22	4854	99.57	21	0.43	4875	5.79
PROVISIONAL	Yes	104	61.18	66	38.82	170	100.00	0	0.00	170
	0.20
Division Summary	Yes	47419	56.79	36083	43.21	83502	99.19	685	0.81	84187
	95.64
