Referendum: 6 November 1999									
		
Referendum Results										
	
By Division by Polling Place									
		

"A proposed law for the Alteration of the Constitution, entitled"			
								
   the Constitutional Alteration (Preamble) 1999					
						
											
											
Western Australia											
O'Connor (84559)											

		Yes		No		Formal		Informal		Total	
Polling Place		                                                             
Votes	%	Votes	%	Votes	%	Votes	%	Votes	%
Allanson	No	89	27.13	239	72.87	328	98.50	5	1.50	333	0.41
Ardath	No	16	27.12	43	72.88	59	100.00	0	0.00	59
	0.07
Arthur River	No	24	19.83	97	80.17	121	100.00	0	0.00
	121	0.15
Australind	No	873	32.14	1843	67.86	2716	99.12	24	0.88	2740	3.41
Australind North	No	150	30.99	334	69.01	484	99.18	4	0.82	488
	0.61
Badgebup	No	14	23.33	46	76.67	60	95.24	3	4.76	63	0.08
Badgingarra	No	51	27.57	134	72.43	185	100.00	0	0.00	185
	0.23
Ballidu	No	46	29.87	108	70.13	154	100.00	0	0.00	154
	0.19
Beachlands	No	166	23.51	540	76.49	706	98.88	8	1.12	714	0.89
Beacon	No	33	18.54	145	81.46	178	98.89	2	1.11	180	0.22
Bencubbin	No	44	25.73	127	74.27	171	99.42	1	0.58	172	0.21
Benger	No	28	35.00	52	65.00	80	96.39	3	3.61	83	0.10
Bindi Bindi	No	15	21.43	55	78.57	70	97.22	2	2.78	72	0.09
Binningup	No	154	30.31	354	69.69	508	99.61	2	0.39	510	0.63
Bluff Point	No	538	26.35	1504	73.65	2042	99.13	18	0.87	2060	2.56
Boddington	No	146	19.31	610	80.69	756	98.95	8	1.05	764	0.95
Bolgart	No	32	25.20	95	74.80	127	100.00	0	0.00	127
	0.16
Borden	No	37	25.17	110	74.83	147	98.66	2	1.34	149	0.19
Boscabel	No	5	7.69	60	92.31	65	98.48	1	1.52	66	0.08
Boxwood Hill	No	14	21.21	52	78.79	66	100.00	0	0.00	66
	0.08
Bremer Bay	No	77	31.17	170	68.83	247	98.80	3	1.20	250	0.31
Brookton	No	81	15.43	444	84.57	525	98.68	7	1.32	532	0.66
Broomehill	No	41	19.52	169	80.48	210	98.59	3	1.41	213	0.26
Bruce Rock	No	123	27.39	326	72.61	449	99.12	4	0.88	453	0.56
Brunswick	No	178	26.29	499	73.71	677	99.41	4	0.59	681	0.85
Bullaring	No	17	34.69	32	65.31	49	100.00	0	0.00	49
	0.06
Bulyee	No	21	32.81	43	67.19	64	98.46	1	1.54	65	0.08
Buntine	No	23	30.67	52	69.33	75	100.00	0	0.00	75
	0.09
Cadoux	No	29	24.37	90	75.63	119	100.00	0	0.00	119
	0.15
Calingiri	No	40	22.86	135	77.14	175	98.87	2	1.13	177	0.22
Cape Burney	No	60	32.26	126	67.74	186	98.94	2	1.06	188	0.23
Carnamah	No	55	19.86	222	80.14	277	99.28	2	0.72	279	0.35
Cervantes	No	63	18.58	276	81.42	339	99.12	3	0.88	342	0.43
Clifton Park	No	234	36.51	407	63.49	641	99.07	6	0.93	647
	0.80
Collie	No	244	23.33	802	76.67	1046	99.62	4	0.38	1050	1.31
Collie Central	No	136	23.45	444	76.55	580	98.98	6	1.02	586
	0.73
Collie District Hospital	No	246	23.30	810	76.70	1056	98.78	13
	1.22	1069	1.33
Collie North	No	290	23.31	954	76.69	1244	99.12	11	0.88	1255
	1.56
Coomberdale	No	3	6.38	44	93.62	47	100.00	0	0.00	47
	0.06
Coorow	No	59	25.00	177	75.00	236	98.74	3	1.26	239	0.30
Corrigin	No	176	29.19	427	70.81	603	99.50	3	0.50	606	0.75
Cranbrook	No	81	22.69	276	77.31	357	98.89	4	1.11	361	0.45
Cuballing	No	48	19.35	200	80.65	248	99.20	2	0.80	250	0.31
Cunderdin	No	119	21.76	428	78.24	547	98.92	6	1.08	553	0.69
Dalwallinu	No	75	19.95	301	80.05	376	99.47	2	0.53	378	0.47
Dandaragan	No	60	23.35	197	76.65	257	99.23	2	0.77	259	0.32
Darkan	No	72	23.30	237	76.70	309	99.36	2	0.64	311	0.39
Dongara	No	436	24.60	1336	75.40	1772	99.44	10	0.56	1782	2.22
Doodlakine	No	25	30.86	56	69.14	81	100.00	0	0.00	81
	0.10
Dowerin	No	117	26.65	322	73.35	439	98.87	5	1.13	444	0.55
Dudinin	No	25	29.41	60	70.59	85	98.84	1	1.16	86	0.11
Dumbleyung	No	95	27.38	252	72.62	347	99.14	3	0.86	350	0.44
Duranillin	No	35	20.59	135	79.41	170	99.42	1	0.58	171	0.21
Eneabba	No	38	23.60	123	76.40	161	98.17	3	1.83	164	0.20
Fitzgerald	No	10	34.48	19	65.52	29	100.00	0	0.00	29
	0.04
Forest Hill	No	17	19.32	71	80.68	88	100.00	0	0.00	88
	0.11
Frankland	No	35	18.82	151	81.18	186	99.47	1	0.53	187	0.23
Gairdner River	No	21	30.00	49	70.00	70	100.00	0	0.00	70
	0.09
Geraldton	No	608	29.79	1433	70.21	2041	99.42	12	0.58	2053	2.55
Geraldton Central	No	405	30.94	904	69.06	1309	98.79	16	1.21	1325
	1.65
Geraldton Regional Hospital	No	58	25.44	170	74.56	228	99.13	2
	0.87	230	0.29
Geraldton St John of God Hospital	No	107	25.30	316	74.70	423	99.76	1
	0.24	424	0.53
Gnowangerup	No	92	19.05	391	80.95	483	99.59	2	0.41	485	0.60
Goomalling	No	70	17.50	330	82.50	400	98.28	7	1.72	407	0.51
Harvey	No	553	26.08	1567	73.92	2120	99.02	21	0.98	2141	2.66
Highbury	No	15	12.71	103	87.29	118	100.00	0	0.00	118
	0.15
Hopetoun	No	67	24.45	207	75.55	274	99.28	2	0.72	276	0.34
Hyden	No	87	29.59	207	70.41	294	100.00	0	0.00	294	0.37
Jennacubbine	No	18	22.78	61	77.22	79	100.00	0	0.00	79
	0.10
Jerdacuttup	No	30	41.67	42	58.33	72	98.63	1	1.37	73	0.09
Jerramungup	No	92	32.17	194	67.83	286	99.31	2	0.69	288	0.36
Jingalup	No	51	41.46	72	58.54	123	100.00	0	0.00	123
	0.15
Jurien	No	153	22.30	533	77.70	686	99.42	4	0.58	690	0.86
Kalannie	No	45	26.79	123	73.21	168	100.00	0	0.00	168
	0.21
Karlgarin	No	11	13.10	73	86.90	84	98.82	1	1.18	85	0.11
Katanning	No	428	21.70	1544	78.30	1972	99.20	16	0.80	1988	2.47
Katanning District Hospital	No	59	28.10	151	71.90	210	98.13	4
	1.87	214	0.27
Kellerberrin	No	113	19.12	478	80.88	591	98.99	6	1.01	597
	0.74
Kendenup	No	72	20.87	273	79.13	345	99.42	2	0.58	347	0.43
Kojonup	No	187	21.64	677	78.36	864	99.31	6	0.69	870	1.08
Kondinin	No	73	29.67	173	70.33	246	98.80	3	1.20	249	0.31
Koorda	No	44	14.57	258	85.43	302	99.02	3	0.98	305	0.38
Kukerin	No	38	27.54	100	72.46	138	98.57	2	1.43	140	0.17
Kulin	No	105	30.70	237	69.30	342	99.13	3	0.87	345	0.43
Kununoppin	No	23	23.96	73	76.04	96	98.97	1	1.03	97	0.12
Lake Clifton	No	61	29.61	145	70.39	206	100.00	0	0.00
	206	0.26
Lake Grace	No	78	17.81	360	82.19	438	98.65	6	1.35	444	0.55
Lake King	No	36	31.86	77	68.14	113	99.12	1	0.88	114	0.14
Latham	No	16	20.00	64	80.00	80	98.77	1	1.23	81	0.10
Leeman	No	110	28.13	281	71.87	391	98.99	4	1.01	395	0.49
Leschenault	No	201	32.84	411	67.16	612	99.67	2	0.33	614	0.76
Meckering	No	38	25.17	113	74.83	151	100.00	0	0.00	151
	0.19
Miling	No	31	27.93	80	72.07	111	99.11	1	0.89	112	0.14
Mingenew	No	86	25.98	245	74.02	331	99.40	2	0.60	333	0.41
Mogumber	No	13	21.67	47	78.33	60	100.00	0	0.00	60
	0.07
Moonyoonooka	No	33	15.64	178	84.36	211	100.00	0	0.00
	211	0.26
Moora	No	230	23.40	753	76.60	983	98.89	11	1.11	994	1.24
Morawa	No	115	24.95	346	75.05	461	99.35	3	0.65	464	0.58
Mount Barker	No	354	24.05	1118	75.95	1472	99.39	9	0.61	1481
	1.84
Mount Tarcoola	No	497	28.90	1223	71.10	1720	98.62	24	1.38	1744
	2.17
Mount Walker	No	12	21.05	45	78.95	57	98.28	1	1.72	58
	0.07
Mukinbudin	No	71	19.19	299	80.81	370	99.20	3	0.80	373	0.46
Munglinup (O'Connor)	No	20	31.25	44	68.75	64	100.00	0
	0.00	64	0.08
Muradup	No	44	25.43	129	74.57	173	100.00	0	0.00	173
	0.22
Narembeen	No	81	20.25	319	79.75	400	99.50	2	0.50	402	0.50
Narrikup	No	49	21.40	180	78.60	229	99.13	2	0.87	231	0.29
Narrogin	No	482	21.80	1729	78.20	2211	98.75	28	1.25	2239	2.78
Narrogin Regional Hospital	No	100	27.55	263	72.45	363	98.91	4
	1.09	367	0.46
Newdegate	No	34	15.11	191	84.89	225	98.68	3	1.32	228	0.28
New Norcia	No	33	31.13	73	68.87	106	98.15	2	1.85	108	0.13
Nungarin	No	25	17.73	116	82.27	141	98.60	2	1.40	143	0.18
Nyabing	No	26	16.15	135	83.85	161	100.00	0	0.00	161
	0.20
Ongerup	No	53	28.80	131	71.20	184	100.00	0	0.00	184
	0.23
Perenjori	No	47	21.66	170	78.34	217	99.54	1	0.46	218	0.27
Perth (O'Connor)	No	42	46.67	48	53.33	90	97.83	2	2.17	92
	0.11
Pingaring	No	7	7.87	82	92.13	89	98.89	1	1.11	90	0.11
Pingelly	No	140	21.15	522	78.85	662	98.95	7	1.05	669	0.83
Pingrup	No	22	15.28	122	84.72	144	100.00	0	0.00	144
	0.18
Pithara	No	19	26.76	52	73.24	71	100.00	0	0.00	71
	0.09
Popanyinning	No	29	23.58	94	76.42	123	98.40	2	1.60	125
	0.16
Porongurup	No	45	36.00	80	64.00	125	99.21	1	0.79	126	0.16
Quairading	No	116	18.12	524	81.88	640	98.61	9	1.39	649	0.81
Quindanning	No	20	23.26	66	76.74	86	100.00	0	0.00	86
	0.11
Rangeway	No	486	24.20	1522	75.80	2008	98.92	22	1.08	2030	2.52
Ravensthorpe	No	78	20.69	299	79.31	377	99.47	2	0.53	379
	0.47
Rocky Gully	No	24	28.92	59	71.08	83	98.81	1	1.19	84	0.10
Roelands	No	43	30.28	99	69.72	142	99.30	1	0.70	143	0.18
Rottnest (O'Connor)	Yes	12	52.17	11	47.83	23	95.83	1	4.17	24
	0.03
Shackleton	No	17	23.94	54	76.06	71	100.00	0	0.00	71
	0.09
Spalding	No	159	19.13	672	80.87	831	98.93	9	1.07	840	1.04
Tambellup	No	70	19.89	282	80.11	352	98.05	7	1.95	359	0.45
Tammin	No	37	19.89	149	80.11	186	97.38	5	2.62	191	0.24
Three Springs	No	88	22.98	295	77.02	383	99.22	3	0.78	386
	0.48
Tincurrin	No	20	25.64	58	74.36	78	100.00	0	0.00	78
	0.10
Trayning	No	37	21.51	135	78.49	172	100.00	0	0.00	172
	0.21
Varley	No	22	28.21	56	71.79	78	100.00	0	0.00	78
	0.10
Waggrakine	No	395	25.62	1147	74.38	1542	99.10	14	0.90	1556	1.94
Wagin	No	179	18.80	773	81.20	952	98.86	11	1.14	963	1.20
Walkaway	No	68	20.67	261	79.33	329	100.00	0	0.00	329
	0.41
Wandering	No	39	19.50	161	80.50	200	100.00	0	0.00	200
	0.25
Waroona	No	315	21.03	1183	78.97	1498	98.81	18	1.19	1516	1.89
Watheroo	No	50	34.01	97	65.99	147	98.66	2	1.34	149	0.19
Wickepin	No	48	19.43	199	80.57	247	99.20	2	0.80	249	0.31
Williams	No	101	19.96	405	80.04	506	99.61	2	0.39	508	0.63
Wilson Park	No	83	21.01	312	78.99	395	99.25	3	0.75	398	0.50
Wongan Hills	No	179	27.08	482	72.92	661	98.95	7	1.05	668
	0.83
Wonthella	No	448	22.49	1544	77.51	1992	98.96	21	1.04	2013	2.50
Woodanilling	No	31	22.46	107	77.54	138	97.87	3	2.13	141
	0.18
Woogenellup	No	10	27.03	27	72.97	37	97.37	1	2.63	38	0.05
Wubin	No	29	28.16	74	71.84	103	99.04	1	0.96	104	0.13
Wyalkatchem	No	78	21.97	277	78.03	355	99.44	2	0.56	357	0.44
Yarloop	No	106	19.13	448	80.87	554	98.40	9	1.60	563	0.70
Yealering	No	36	27.69	94	72.31	130	100.00	0	0.00	130
	0.16
Yerecoin	No	19	20.65	73	79.35	92	98.92	1	1.08	93	0.12
Yorkrakine	No	13	26.00	37	74.00	50	100.00	0	0.00	50
	0.06
Special Hospitals	No	0	0.00	0	0.00	0	0.00	0	0.00	0
	0.00
Total Ordinary	No	16320	24.48	50347	75.52	66667	99.11	601	0.89	67268
	83.66
ABSENT	No	2504	28.80	6190	71.20	8694	99.41	52	0.59	8746	10.88
POSTAL	No	384	21.25	1423	78.75	1807	99.72	5	0.28	1812	2.25
PRE_POLL	No	604	30.49	1377	69.51	1981	99.75	5	0.25	1986	2.47
PROVISIONAL	No	120	20.48	466	79.52	586	99.15	5	0.85	591	0.74
Division Summary	No	19932	25.00	59803	75.00	79735	99.17	668	0.83	80403
	95.09
