Referendum: 6 November 1999									
		
Referendum Results										
	
By Division by Polling Place									
		

"A proposed law for the Alteration of the Constitution, entitled"			
								
   the Constitutional Alteration (Establishment of Republic) 1999			
								
											
											
New South Wales											
Mitchell (86151)											

		Yes		No		Formal		Informal		Total	
Polling Place		Votes	%	Votes	%	Votes	%	Votes	%	Votes	%
Aminya	No	245	38.70	388	61.30	633	98.60	9	1.40	642	0.78
Annangrove	No	416	40.39	614	59.61	1030	99.23	8	0.77	1038	1.25
Baulkham Hills (Mitchell)	No	13	38.24	21	61.76	34	100.00	0
	0.00	34	0.04
Baulkham Hills High	No	673	48.42	717	51.58	1390	99.78	3	0.22
	1393	1.68
Baulkham Hills Hospital	No	69	43.95	88	56.05	157	99.37	1	0.63
	158	0.19
Baulkham Hills North	No	1354	47.96	1469	52.04	2823	99.26	21	0.74
	2844	3.43
Castle Hill	No	1652	48.85	1730	51.15	3382	99.06	32	0.94	3414	4.12
Castle Hill East	No	536	46.21	624	53.79	1160	99.40	7	0.60	1167
	1.41
Castle Hill High	No	1221	46.11	1427	53.89	2648	99.44	15	0.56	2663
	3.22
Castle Hill West	No	1204	47.05	1355	52.95	2559	99.26	19	0.74	2578
	3.11
Cattai	No	74	32.74	152	67.26	226	100.00	0	0.00	226
	0.27
Cherrybrook (Mitchell)	Yes	996	55.24	807	44.76	1803	99.17	15	0.83
	1818	2.19
Crestwood	Yes	921	50.16	915	49.84	1836	99.40	11	0.60	1847	2.23
Crestwood High	Yes	2201	51.91	2039	48.09	4240	99.37	27	0.63	4267
	5.15
Dural (Mitchell)	No	414	42.68	556	57.32	970	98.88	11	1.12	981
	1.18
Eurambie Park	Yes	1406	55.40	1132	44.60	2538	99.41	15	0.59	2553
	3.08
Glenhaven	No	1113	44.70	1377	55.30	2490	99.36	16	0.64	2506	3.03
Glenorie (Mitchell)	No	303	37.73	500	62.27	803	99.01	8	0.99
	811	0.98
Hillside Central	No	123	42.71	165	57.29	288	99.65	1	0.35	289
	0.35
Hopetoun	No	164	27.42	434	72.58	598	99.17	5	0.83	603	0.73
Jasper Road	No	2272	47.48	2513	52.52	4785	99.21	38	0.79	4823	5.82
Kellyville	No	1875	43.23	2462	56.77	4337	99.04	42	0.96	4379	5.29
Kenthurst	No	1058	42.59	1426	57.41	2484	99.32	17	0.68	2501	3.02
Kilvinton	No	71	25.72	205	74.28	276	98.92	3	1.08	279	0.34
Maraylya	No	264	33.08	534	66.92	798	98.88	9	1.12	807	0.97
Maroota	No	79	31.35	173	68.65	252	98.82	3	1.18	255	0.31
Maroota South	No	90	26.01	256	73.99	346	99.71	1	0.29	347
	0.42
Matthew Pearce	Yes	767	51.79	714	48.21	1481	99.33	10	0.67	1491
	1.80
Middle Dural (Mitchell)	No	226	39.65	344	60.35	570	98.96	6	1.04
	576	0.70
Model Farms	No	1021	46.03	1197	53.97	2218	99.37	14	0.63	2232	2.69
Mowll	No	105	25.36	309	74.64	414	99.28	3	0.72	417	0.50
Muirfield	Yes	692	54.27	583	45.73	1275	99.14	11	0.86	1286	1.55
Murray Farm	Yes	1895	54.60	1576	45.40	3471	99.48	18	0.52	3489	4.21
Oakhill Drive	Yes	1329	57.21	994	42.79	2323	99.53	11	0.47	2334
	2.82
Oakville	No	426	32.25	895	67.75	1321	99.10	12	0.90	1333	1.61
Pitt Town	No	346	33.62	683	66.38	1029	99.04	10	0.96	1039	1.25
Rondelay	No	1006	45.77	1192	54.23	2198	99.28	16	0.72	2214	2.67
Rouse Hill	No	526	35.37	961	64.63	1487	99.33	10	0.67	1497	1.81
Samuel Gilbert	Yes	1854	50.55	1814	49.45	3668	99.30	26	0.70	3694
	4.46
Sydney (Mitchell)	Yes	80	60.61	52	39.39	132	100.00	0	0.00
	132	0.16
Thompsons Corner (Mitchell)	Yes	743	53.57	644	46.43	1387	99.07	13
	0.93	1400	1.69
West Pennant Hills	Yes	192	54.86	158	45.14	350	99.43	2	0.57
	352	0.42
Wirreanda	Yes	298	51.03	286	48.97	584	100.00	0	0.00	584
	0.71
Wisemans Ferry	No	45	30.82	101	69.18	146	99.32	1	0.68	147
	0.18
Special Hospitals	No	26	26.00	74	74.00	100	99.01	1	0.99	101
	0.12
Total Ordinary	No	32384	46.91	36656	53.09	69040	99.28	501	0.72	69541
	83.96
ABSENT	No	3097	49.39	3173	50.61	6270	99.35	41	0.65	6311	7.62
POSTAL	No	881	36.56	1529	63.44	2410	99.50	12	0.50	2422	2.92
PRE_POLL	No	2002	48.08	2162	51.92	4164	99.59	17	0.41	4181	5.05
PROVISIONAL	Yes	209	56.03	164	43.97	373	100.00	0	0.00	373
	0.45
Division Summary	No	38573	46.89	43684	53.11	82257	99.31	571	0.69	82828
	96.14
