Referendum: 6 November 1999									
		
Referendum Results										
	
By Division by Polling Place									
		

"A proposed law for the Alteration of the Constitution, entitled"			
								
   the Constitutional Alteration (Establishment of Republic) 1999			
								
											
											
New South Wales											
Riverina (80610)											

		Yes		No		Formal		Informal		Total	
Polling Place		Votes	%	Votes	%	Votes	%	Votes	%	Votes	%
Ardlethan	No	128	27.23	342	72.77	470	99.37	3	0.63	473	0.61
Ashmont	No	621	30.34	1426	69.66	2047	98.89	23	1.11	2070	2.68
Barellan	No	69	15.72	370	84.28	439	99.77	1	0.23	440	0.57
Beckom	No	9	9.37	87	90.63	96	100.00	0	0.00	96
	0.12
Beelbangera	No	124	36.58	215	63.42	339	98.26	6	1.74	345	0.45
Bethungra	No	27	27.00	73	73.00	100	100.00	0	0.00	100
	0.13
Bilbul	No	36	28.12	92	71.88	128	96.24	5	3.76	133	0.17
Binya	No	20	23.26	66	76.74	86	100.00	0	0.00	86	0.11
Booligal	No	19	28.79	47	71.21	66	100.00	0	0.00	66
	0.09
Carrathool	No	25	28.09	64	71.91	89	97.80	2	2.20	91	0.12
Charles Sturt University	No	58	44.62	72	55.38	130	100.00	0
	0.00	130	0.17
Coleambally	No	177	26.42	493	73.58	670	99.55	3	0.45	673	0.87
Collingullie	No	66	31.28	145	68.72	211	100.00	0	0.00
	211	0.27
Coolamon	No	233	22.40	807	77.60	1040	99.33	7	0.67	1047	1.35
Currawarna	No	30	24.79	91	75.21	121	100.00	0	0.00	121
	0.16
Darlington Point	No	295	41.14	422	58.86	717	99.03	7	0.97	724
	0.94
Driver	No	531	46.58	609	53.42	1140	98.96	12	1.04	1152	1.49
Euberta	No	31	28.97	76	71.03	107	99.07	1	0.93	108	0.14
Forest Hill	No	318	31.64	687	68.36	1005	99.21	8	0.79	1013	1.31
Galore	No	21	18.75	91	81.25	112	100.00	0	0.00	112
	0.14
Ganmain	No	97	20.82	369	79.18	466	99.79	1	0.21	467	0.60
Glenfield Park	No	610	34.08	1180	65.92	1790	99.50	9	0.50	1799
	2.33
Goolgowi	No	70	25.00	210	75.00	280	99.29	2	0.71	282	0.36
Gralee	No	344	32.73	707	67.27	1051	98.96	11	1.04	1062	1.37
Griffith	No	1070	37.66	1771	62.34	2841	98.24	51	1.76	2892	3.74
Griffith East	No	546	41.33	775	58.67	1321	98.88	15	1.12	1336
	1.73
Griffith North	No	704	38.49	1125	61.51	1829	99.08	17	0.92	1846
	2.39
Griffith West	No	535	38.68	848	61.32	1383	98.93	15	1.07	1398
	1.81
Grong Grong	No	53	28.49	133	71.51	186	98.94	2	1.06	188	0.24
Gumly Gumly	No	81	26.91	220	73.09	301	98.69	4	1.31	305	0.39
Hanwood	No	396	41.08	568	58.92	964	98.67	13	1.33	977	1.26
Hay	No	525	38.75	830	61.25	1355	98.91	15	1.09	1370	1.77
Hay Hospital	No	148	26.57	409	73.43	557	99.29	4	0.71	561
	0.73
Hillston	No	247	29.62	587	70.38	834	99.40	5	0.60	839	1.09
Illabo	No	20	12.42	141	87.58	161	100.00	0	0.00	161
	0.21
Junee	No	689	28.09	1764	71.91	2453	99.35	16	0.65	2469	3.19
Kapooka	No	58	43.28	76	56.72	134	99.26	1	0.74	135	0.17
Kooringal	No	1021	36.87	1748	63.13	2769	99.43	16	0.57	2785	3.60
Ladysmith	No	63	24.61	193	75.39	256	98.84	3	1.16	259	0.33
Lake Albert	No	740	34.10	1430	65.90	2170	99.27	16	0.73	2186	2.83
Lake Wyangan	No	157	37.92	257	62.08	414	98.10	8	1.90	422
	0.55
Leeton	No	821	34.24	1577	65.76	2398	99.13	21	0.87	2419	3.13
Leeton Hospital	No	88	32.35	184	67.65	272	98.91	3	1.09	275
	0.36
Mangoplah	No	39	16.67	195	83.33	234	99.15	2	0.85	236	0.31
Marrar	No	60	22.39	208	77.61	268	100.00	0	0.00	268
	0.35
Matong	No	25	16.45	127	83.55	152	100.00	0	0.00	152
	0.20
Merriwagga	No	23	20.91	87	79.09	110	100.00	0	0.00	110
	0.14
Milbrulong	No	19	26.39	53	73.61	72	100.00	0	0.00	72
	0.09
Mirrool	No	18	19.57	74	80.43	92	100.00	0	0.00	92
	0.12
Mount Austin	No	711	31.39	1554	68.61	2265	99.04	22	0.96	2287
	2.96
Murrami	No	30	22.22	105	77.78	135	98.54	2	1.46	137	0.18
Narrandera	No	477	25.40	1401	74.60	1878	99.37	12	0.63	1890	2.44
Narrandera East	No	187	31.38	409	68.62	596	100.00	0	0.00
	596	0.77
Narrandera West	No	96	27.27	256	72.73	352	99.44	2	0.56	354
	0.46
Parkview	No	287	30.31	660	69.69	947	98.75	12	1.25	959	1.24
Pleasant Hills	No	19	24.68	58	75.32	77	100.00	0	0.00	77
	0.10
Rankins Springs	No	44	24.44	136	75.56	180	98.90	2	1.10	182
	0.24
San Isidore	No	78	39.00	122	61.00	200	100.00	0	0.00	200
	0.26
Sturt	No	925	38.40	1484	61.60	2409	99.46	13	0.54	2422	3.13
Sydney (Riverina)	Yes	28	58.33	20	41.67	48	100.00	0	0.00	48
	0.06
Tallimba	No	24	16.33	123	83.67	147	98.66	2	1.34	149	0.19
Tatton	No	295	38.61	469	61.39	764	99.48	4	0.52	768	0.99
Tharbogang	No	103	41.04	148	58.96	251	98.43	4	1.57	255	0.33
The Rock	No	182	26.96	493	73.04	675	99.41	4	0.59	679	0.88
Tolland	No	495	32.89	1010	67.11	1505	99.67	5	0.33	1510	1.95
Turvey Park	No	625	34.17	1204	65.83	1829	99.35	12	0.65	1841	2.38
Ungarie	No	92	25.48	269	74.52	361	99.45	2	0.55	363	0.47
Uranquinty	No	97	22.10	342	77.90	439	99.55	2	0.45	441	0.57
Wagga Wagga	No	696	42.08	958	57.92	1654	99.46	9	0.54	1663	2.15
Wagga Wagga High	No	280	45.98	329	54.02	609	99.19	5	0.81	614
	0.79
Wagga Wagga Hospital	No	70	35.00	130	65.00	200	100.00	0
	0.00	200	0.26
Wagga Wagga North	No	500	32.24	1051	67.76	1551	99.36	10	0.64	1561
	2.02
Wagga Wagga South	No	515	37.81	847	62.19	1362	98.84	16	1.16	1378
	1.78
Wagga Wagga West	No	766	35.81	1373	64.19	2139	99.30	15	0.70	2154
	2.79
Wamoon	No	92	35.25	169	64.75	261	98.86	3	1.14	264	0.34
Wantabadgery	No	19	20.43	74	79.57	93	100.00	0	0.00	93
	0.12
Weethalle	No	60	22.73	204	77.27	264	100.00	0	0.00	264
	0.34
West Wyalong	No	398	22.87	1342	77.13	1740	98.92	19	1.08	1759
	2.28
Whitton	No	133	31.97	283	68.03	416	99.76	1	0.24	417	0.54
Wyalong	No	142	23.36	466	76.64	608	97.91	13	2.09	621	0.80
Yanco	No	195	31.81	418	68.19	613	99.03	6	0.97	619	0.80
Yenda	No	344	35.65	621	64.35	965	99.48	5	0.52	970	1.25
Yerong Creek	No	66	29.86	155	70.14	221	99.10	2	0.90	223
	0.29
Yoogali	No	294	43.95	375	56.05	669	98.67	9	1.33	678	0.88
Special Hospitals	No	124	28.38	313	71.62	437	97.76	10	2.24	447
	0.58
Total Ordinary	No	21594	33.18	43492	66.82	65086	99.16	551	0.84	65637
	84.89
ABSENT	No	1365	38.77	2156	61.23	3521	99.63	13	0.37	3534	4.57
POSTAL	No	559	27.78	1453	72.22	2012	99.55	9	0.45	2021	2.61
PRE_POLL	No	2018	35.68	3638	64.32	5656	99.59	23	0.41	5679	7.35
PROVISIONAL	No	165	37.25	278	62.75	443	99.33	3	0.67	446	0.58
Division Summary	No	25701	33.50	51017	66.50	76718	99.23	599	0.77	77317
	95.91
