Referendum: 6 November 1999									
		
Referendum Results										
	
By Division by Polling Place									
		

"A proposed law for the Alteration of the Constitution, entitled"			
								
   the Constitutional Alteration (Establishment of Republic) 1999			
								
											
											
New South Wales											
Hunter (77641)											

		Yes		No		Formal		Informal		Total	
Polling Place		Votes	%	Votes	%	Votes	%	Votes	%	Votes	%
Aberdare	No	409	37.70	676	62.30	1085	99.36	7	0.64	1092	1.46
Aberdare West	No	454	39.96	682	60.04	1136	98.95	12	1.05	1148
	1.53
Aberdeen	No	397	33.03	805	66.97	1202	98.69	16	1.31	1218	1.63
Abermain	No	495	38.76	782	61.24	1277	99.22	10	0.78	1287	1.72
Allandale Hospital	No	54	40.30	80	59.70	134	99.26	1	0.74
	135	0.18
Bellbird	No	490	39.77	742	60.23	1232	99.35	8	0.65	1240	1.66
Beresfield	No	904	36.85	1549	63.15	2453	99.27	18	0.73	2471	3.30
Black Hill	No	96	38.87	151	61.13	247	98.80	3	1.20	250	0.33
Blandford	No	52	28.57	130	71.43	182	100.00	0	0.00	182
	0.24
Branxton	No	660	41.02	949	58.98	1609	98.83	19	1.17	1628	2.17
Broke	No	117	34.62	221	65.38	338	99.41	2	0.59	340	0.45
Bunnan	No	25	23.58	81	76.42	106	99.07	1	0.93	107	0.14
Camberwell	No	21	20.39	82	79.61	103	100.00	0	0.00	103
	0.14
Caroona	No	14	19.18	59	80.82	73	97.33	2	2.67	75	0.10
Cessnock	No	328	38.77	518	61.23	846	99.06	8	0.94	854	1.14
Cessnock East	No	385	38.89	605	61.11	990	99.50	5	0.50	995
	1.33
Cessnock Hospital	No	372	45.09	453	54.91	825	99.40	5	0.60	830
	1.11
Cessnock North	No	321	40.58	470	59.42	791	99.62	3	0.38	794
	1.06
Cessnock West	No	894	40.40	1319	59.60	2213	98.97	23	1.03	2236
	2.98
Denman	No	396	34.55	750	65.45	1146	99.48	6	0.52	1152	1.54
Elderslie	No	53	31.93	113	68.07	166	100.00	0	0.00	166
	0.22
Ellalong	No	160	40.61	234	59.39	394	98.01	8	1.99	402	0.54
Francis Street	No	211	40.58	309	59.42	520	98.67	7	1.33	527
	0.70
Glendon	No	48	28.24	122	71.76	170	99.42	1	0.58	171	0.23
Glendon Brook	No	40	28.78	99	71.22	139	99.29	1	0.71	140
	0.19
Greenland	No	51	31.29	112	68.71	163	99.39	1	0.61	164	0.22
Greta	No	470	37.15	795	62.85	1265	99.06	12	0.94	1277	1.70
Gundy	No	37	23.27	122	76.73	159	99.37	1	0.63	160	0.21
Heddon Greta	No	304	40.92	439	59.08	743	98.80	9	1.20	752
	1.00
Hexham	No	12	21.82	43	78.18	55	98.21	1	1.79	56	0.07
Jerrys Plains	No	51	23.72	164	76.28	215	99.08	2	0.92	217
	0.29
Kearsley	No	221	36.53	384	63.47	605	99.67	2	0.33	607	0.81
Kitchener	No	171	41.61	240	58.39	411	99.52	2	0.48	413	0.55
Kurri Kurri	No	700	37.27	1178	62.73	1878	99.42	11	0.58	1889	2.52
Kurri Kurri East	No	671	40.40	990	59.60	1661	99.40	10	0.60	1671
	2.23
Lochinvar	No	378	35.69	681	64.31	1059	99.44	6	0.56	1065	1.42
Lower Belford	No	82	36.44	143	63.56	225	100.00	0	0.00
	225	0.30
Martindale	No	32	24.43	99	75.57	131	98.50	2	1.50	133	0.18
Merriwa	No	282	30.55	641	69.45	923	99.68	3	0.32	926	1.24
Milbrodale	No	76	29.34	183	70.66	259	99.23	2	0.77	261	0.35
Millfield	No	113	30.87	253	69.13	366	99.46	2	0.54	368	0.49
Minmi	No	192	39.83	290	60.17	482	98.97	5	1.03	487	0.65
Moonan Flat	No	59	32.96	120	67.04	179	99.44	1	0.56	180	0.24
Mulbring	No	233	39.63	355	60.37	588	99.32	4	0.68	592	0.79
Murrurundi	No	197	30.83	442	69.17	639	99.07	6	0.93	645	0.86
Muswellbrook	No	468	38.81	738	61.19	1206	99.18	10	0.82	1216
	1.62
Muswellbrook East	No	497	40.77	722	59.23	1219	99.59	5	0.41	1224
	1.63
Muswellbrook North	No	801	39.38	1233	60.62	2034	99.32	14	0.68
	2048	2.73
Muswellbrook South	No	434	33.00	881	67.00	1315	99.40	8	0.60
	1323	1.77
Neath	No	73	31.74	157	68.26	230	100.00	0	0.00	230	0.31
North Rothbury	No	117	44.49	146	55.51	263	99.25	2	0.75	265
	0.35
Nulkaba	No	184	39.15	286	60.85	470	98.74	6	1.26	476	0.64
Paxton	No	113	29.05	276	70.95	389	98.98	4	1.02	393	0.52
Pelaw Main	No	214	39.12	333	60.88	547	99.09	5	0.91	552	0.74
Pine Ridge	No	27	30.68	61	69.32	88	98.88	1	1.12	89	0.12
Pokolbin	Yes	110	52.63	99	47.37	209	99.52	1	0.48	210	0.28
Quirindi	No	545	26.65	1500	73.35	2045	99.46	11	0.54	2056	2.74
Sandy Hollow	No	85	31.14	188	68.86	273	98.56	4	1.44	277
	0.37
Scone	No	457	34.65	862	65.35	1319	99.32	9	0.68	1328	1.77
Scone East	No	323	29.26	781	70.74	1104	99.37	7	0.63	1111	1.48
Scone High School	No	247	31.15	546	68.85	793	99.00	8	1.00	801
	1.07
Singleton	No	596	38.30	960	61.70	1556	99.17	13	0.83	1569	2.09
Singleton East	No	311	31.73	669	68.27	980	98.99	10	1.01	990
	1.32
Singleton Heights	No	1179	39.78	1785	60.22	2964	99.46	16	0.54	2980
	3.98
Singleton Military Camp	No	12	26.09	34	73.91	46	100.00	0
	0.00	46	0.06
Singleton South	No	683	33.28	1369	66.72	2052	99.23	16	0.77	2068
	2.76
Spring Ridge	No	22	17.05	107	82.95	129	99.23	1	0.77	130
	0.17
Stanford Merthyr	No	194	43.89	248	56.11	442	99.10	4	0.90	446
	0.60
Sydney (Hunter)	Yes	10	52.63	9	47.37	19	100.00	0	0.00	19
	0.03
Tarro	No	283	39.86	427	60.14	710	99.72	2	0.28	712	0.95
Thornton	No	1161	41.21	1656	58.79	2817	98.67	38	1.33	2855	3.81
Upper Rouchel	No	14	16.87	69	83.13	83	100.00	0	0.00	83
	0.11
Wallabadah	No	90	32.61	186	67.39	276	100.00	0	0.00	276
	0.37
Weston	No	760	38.23	1228	61.77	1988	99.05	19	0.95	2007	2.68
Willow Tree	No	58	18.41	257	81.59	315	100.00	0	0.00	315
	0.42
Wingen	No	34	21.25	126	78.75	160	98.77	2	1.23	162	0.22
Wollombi	No	131	39.70	199	60.30	330	99.70	1	0.30	331	0.44
Woodberry	No	613	34.42	1168	65.58	1781	98.94	19	1.06	1800	2.40
Wybong	No	42	31.82	90	68.18	132	100.00	0	0.00	132
	0.18
Special Hospitals	No	120	33.15	242	66.85	362	99.45	2	0.55	364
	0.49
Prison Mobiles	No	3	42.86	4	57.14	7	100.00	0	0.00	7
	0.01
Total Ordinary	No	22739	36.65	39297	63.35	62036	99.22	486	0.78	62522
	83.45
ABSENT	No	1924	41.59	2702	58.41	4626	99.72	13	0.28	4639	6.19
POSTAL	No	668	30.61	1514	69.39	2182	99.68	7	0.32	2189	2.92
PRE_POLL	No	1936	37.74	3194	62.26	5130	99.88	6	0.12	5136	6.86
PROVISIONAL	No	124	28.77	307	71.23	431	99.08	4	0.92	435	0.58
Division Summary	No	27391	36.81	47014	63.19	74405	99.31	516	0.69	74921
	96.50
