Referendum: 6 November 1999									
		
Referendum Results										
	
By Division by Polling Place									
		

"A proposed law for the Alteration of the Constitution, entitled"			
								
   the Constitutional Alteration (Establishment of Republic) 1999			
								
											
											
Queensland											
Leichhardt (80727)										
	

		Yes		No		Formal		Informal		Total	
Polling Place		Votes	%	Votes	%	Votes	%	Votes	%	Votes	%
Alexandra Bay	No	126	45.99	148	54.01	274	98.92	3	1.08	277
	0.37
Aurukun	No	200	40.00	300	60.00	500	98.23	9	1.77	509	0.68
Balaclava	No	1017	39.84	1536	60.16	2553	99.34	17	0.66	2570	3.45
Bamaga	No	211	48.28	226	51.72	437	99.09	4	0.91	441	0.59
Bayview Heights	No	1504	37.11	2549	62.89	4053	99.05	39	0.95	4092
	5.49
Bloomfield	No	91	33.83	178	66.17	269	97.46	7	2.54	276	0.37
Brisbane City (Leichhardt)	Yes	34	60.71	22	39.29	56	100.00	0
	0.00	56	0.08
Cairns	No	377	46.03	442	53.97	819	99.39	5	0.61	824	1.11
Cairns Base Hospital	No	276	48.25	296	51.75	572	99.31	4	0.69
	576	0.77
Cairns North	No	784	46.83	890	53.17	1674	98.99	17	1.01	1691
	2.27
Cairns South	No	442	38.84	696	61.16	1138	99.30	8	0.70	1146
	1.54
Cairns West	No	984	36.95	1679	63.05	2663	99.25	20	0.75	2683	3.60
Caravonica	No	1130	42.98	1499	57.02	2629	99.43	15	0.57	2644	3.55
Clifton Beach	No	602	45.13	732	54.87	1334	99.48	7	0.52	1341
	1.80
Coen	No	69	41.82	96	58.18	165	98.80	2	1.20	167	0.22
Cooktown	No	266	30.47	607	69.53	873	99.20	7	0.80	880	1.18
Daintree	No	60	36.81	103	63.19	163	99.39	1	0.61	164	0.22
Earlville	No	1263	38.25	2039	61.75	3302	99.34	22	0.66	3324	4.46
Edge Hill	No	1533	41.70	2143	58.30	3676	99.24	28	0.76	3704	4.97
Edmonton	No	1203	36.21	2119	63.79	3322	99.31	23	0.69	3345	4.49
Freshwater	No	755	46.09	883	53.91	1638	99.39	10	0.61	1648	2.21
Hambledon	No	908	34.06	1758	65.94	2666	98.96	28	1.04	2694	3.62
Holloways Beach	No	456	47.55	503	52.45	959	99.17	8	0.83	967
	1.30
Hope Vale	No	97	28.20	247	71.80	344	98.85	4	1.15	348	0.47
Horn Island	No	69	35.20	127	64.80	196	99.49	1	0.51	197	0.26
Injinoo	Yes	160	63.24	93	36.76	253	100.00	0	0.00	253
	0.34
Julatten	No	134	37.43	224	62.57	358	99.44	2	0.56	360	0.48
Kowanyama	No	106	21.77	381	78.23	487	97.01	15	2.99	502	0.67
Kuranda	No	761	47.36	846	52.64	1607	99.32	11	0.68	1618	2.17
Laura	No	19	32.76	39	67.24	58	100.00	0	0.00	58	0.08
Lockhart River	No	113	49.13	117	50.87	230	98.71	3	1.29	233
	0.31
Machans Beach	Yes	289	55.90	228	44.10	517	98.29	9	1.71	526
	0.71
Miallo	No	102	29.39	245	70.61	347	99.14	3	0.86	350	0.47
Mossman	No	608	32.97	1236	67.03	1844	99.35	12	0.65	1856	2.49
Mount Molloy	No	58	31.69	125	68.31	183	98.39	3	1.61	186
	0.25
Napranum	No	120	29.93	281	70.07	401	97.57	10	2.43	411	0.55
New Mapoon	No	80	45.20	97	54.80	177	98.88	2	1.12	179	0.24
Parramatta	No	1266	44.64	1570	55.36	2836	98.95	30	1.05	2866	3.85
Pormpuraaw	No	63	26.69	173	73.31	236	97.93	5	2.07	241	0.32
Port Douglas	No	715	48.41	762	51.59	1477	99.19	12	0.81	1489
	2.00
Redlynch	No	542	42.98	719	57.02	1261	99.92	1	0.08	1262	1.69
Stratford	No	531	49.91	533	50.09	1064	99.44	6	0.56	1070	1.44
Tamwoy	No	153	48.88	160	51.12	313	99.68	1	0.32	314	0.42
Thursday Island	No	418	47.18	468	52.82	886	98.99	9	1.01	895
	1.20
Trinity Beach	No	1484	46.73	1692	53.27	3176	99.22	25	0.78	3201
	4.30
Weipa North	No	353	40.21	525	59.79	878	98.76	11	1.24	889	1.19
White Rock	No	750	37.69	1240	62.31	1990	99.50	10	0.50	2000	2.68
Whitfield	No	854	42.21	1169	57.79	2023	99.66	7	0.34	2030	2.72
Wonga Beach	No	92	31.51	200	68.49	292	99.66	1	0.34	293	0.39
Yarrabah	No	257	30.67	581	69.33	838	99.05	8	0.95	846	1.14
Yorkeys Knob	No	553	46.75	630	53.25	1183	99.41	7	0.59	1190
	1.60
Special Hospitals	No	89	36.93	152	63.07	241	96.02	10	3.98	251
	0.34
Remote Mobiles	No	821	45.11	999	54.89	1820	97.90	39	2.10	1859
	2.50
Total Ordinary	No	25948	41.02	37303	58.98	63251	99.15	541	0.85	63792
	85.63
ABSENT	No	1657	40.89	2395	59.11	4052	99.41	24	0.59	4076	5.47
POSTAL	No	492	29.43	1180	70.57	1672	99.46	9	0.54	1681	2.26
PRE_POLL	No	1759	45.66	2093	54.34	3852	99.69	12	0.31	3864	5.19
PROVISIONAL	No	445	41.36	631	58.64	1076	99.35	7	0.65	1083	1.45
Division Summary	No	30301	41.00	43602	59.00	73903	99.20	593	0.80	74496
	92.28
