Referendum: 6 November 1999									
		
Referendum Results										
	
By Division by Polling Place									
		

"A proposed law for the Alteration of the Constitution, entitled"			
								
   the Constitutional Alteration (Preamble) 1999					
						
											
											
New South Wales											
Lindsay (85979)											

		Yes		No		Formal		Informal		Total	
Polling Place		                                                             
Votes	%	Votes	%	Votes	%	Votes	%	Votes	%
Banks Drive	No	1600	41.71	2236	58.29	3836	98.56	56	1.44	3892	4.71
Berkshire Park	No	97	34.28	186	65.72	283	97.92	6	2.08	289
	0.35
Blackwell	No	973	39.09	1516	60.91	2489	98.81	30	1.19	2519	3.05
Blaxland (Lindsay)	No	326	43.82	418	56.18	744	99.07	7	0.93
	751	0.91
Braddock	No	1108	37.09	1879	62.91	2987	99.07	28	0.93	3015	3.65
Cambridge Gardens	No	824	35.49	1498	64.51	2322	98.93	25	1.07	2347
	2.84
Cambridge Park	No	1098	35.36	2007	64.64	3105	98.73	40	1.27	3145
	3.81
Cambridge Park South	No	460	33.48	914	66.52	1374	98.78	17	1.22
	1391	1.68
Castlereagh (Lindsay)	No	215	37.33	361	62.67	576	99.65	2	0.35
	578	0.70
Claremont Meadows	No	710	42.98	942	57.02	1652	98.80	20	1.20	1672
	2.02
Cranebrook	No	1138	36.53	1977	63.47	3115	98.76	39	1.24	3154	3.82
Emu Heights	No	603	36.90	1031	63.10	1634	99.09	15	0.91	1649	2.00
Emu Plains	No	1256	39.34	1937	60.66	3193	98.98	33	1.02	3226	3.91
Floribunda	No	985	42.33	1342	57.67	2327	99.27	17	0.73	2344	2.84
Glenbrook	No	1008	47.06	1134	52.94	2142	99.12	19	0.88	2161	2.62
Glenmore Park	No	1169	41.78	1629	58.22	2798	99.08	26	0.92	2824
	3.42
Jamisontown	No	625	36.23	1100	63.77	1725	98.80	21	1.20	1746	2.11
Kemps Creek (Lindsay)	No	264	43.21	347	56.79	611	98.87	7	1.13
	618	0.75
Kingswood	No	674	39.60	1028	60.40	1702	98.61	24	1.39	1726	2.09
Kingswood Park	No	598	33.19	1204	66.81	1802	99.01	18	0.99	1820
	2.20
Kingswood South	No	565	36.48	984	63.52	1549	98.79	19	1.21	1568
	1.90
Lapstone	No	536	46.01	629	53.99	1165	99.74	3	0.26	1168	1.41
Leonay	No	780	43.55	1011	56.45	1791	98.90	20	1.10	1811	2.19
Llandilo	No	317	30.28	730	69.72	1047	98.13	20	1.87	1067	1.29
Londonderry (Lindsay)	No	90	32.61	186	67.39	276	99.28	2	0.72
	278	0.34
Mulgoa	No	400	38.95	627	61.05	1027	98.94	11	1.06	1038	1.26
Nepean High	No	677	39.85	1022	60.15	1699	99.07	16	0.93	1715	2.08
Nepean Hospital	No	137	33.66	270	66.34	407	99.03	4	0.97	411
	0.50
Orchard Hills	No	364	40.90	526	59.10	890	99.11	8	0.89	898
	1.09
Penrith	No	630	40.38	930	59.62	1560	99.17	13	0.83	1573	1.91
Penrith Central	No	372	36.12	658	63.88	1030	98.28	18	1.72	1048
	1.27
Penrith East	No	616	41.04	885	58.96	1501	98.62	21	1.38	1522
	1.84
Penrith North	No	256	37.70	423	62.30	679	99.12	6	0.88	685
	0.83
Penrith South	No	1171	35.20	2156	64.80	3327	98.55	49	1.45	3376
	4.09
Regentville	No	600	38.10	975	61.90	1575	98.75	20	1.25	1595	1.93
St Clair	No	591	41.65	828	58.35	1419	98.89	16	1.11	1435	1.74
Stuart Street	No	378	39.25	585	60.75	963	99.48	5	0.52	968
	1.17
Sydney (Lindsay)	Yes	62	53.91	53	46.09	115	99.14	1	0.86	116
	0.14
Werrington	No	799	37.87	1311	62.13	2110	98.51	32	1.49	2142	2.59
Werrington County	No	707	37.59	1174	62.41	1881	98.95	20	1.05	1901
	2.30
York	No	1294	39.46	1985	60.54	3279	98.50	50	1.50	3329	4.03
Special Hospitals	No	29	35.80	52	64.20	81	96.43	3	3.57	84
	0.10
Total Ordinary	No	27102	38.83	42686	61.17	69788	98.86	807	1.14	70595
	85.50
ABSENT	No	2373	40.97	3419	59.03	5792	99.16	49	0.84	5841	7.07
POSTAL	No	571	31.27	1255	68.73	1826	99.51	9	0.49	1835	2.22
PRE_POLL	No	1389	37.70	2295	62.30	3684	99.62	14	0.38	3698	4.48
PROVISIONAL	No	219	36.93	374	63.07	593	98.67	8	1.33	601	0.73
Division Summary	No	31654	38.75	50029	61.25	81683	98.93	887	1.07	82570
	96.04
