Referendum: 6 November 1999									
		
Referendum Results										
	
By Division by Polling Place									
		

"A proposed law for the Alteration of the Constitution, entitled"			
								
   the Constitutional Alteration (Establishment of Republic) 1999			
								
											
											
Queensland											
Lilley (86208)											

		Yes		No		Formal		Informal		Total	
Polling Place		Votes	%	Votes	%	Votes	%	Votes	%	Votes	%
Ascot	Yes	1280	54.08	1087	45.92	2367	99.37	15	0.63	2382	2.92
Aspley (Lilley)	No	602	43.03	797	56.97	1399	99.15	12	0.85	1411
	1.73
Aspley East	No	825	41.13	1181	58.87	2006	99.31	14	0.69	2020	2.47
Banyo	No	633	38.83	997	61.17	1630	99.15	14	0.85	1644	2.01
Banyo East	No	853	45.42	1025	54.58	1878	99.05	18	0.95	1896	2.32
Boondall	No	1859	42.60	2505	57.40	4364	99.11	39	0.89	4403	5.39
Brighton	No	789	39.39	1214	60.61	2003	99.21	16	0.79	2019	2.47
Brighton South	No	661	35.58	1197	64.42	1858	99.20	15	0.80	1873
	2.29
Brisbane City (Lilley)	No	237	49.37	243	50.63	480	98.36	8	1.64
	488	0.60
Chermside East	No	824	41.60	1157	58.40	1981	99.35	13	0.65	1994
	2.44
Clayfield	No	626	41.90	868	58.10	1494	99.87	2	0.13	1496	1.83
Clayfield West	No	1099	47.56	1212	52.44	2311	99.53	11	0.47	2322
	2.84
Deagon	No	465	36.41	812	63.59	1277	99.30	9	0.70	1286	1.58
Eventide Home	No	253	35.09	468	64.91	721	99.59	3	0.41	724
	0.89
Freemasons Homes	No	93	26.72	255	73.28	348	98.86	4	1.14	352
	0.43
Geebung	No	1047	41.25	1491	58.75	2538	99.22	20	0.78	2558	3.13
Gordon Park	No	794	49.59	807	50.41	1601	99.32	11	0.68	1612	1.97
Hamilton	No	1131	48.92	1181	51.08	2312	99.53	11	0.47	2323	2.85
Hendra	No	637	44.64	790	55.36	1427	99.51	7	0.49	1434	1.76
Hendra East	No	387	40.95	558	59.05	945	99.16	8	0.84	953	1.17
Kalinga	Yes	893	54.52	745	45.48	1638	99.27	12	0.73	1650	2.02
Kedron	No	880	48.11	949	51.89	1829	98.81	22	1.19	1851	2.27
Kedron Heights	No	701	49.51	715	50.49	1416	99.65	5	0.35	1421
	1.74
Lutwyche East	No	345	48.73	363	51.27	708	99.02	7	0.98	715
	0.88
Northgate	No	575	42.31	784	57.69	1359	99.71	4	0.29	1363	1.67
Nudgee	No	359	42.94	477	57.06	836	98.93	9	1.07	845	1.04
Nudgee Beach	No	61	37.65	101	62.35	162	99.39	1	0.61	163
	0.20
Nundah	No	1616	46.41	1866	53.59	3482	99.34	23	0.66	3505	4.29
Nundah North	No	387	38.55	617	61.45	1004	98.82	12	1.18	1016
	1.24
Nundah West	No	593	41.50	836	58.50	1429	99.44	8	0.56	1437	1.76
Pinkenba	No	80	34.19	154	65.81	234	99.15	2	0.85	236	0.29
Sandgate	No	1102	41.46	1556	58.54	2658	99.29	19	0.71	2677	3.28
Shorncliffe	No	660	46.64	755	53.36	1415	99.02	14	0.98	1429	1.75
Somerset Hills (Lilley)	No	117	37.62	194	62.38	311	98.73	4	1.27
	315	0.39
Stafford (Lilley)	No	497	43.41	648	56.59	1145	99.39	7	0.61	1152
	1.41
Taigum	No	733	38.56	1168	61.44	1901	99.48	10	0.52	1911	2.34
Virginia	No	886	45.16	1076	54.84	1962	99.19	16	0.81	1978	2.42
Wavell Heights	No	742	41.85	1031	58.15	1773	99.44	10	0.56	1783
	2.18
Whinstanes	No	249	42.86	332	57.14	581	98.14	11	1.86	592	0.73
Wooloowin	Yes	638	53.08	564	46.92	1202	99.17	10	0.83	1212	1.48
Zillmere	No	1148	40.25	1704	59.75	2852	99.17	24	0.83	2876	3.52
Special Hospitals	No	160	37.65	265	62.35	425	97.25	12	2.75	437
	0.54
Total Ordinary	No	28517	43.70	36745	56.30	65262	99.25	492	0.75	65754
	80.55
ABSENT	No	3669	45.22	4444	54.78	8113	99.44	46	0.56	8159	10.00
POSTAL	No	1277	33.09	2582	66.91	3859	99.61	15	0.39	3874	4.75
PRE_POLL	No	1656	48.89	1731	51.11	3387	99.71	10	0.29	3397	4.16
PROVISIONAL	No	189	42.86	252	57.14	441	99.55	2	0.45	443	0.54
Division Summary	No	35308	43.56	45754	56.44	81062	99.31	565	0.69	81627
	94.69
