Referendum: 6 November 1999									
		
Referendum Results										
	
By Division by Polling Place									
		

"A proposed law for the Alteration of the Constitution, entitled"			
								
   the Constitutional Alteration (Preamble) 1999					
						
											
											
Victoria											
McEwen (84849)											

		Yes		No		Formal		Informal		Total	
Polling Place		                                                             
Votes	%	Votes	%	Votes	%	Votes	%	Votes	%
Alexandra	No	644	37.99	1051	62.01	1695	98.95	18	1.05	1713	2.10
Arthurs Creek	No	121	37.58	201	62.42	322	99.69	1	0.31	323
	0.40
Avenel	No	179	30.44	409	69.56	588	99.49	3	0.51	591	0.73
Badger Creek	No	401	31.65	866	68.35	1267	99.06	12	0.94	1279
	1.57
Beveridge	No	95	38.00	155	62.00	250	98.04	5	1.96	255	0.31
Bonnie Doon	No	110	32.93	224	67.07	334	99.70	1	0.30	335	0.41
Broadford	No	603	29.26	1458	70.74	2061	98.80	25	1.20	2086	2.56
Buxton	No	54	24.00	171	76.00	225	99.12	2	0.88	227	0.28
Christmas Hills	No	19	39.58	29	60.42	48	100.00	0	0.00	48
	0.06
Clonbinane	No	79	31.85	169	68.15	248	98.80	3	1.20	251	0.31
Craigieburn	No	1974	40.94	2848	59.06	4822	98.85	56	1.15	4878	5.99
Craigieburn South	No	892	40.25	1324	59.75	2216	98.84	26	1.16	2242
	2.75
Diamond Creek	No	1249	45.58	1491	54.42	2740	99.20	22	0.80	2762
	3.39
Diamond Creek East	No	1097	43.53	1423	56.47	2520	98.94	27	1.06
	2547	3.13
Dixons Creek	No	85	38.81	134	61.19	219	99.55	1	0.45	220
	0.27
Don Valley	No	86	36.75	148	63.25	234	100.00	0	0.00	234
	0.29
Doreen	No	118	35.44	215	64.56	333	98.81	4	1.19	337	0.41
Eden Park	No	175	33.78	343	66.22	518	98.85	6	1.15	524	0.64
Eildon	No	243	39.64	370	60.36	613	99.03	6	0.97	619	0.76
Flowerdale	No	124	33.60	245	66.40	369	99.46	2	0.54	371	0.46
Gladysdale	No	121	35.48	220	64.52	341	100.00	0	0.00	341
	0.42
Glenburn	No	71	29.22	172	70.78	243	98.78	3	1.22	246	0.30
Healesville	No	1272	37.18	2149	62.82	3421	98.84	40	1.16	3461	4.25
Hoddles Creek	No	122	37.54	203	62.46	325	98.48	5	1.52	330
	0.41
Hurstbridge	No	904	42.72	1212	57.28	2116	98.74	27	1.26	2143	2.63
Jamieson	No	58	26.98	157	73.02	215	100.00	0	0.00	215
	0.26
Kalkallo	No	63	33.51	125	66.49	188	100.00	0	0.00	188
	0.23
Kangaroo Ground	No	355	47.02	400	52.98	755	99.60	3	0.40	758
	0.93
Kilmore	No	887	35.02	1646	64.98	2533	99.29	18	0.71	2551	3.13
Kinglake	No	295	42.08	406	57.92	701	99.15	6	0.85	707	0.87
Kinglake West	No	347	41.21	495	58.79	842	99.41	5	0.59	847
	1.04
Launching Place	No	367	33.27	736	66.73	1103	98.75	14	1.25	1117
	1.37
Longwood	No	64	31.68	138	68.32	202	98.54	3	1.46	205	0.25
Mansfield	No	847	33.48	1683	66.52	2530	99.02	25	0.98	2555	3.14
Marysville	No	119	31.99	253	68.01	372	99.20	3	0.80	375	0.46
Melbourne (McEwen)	No	30	46.87	34	53.13	64	100.00	0
	0.00	64	0.08
Mernda	No	202	33.50	401	66.50	603	97.89	13	2.11	616	0.76
Merrijig	No	97	41.99	134	58.01	231	100.00	0	0.00	231
	0.28
Merton	No	23	22.33	80	77.67	103	100.00	0	0.00	103
	0.13
Mickleham	No	208	42.45	282	57.55	490	98.99	5	1.01	495	0.61
Millgrove	No	231	31.47	503	68.53	734	98.00	15	2.00	749	0.92
Molesworth	No	34	40.48	50	59.52	84	100.00	0	0.00	84
	0.10
Mount Buller	No	14	42.42	19	57.58	33	97.06	1	2.94	34
	0.04
Nagambie	No	351	26.79	959	73.21	1310	99.09	12	0.91	1322	1.62
Narbethong	No	38	30.16	88	69.84	126	100.00	0	0.00	126
	0.15
Panton Hill	No	275	40.92	397	59.08	672	99.56	3	0.44	675	0.83
Piries-Goughs Bay	No	36	39.56	55	60.44	91	97.85	2	2.15	93
	0.11
Powelltown	No	32	29.09	78	70.91	110	99.10	1	0.90	111	0.14
Puckapunyal	No	180	32.85	368	67.15	548	99.64	2	0.36	550	0.68
Pyalong	No	79	25.90	226	74.10	305	99.35	2	0.65	307	0.38
Research (McEwen)	Yes	869	51.12	831	48.88	1700	99.59	7	0.41	1707
	2.10
Ruffy	No	17	18.89	73	81.11	90	98.90	1	1.10	91	0.11
St Andrews	No	362	45.08	441	54.92	803	99.50	4	0.50	807	0.99
Seymour	No	487	31.34	1067	68.66	1554	99.42	9	0.58	1563	1.92
Seymour East	No	872	31.46	1900	68.54	2772	98.93	30	1.07	2802
	3.44
Strath Creek	No	27	35.53	49	64.47	76	100.00	0	0.00	76
	0.09
Taggerty	No	83	38.07	135	61.93	218	100.00	0	0.00	218
	0.27
Tallarook	No	105	30.26	242	69.74	347	98.86	4	1.14	351	0.43
Thornton	No	105	38.75	166	61.25	271	99.63	1	0.37	272	0.33
Tolmie	No	22	22.22	77	77.78	99	99.00	1	1.00	100	0.12
Toolangi	No	111	44.76	137	55.24	248	99.20	2	0.80	250	0.31
Wallan East	No	47	32.87	96	67.13	143	98.62	2	1.38	145	0.18
Wallan Wallan	No	723	37.48	1206	62.52	1929	98.82	23	1.18	1952
	2.40
Wandong	No	332	36.64	574	63.36	906	98.16	17	1.84	923	1.13
Warburton	No	296	33.75	581	66.25	877	97.66	21	2.34	898	1.10
Warburton East	No	152	31.93	324	68.07	476	98.14	9	1.86	485
	0.60
Warrandyte North	No	606	49.15	627	50.85	1233	99.44	7	0.56	1240
	1.52
Wattle Glen	No	293	42.59	395	57.41	688	98.85	8	1.15	696	0.85
Wesburn	No	222	30.33	510	69.67	732	98.12	14	1.88	746	0.92
Whittlesea	No	653	38.75	1032	61.25	1685	99.12	15	0.88	1700	2.09
Wollert	No	45	37.50	75	62.50	120	99.17	1	0.83	121	0.15
Woori Yallock	No	630	33.48	1252	66.52	1882	99.21	15	0.79	1897
	2.33
Yan Yean	No	67	45.58	80	54.42	147	98.00	3	2.00	150	0.18
Yarck	No	50	33.11	101	66.89	151	100.00	0	0.00	151	0.19
Yarra Glen	No	558	42.82	745	57.18	1303	99.01	13	0.99	1316	1.62
Yarra Junction	No	347	33.33	694	66.67	1041	98.67	14	1.33	1055
	1.30
Yarrambat	No	303	42.26	414	57.74	717	99.45	4	0.55	721	0.89
Yea	No	330	28.87	813	71.13	1143	99.48	6	0.52	1149	1.41
Special Hospitals	No	32	34.04	62	65.96	94	98.95	1	1.05	95
	0.12
Total Ordinary	No	24816	37.34	41642	62.66	66458	99.02	660	0.98	67118
	82.41
ABSENT	No	3058	41.36	4336	58.64	7394	99.16	63	0.84	7457	9.16
POSTAL	No	776	30.49	1769	69.51	2545	99.30	18	0.70	2563	3.15
PRE_POLL	No	1500	37.27	2525	62.73	4025	99.60	16	0.40	4041	4.96
PROVISIONAL	No	95	36.68	164	63.32	259	98.85	3	1.15	262	0.32
Division Summary	No	30245	37.49	50436	62.51	80681	99.07	760	0.93	81441
	95.98
