Referendum: 6 November 1999									
		
Referendum Results										
	
By Division by Polling Place									
		

"A proposed law for the Alteration of the Constitution, entitled"			
								
   the Constitutional Alteration (Establishment of Republic) 1999			
								
											
											
Queensland											
Fairfax (78319)											

		Yes		No		Formal		Informal		Total	
Polling Place		Votes	%	Votes	%	Votes	%	Votes	%	Votes	%
Amamoor	No	98	24.08	309	75.92	407	99.03	4	0.97	411	0.55
Bli Bli	No	921	36.50	1602	63.50	2523	99.49	13	0.51	2536	3.42
Boreen Point	No	135	43.69	174	56.31	309	98.41	5	1.59	314
	0.42
Brisbane City (Fairfax)	Yes	48	54.55	40	45.45	88	97.78	2	2.22	90
	0.12
Burnside	No	566	32.45	1178	67.55	1744	99.37	11	0.63	1755	2.37
Chatsworth	No	119	26.33	333	73.67	452	99.34	3	0.66	455	0.61
Coolum	Yes	174	51.48	164	48.52	338	99.71	1	0.29	339	0.46
Coolum Beach	No	1937	48.85	2028	51.15	3965	99.05	38	0.95	4003
	5.41
Cooran	No	272	43.45	354	56.55	626	99.52	3	0.48	629	0.85
Cooroy	No	1106	36.88	1893	63.12	2999	99.34	20	0.66	3019	4.08
Deep Creek	No	99	26.83	270	73.17	369	98.14	7	1.86	376	0.51
Eumundi	No	757	39.84	1143	60.16	1900	99.01	19	0.99	1919	2.59
Federal	No	61	28.37	154	71.63	215	99.54	1	0.46	216	0.29
Goomboorian	No	119	23.61	385	76.39	504	99.41	3	0.59	507	0.68
Gympie City	No	577	28.68	1435	71.32	2012	99.55	9	0.45	2021	2.73
Gympie High School	No	440	28.63	1097	71.37	1537	99.10	14	0.90
	1551	2.09
Gympie North	No	482	25.52	1407	74.48	1889	99.37	12	0.63	1901
	2.57
Gympie South Side	No	667	29.58	1588	70.42	2255	98.90	25	1.10	2280
	3.08
Gympie West	No	292	27.70	762	72.30	1054	99.06	10	0.94	1064	1.44
Imbil	No	189	24.32	588	75.68	777	99.23	6	0.77	783	1.06
Jones Hill	No	281	30.58	638	69.42	919	99.46	5	0.54	924	1.25
Kandanga	No	99	22.45	342	77.55	441	100.00	0	0.00	441
	0.60
Kenilworth	No	183	29.71	433	70.29	616	99.35	4	0.65	620	0.84
Kin Kin	No	119	35.63	215	64.37	334	98.82	4	1.18	338	0.46
Kureelpa	No	173	36.89	296	63.11	469	99.58	2	0.42	471	0.64
Kybong	No	98	27.22	262	72.78	360	99.45	2	0.55	362	0.49
Lake Cooroibah	No	24	34.29	46	65.71	70	100.00	0	0.00	70
	0.09
Mapleton	No	409	39.52	626	60.48	1035	99.23	8	0.77	1043	1.41
Monkland	No	196	29.08	478	70.92	674	99.85	1	0.15	675	0.91
Montville (Fairfax)	No	244	45.44	293	54.56	537	99.81	1	0.19
	538	0.73
Mothar Mountain	No	55	25.11	164	74.89	219	99.55	1	0.45	220
	0.30
Mount Coolum	No	499	47.84	544	52.16	1043	99.24	8	0.76	1051
	1.42
Mudjimba	No	401	41.13	574	58.87	975	99.80	2	0.20	977	1.32
Nambour	No	771	33.83	1508	66.17	2279	99.17	19	0.83	2298	3.10
Nambour Heights	No	269	29.99	628	70.01	897	99.67	3	0.33	900
	1.22
Nambour Hospital	No	348	38.03	567	61.97	915	99.35	6	0.65	921
	1.24
Nambour South	No	447	35.03	829	64.97	1276	99.30	9	0.70	1285
	1.74
Noosa Heads	Yes	1892	53.80	1625	46.20	3517	99.38	22	0.62	3539	4.78
Noosaville	No	1391	45.09	1694	54.91	3085	99.10	28	0.90	3113	4.20
Noosaville East	No	559	45.48	670	54.52	1229	99.27	9	0.73	1238
	1.67
Noosaville West	No	585	40.40	863	59.60	1448	99.52	7	0.48	1455
	1.96
North Arm	No	79	34.50	150	65.50	229	99.13	2	0.87	231	0.31
Pacific Paradise	No	562	36.16	992	63.84	1554	99.49	8	0.51	1562
	2.11
Peregian Beach	Yes	849	50.93	818	49.07	1667	99.23	13	0.77	1680
	2.27
Pie Creek	No	85	24.43	263	75.57	348	99.43	2	0.57	350	0.47
Pomona	No	535	39.48	820	60.52	1355	99.49	7	0.51	1362	1.84
Tewantin	No	1796	41.11	2573	58.89	4369	99.16	37	0.84	4406	5.95
Veteran	No	82	26.71	225	73.29	307	99.68	1	0.32	308	0.42
Wolvi	No	82	28.67	204	71.33	286	98.96	3	1.04	289	0.39
Yandina	No	925	36.32	1622	63.68	2547	99.22	20	0.78	2567	3.47
Special Hospitals	No	146	22.64	499	77.36	645	98.02	13	1.98	658
	0.89
Total Ordinary	No	23243	37.73	38365	62.27	61608	99.27	453	0.73	62061
	83.80
ABSENT	No	2066	39.40	3178	60.60	5244	99.43	30	0.57	5274	7.12
POSTAL	No	757	31.35	1658	68.65	2415	99.67	8	0.33	2423	3.27
PRE_POLL	No	1505	39.24	2330	60.76	3835	99.43	22	0.57	3857	5.21
PROVISIONAL	No	170	38.64	270	61.36	440	98.65	6	1.35	446	0.60
Division Summary	No	27741	37.72	45801	62.28	73542	99.30	519	0.70	74061
	94.56
