Referendum: 6 November 1999									
		
Referendum Results										
	
By Division by Polling Place									
		

"A proposed law for the Alteration of the Constitution, entitled"			
								
   the Constitutional Alteration (Establishment of Republic) 1999			
								
											
											
Western Australia											
O'Connor (84559)											

		Yes		No		Formal		Informal		Total	
Polling Place		Votes	%	Votes	%	Votes	%	Votes	%	Votes	%
Allanson	No	110	33.64	217	66.36	327	98.20	6	1.80	333	0.41
Ardath	No	14	23.73	45	76.27	59	100.00	0	0.00	59
	0.07
Arthur River	No	24	19.83	97	80.17	121	100.00	0	0.00
	121	0.15
Australind	No	934	34.28	1791	65.72	2725	99.31	19	0.69	2744	3.41
Australind North	No	171	35.33	313	64.67	484	99.18	4	0.82	488
	0.61
Badgebup	No	7	11.48	54	88.52	61	96.83	2	3.17	63	0.08
Badgingarra	No	57	30.81	128	69.19	185	100.00	0	0.00	185
	0.23
Ballidu	No	39	25.32	115	74.68	154	100.00	0	0.00	154
	0.19
Beachlands	No	207	29.20	502	70.80	709	99.02	7	0.98	716	0.89
Beacon	No	33	18.54	145	81.46	178	98.89	2	1.11	180	0.22
Bencubbin	No	44	25.73	127	74.27	171	99.42	1	0.58	172	0.21
Benger	No	26	32.10	55	67.90	81	98.78	1	1.22	82	0.10
Bindi Bindi	No	20	27.78	52	72.22	72	100.00	0	0.00	72
	0.09
Binningup	No	176	34.51	334	65.49	510	99.80	1	0.20	511	0.64
Bluff Point	No	672	32.86	1373	67.14	2045	98.98	21	1.02	2066	2.57
Boddington	No	200	26.39	558	73.61	758	99.21	6	0.79	764	0.95
Bolgart	No	33	26.19	93	73.81	126	99.21	1	0.79	127	0.16
Borden	No	40	27.40	106	72.60	146	97.99	3	2.01	149	0.19
Boscabel	No	5	7.58	61	92.42	66	100.00	0	0.00	66
	0.08
Boxwood Hill	No	19	28.79	47	71.21	66	100.00	0	0.00	66
	0.08
Bremer Bay	No	86	34.82	161	65.18	247	98.80	3	1.20	250	0.31
Brookton	No	94	17.84	433	82.16	527	98.87	6	1.13	533	0.66
Broomehill	No	43	20.28	169	79.72	212	99.53	1	0.47	213	0.26
Bruce Rock	No	134	29.78	316	70.22	450	99.12	4	0.88	454	0.56
Brunswick	No	174	25.66	504	74.34	678	99.56	3	0.44	681	0.85
Bullaring	No	14	28.57	35	71.43	49	100.00	0	0.00	49
	0.06
Bulyee	No	18	28.12	46	71.88	64	98.46	1	1.54	65	0.08
Buntine	No	25	33.33	50	66.67	75	100.00	0	0.00	75
	0.09
Cadoux	No	30	25.21	89	74.79	119	100.00	0	0.00	119
	0.15
Calingiri	No	40	22.86	135	77.14	175	98.87	2	1.13	177	0.22
Cape Burney	No	73	39.04	114	60.96	187	99.47	1	0.53	188	0.23
Carnamah	No	76	27.44	201	72.56	277	99.28	2	0.72	279	0.35
Cervantes	No	79	23.30	260	76.70	339	99.12	3	0.88	342	0.43
Clifton Park	No	295	45.88	348	54.12	643	99.38	4	0.62	647
	0.80
Collie	No	306	29.34	737	70.66	1043	99.43	6	0.57	1049	1.30
Collie Central	No	177	30.57	402	69.43	579	98.81	7	1.19	586
	0.73
Collie District Hospital	No	327	30.82	734	69.18	1061	99.25	8
	0.75	1069	1.33
Collie North	No	375	30.14	869	69.86	1244	99.04	12	0.96	1256
	1.56
Coomberdale	No	4	8.51	43	91.49	47	100.00	0	0.00	47
	0.06
Coorow	No	58	24.58	178	75.42	236	98.74	3	1.26	239	0.30
Corrigin	No	176	29.24	426	70.76	602	99.34	4	0.66	606	0.75
Cranbrook	No	96	26.74	263	73.26	359	99.45	2	0.55	361	0.45
Cuballing	No	62	25.00	186	75.00	248	99.20	2	0.80	250	0.31
Cunderdin	No	138	25.23	409	74.77	547	98.92	6	1.08	553	0.69
Dalwallinu	No	67	17.82	309	82.18	376	99.47	2	0.53	378	0.47
Dandaragan	No	59	22.96	198	77.04	257	99.23	2	0.77	259	0.32
Darkan	No	86	28.01	221	71.99	307	98.71	4	1.29	311	0.39
Dongara	No	469	26.65	1291	73.35	1760	99.60	7	0.40	1767	2.20
Doodlakine	No	30	37.04	51	62.96	81	100.00	0	0.00	81
	0.10
Dowerin	No	114	26.03	324	73.97	438	98.65	6	1.35	444	0.55
Dudinin	No	26	30.59	59	69.41	85	98.84	1	1.16	86	0.11
Dumbleyung	No	88	25.36	259	74.64	347	99.43	2	0.57	349	0.43
Duranillin	No	41	23.98	130	76.02	171	100.00	0	0.00	171
	0.21
Eneabba	No	40	24.84	121	75.16	161	98.17	3	1.83	164	0.20
Fitzgerald	No	10	35.71	18	64.29	28	96.55	1	3.45	29	0.04
Forest Hill	No	25	28.74	62	71.26	87	98.86	1	1.14	88	0.11
Frankland	No	39	20.97	147	79.03	186	99.47	1	0.53	187	0.23
Gairdner River	No	18	25.71	52	74.29	70	100.00	0	0.00	70
	0.09
Geraldton	No	719	35.28	1319	64.72	2038	99.27	15	0.73	2053	2.55
Geraldton Central	No	453	34.40	864	65.60	1317	99.32	9	0.68	1326
	1.65
Geraldton Regional Hospital	No	63	27.63	165	72.37	228	99.13	2
	0.87	230	0.29
Geraldton St John of God Hospital	No	112	26.48	311	73.52	423	99.53	2
	0.47	425	0.53
Gnowangerup	No	102	21.21	379	78.79	481	99.18	4	0.82	485	0.60
Goomalling	No	71	17.71	330	82.29	401	98.53	6	1.47	407	0.51
Harvey	No	572	26.94	1551	73.06	2123	98.84	25	1.16	2148	2.67
Highbury	No	28	23.73	90	76.27	118	100.00	0	0.00	118
	0.15
Hopetoun	No	73	26.64	201	73.36	274	99.28	2	0.72	276	0.34
Hyden	No	83	28.23	211	71.77	294	100.00	0	0.00	294	0.37
Jennacubbine	No	15	18.99	64	81.01	79	100.00	0	0.00	79
	0.10
Jerdacuttup	No	28	38.89	44	61.11	72	98.63	1	1.37	73	0.09
Jerramungup	No	83	29.02	203	70.98	286	99.31	2	0.69	288	0.36
Jingalup	No	48	39.02	75	60.98	123	100.00	0	0.00	123
	0.15
Jurien	No	186	27.15	499	72.85	685	99.28	5	0.72	690	0.86
Kalannie	No	33	19.64	135	80.36	168	100.00	0	0.00	168
	0.21
Karlgarin	No	11	13.10	73	86.90	84	98.82	1	1.18	85	0.11
Katanning	No	511	25.97	1457	74.03	1968	98.84	23	1.16	1991	2.48
Katanning District Hospital	No	68	32.23	143	67.77	211	98.60	3
	1.40	214	0.27
Kellerberrin	No	143	24.28	446	75.72	589	98.66	8	1.34	597
	0.74
Kendenup	No	91	26.22	256	73.78	347	99.71	1	0.29	348	0.43
Kojonup	No	192	22.17	674	77.83	866	99.54	4	0.46	870	1.08
Kondinin	No	61	24.60	187	75.40	248	99.60	1	0.40	249	0.31
Koorda	No	49	16.17	254	83.83	303	99.34	2	0.66	305	0.38
Kukerin	No	35	25.36	103	74.64	138	98.57	2	1.43	140	0.17
Kulin	No	99	28.86	244	71.14	343	99.42	2	0.58	345	0.43
Kununoppin	No	21	21.87	75	78.13	96	98.97	1	1.03	97	0.12
Lake Clifton	No	76	36.89	130	63.11	206	100.00	0	0.00
	206	0.26
Lake Grace	No	87	19.82	352	80.18	439	99.10	4	0.90	443	0.55
Lake King	No	33	29.20	80	70.80	113	99.12	1	0.88	114	0.14
Latham	No	18	22.22	63	77.78	81	100.00	0	0.00	81
	0.10
Leeman	No	111	28.24	282	71.76	393	99.75	1	0.25	394	0.49
Leschenault	No	217	35.52	394	64.48	611	99.67	2	0.33	613	0.76
Meckering	No	29	19.21	122	80.79	151	100.00	0	0.00	151
	0.19
Miling	No	32	28.83	79	71.17	111	99.11	1	0.89	112	0.14
Mingenew	No	111	33.53	220	66.47	331	99.40	2	0.60	333	0.41
Mogumber	No	10	17.24	48	82.76	58	100.00	0	0.00	58
	0.07
Moonyoonooka	No	40	18.96	171	81.04	211	100.00	0	0.00
	211	0.26
Moora	No	249	25.25	737	74.75	986	99.20	8	0.80	994	1.24
Morawa	No	136	29.37	327	70.63	463	99.57	2	0.43	465	0.58
Mount Barker	No	391	26.56	1081	73.44	1472	99.39	9	0.61	1481
	1.84
Mount Tarcoola	No	603	34.96	1122	65.04	1725	98.91	19	1.09	1744
	2.17
Mount Walker	No	14	24.56	43	75.44	57	98.28	1	1.72	58
	0.07
Mukinbudin	No	73	19.78	296	80.22	369	98.93	4	1.07	373	0.46
Munglinup (O'Connor)	No	24	38.10	39	61.90	63	98.44	1	1.56	64
	0.08
Muradup	No	35	20.23	138	79.77	173	100.00	0	0.00	173
	0.22
Narembeen	No	77	19.40	320	80.60	397	98.76	5	1.24	402	0.50
Narrikup	No	50	21.93	178	78.07	228	98.70	3	1.30	231	0.29
Narrogin	No	532	24.05	1680	75.95	2212	98.84	26	1.16	2238	2.78
Narrogin Regional Hospital	No	104	28.34	263	71.66	367	99.46	2
	0.54	369	0.46
Newdegate	No	45	20.00	180	80.00	225	98.68	3	1.32	228	0.28
New Norcia	No	36	33.64	71	66.36	107	99.07	1	0.93	108	0.13
Nungarin	No	28	19.72	114	80.28	142	99.30	1	0.70	143	0.18
Nyabing	No	18	11.18	143	88.82	161	100.00	0	0.00	161
	0.20
Ongerup	No	57	30.98	127	69.02	184	100.00	0	0.00	184
	0.23
Perenjori	No	58	26.61	160	73.39	218	100.00	0	0.00	218
	0.27
Perth (O'Connor)	No	39	43.82	50	56.18	89	96.74	3	3.26	92
	0.11
Pingaring	No	5	5.62	84	94.38	89	98.89	1	1.11	90	0.11
Pingelly	No	137	20.69	525	79.31	662	98.95	7	1.05	669	0.83
Pingrup	No	38	26.39	106	73.61	144	100.00	0	0.00	144
	0.18
Pithara	No	23	32.39	48	67.61	71	100.00	0	0.00	71
	0.09
Popanyinning	No	34	27.64	89	72.36	123	98.40	2	1.60	125
	0.16
Porongurup	No	44	35.48	80	64.52	124	98.41	2	1.59	126	0.16
Quairading	No	130	20.22	513	79.78	643	99.08	6	0.92	649	0.81
Quindanning	No	19	22.09	67	77.91	86	100.00	0	0.00	86
	0.11
Rangeway	No	578	28.78	1430	71.22	2008	99.11	18	0.89	2026	2.52
Ravensthorpe	No	90	23.94	286	76.06	376	99.47	2	0.53	378
	0.47
Rocky Gully	No	16	19.28	67	80.72	83	98.81	1	1.19	84	0.10
Roelands	No	44	30.99	98	69.01	142	99.30	1	0.70	143	0.18
Rottnest (O'Connor)	Yes	12	52.17	11	47.83	23	95.83	1	4.17	24
	0.03
Shackleton	No	20	28.17	51	71.83	71	100.00	0	0.00	71
	0.09
Spalding	No	194	23.29	639	76.71	833	99.17	7	0.83	840	1.04
Tambellup	No	65	18.36	289	81.64	354	98.61	5	1.39	359	0.45
Tammin	No	41	21.93	146	78.07	187	97.91	4	2.09	191	0.24
Three Springs	No	101	26.23	284	73.77	385	99.74	1	0.26	386
	0.48
Tincurrin	No	23	29.49	55	70.51	78	100.00	0	0.00	78
	0.10
Trayning	No	37	21.51	135	78.49	172	100.00	0	0.00	172
	0.21
Varley	No	25	32.05	53	67.95	78	100.00	0	0.00	78
	0.10
Waggrakine	No	474	30.76	1067	69.24	1541	99.23	12	0.77	1553	1.93
Wagin	No	199	20.84	756	79.16	955	98.96	10	1.04	965	1.20
Walkaway	No	74	22.63	253	77.37	327	99.09	3	0.91	330	0.41
Wandering	No	36	18.00	164	82.00	200	100.00	0	0.00	200
	0.25
Waroona	No	353	23.52	1148	76.48	1501	99.01	15	0.99	1516	1.89
Watheroo	No	53	35.81	95	64.19	148	99.33	1	0.67	149	0.19
Wickepin	No	55	22.27	192	77.73	247	99.20	2	0.80	249	0.31
Williams	No	116	22.92	390	77.08	506	99.61	2	0.39	508	0.63
Wilson Park	No	99	24.94	298	75.06	397	99.50	2	0.50	399	0.50
Wongan Hills	No	178	26.93	483	73.07	661	99.10	6	0.90	667
	0.83
Wonthella	No	550	27.58	1444	72.42	1994	99.15	17	0.85	2011	2.50
Woodanilling	No	35	25.36	103	74.64	138	97.87	3	2.13	141
	0.18
Woogenellup	No	8	21.62	29	78.38	37	97.37	1	2.63	38	0.05
Wubin	No	22	21.36	81	78.64	103	99.04	1	0.96	104	0.13
Wyalkatchem	No	89	25.07	266	74.93	355	99.44	2	0.56	357	0.44
Yarloop	No	138	24.86	417	75.14	555	98.58	8	1.42	563	0.70
Yealering	No	33	25.38	97	74.62	130	100.00	0	0.00	130
	0.16
Yerecoin	No	21	22.83	71	77.17	92	98.92	1	1.08	93	0.12
Yorkrakine	No	12	24.00	38	76.00	50	100.00	0	0.00	50
	0.06
Special Hospitals	No	0	0.00	0	0.00	0	0.00	0	0.00	0
	0.00
Total Ordinary	No	18347	27.50	48374	72.50	66721	99.19	548	0.81	67269
	83.66
ABSENT	No	2838	32.60	5868	67.40	8706	99.51	43	0.49	8749	10.88
POSTAL	No	425	23.51	1383	76.49	1808	99.83	3	0.17	1811	2.25
PRE_POLL	No	660	33.38	1317	66.62	1977	99.55	9	0.45	1986	2.47
PROVISIONAL	No	140	23.93	445	76.07	585	99.15	5	0.85	590	0.73
Division Summary	No	22410	28.08	57387	71.92	79797	99.24	608	0.76	80405
	95.09
