Referendum: 6 November 1999									
		
Referendum Results										
	
By Division by Polling Place									
		

"A proposed law for the Alteration of the Constitution, entitled"			
								
   the Constitutional Alteration (Preamble) 1999					
						
											
New South Wales											
Parkes (78598)											
*the results for Tilpa have been merged with Louth polling place			
								

		Yes		No		Formal		Informal		Total	
Polling Place		                                                             
Votes	%	Votes	%	Votes	%	Votes	%	Votes	%
Albert	No	23	29.49	55	70.51	78	100.00	0	0.00	78
	0.10
Alectown	No	55	38.46	88	61.54	143	97.95	3	2.05	146	0.20
Alma	No	611	31.48	1330	68.52	1941	98.38	32	1.62	1973	2.64
Ballimore	No	17	19.32	71	80.68	88	100.00	0	0.00	88
	0.12
Bedgerebong	No	47	31.76	101	68.24	148	100.00	0	0.00	148
	0.20
Bogan Gate	No	44	22.68	150	77.32	194	100.00	0	0.00	194
	0.26
Bourke	No	362	25.21	1074	74.79	1436	99.03	14	0.97	1450	1.94
Brewarrina	No	159	28.24	404	71.76	563	98.60	8	1.40	571	0.76
Broken Hill	No	420	30.84	942	69.16	1362	98.70	18	1.30	1380	1.85
Broken Hill Hospital	No	118	32.96	240	67.04	358	99.72	1	0.28
	359	0.48
Broken Hill North	No	624	26.52	1729	73.48	2353	99.07	22	0.93	2375
	3.18
Broken Hill West	No	304	27.46	803	72.54	1107	99.10	10	0.90	1117
	1.50
Burcher	No	18	26.47	50	73.53	68	100.00	0	0.00	68
	0.09
Churchill Gardens	No	419	27.88	1084	72.12	1503	98.95	16	1.05	1519
	2.03
Cobar	No	524	23.20	1735	76.80	2259	99.17	19	0.83	2278	3.05
Collie	No	14	19.44	58	80.56	72	100.00	0	0.00	72
	0.10
Condobolin	No	518	26.10	1467	73.90	1985	99.15	17	0.85	2002	2.68
Cookamidgera	No	23	33.82	45	66.18	68	100.00	0	0.00	68
	0.09
Coolabah	No	7	14.00	43	86.00	50	100.00	0	0.00	50
	0.07
Dubbo	No	743	31.92	1585	68.08	2328	99.28	17	0.72	2345	3.14
Dubbo East	No	857	31.28	1883	68.72	2740	99.10	25	0.90	2765	3.70
Dubbo Grove	No	675	26.76	1847	73.24	2522	99.25	19	0.75	2541	3.40
Dubbo Hospital	No	55	27.92	142	72.08	197	99.49	1	0.51	198
	0.27
Dubbo North	No	542	25.15	1613	74.85	2155	99.26	16	0.74	2171	2.91
Dubbo South	No	509	28.92	1251	71.08	1760	99.72	5	0.28	1765	2.36
Dubbo West	No	520	26.46	1445	73.54	1965	98.99	20	1.01	1985	2.66
Emmagool	No	27	25.00	81	75.00	108	100.00	0	0.00	108
	0.14
Enngonia	No	13	21.31	48	78.69	61	96.83	2	3.17	63	0.08
Euabalong	No	35	26.52	97	73.48	132	98.51	2	1.49	134	0.18
Eumungerie	No	29	20.42	113	79.58	142	100.00	0	0.00	142
	0.19
Excelsior	No	409	27.14	1098	72.86	1507	99.47	8	0.53	1515	2.03
Fifield	No	8	12.70	55	87.30	63	100.00	0	0.00	63
	0.08
Forbes	No	953	28.13	2435	71.87	3388	98.83	40	1.17	3428	4.59
Forbes Hospital	No	104	33.77	204	66.23	308	99.04	3	0.96	311
	0.42
Forbes North	No	337	28.06	864	71.94	1201	98.60	17	1.40	1218
	1.63
Forbes South	No	126	31.34	276	68.66	402	99.50	2	0.50	404
	0.54
Garema	No	18	24.00	57	76.00	75	100.00	0	0.00	75
	0.10
Girilambone	No	11	16.42	56	83.58	67	100.00	0	0.00	67
	0.09
Goodooga	No	42	28.77	104	71.23	146	99.32	1	0.68	147	0.20
Gunningbland	No	17	26.15	48	73.85	65	100.00	0	0.00	65
	0.09
Hermidale	No	23	27.71	60	72.29	83	100.00	0	0.00	83
	0.11
Hillside	No	427	26.51	1184	73.49	1611	98.77	20	1.23	1631	2.18
Ivanhoe	No	32	20.78	122	79.22	154	100.00	0	0.00	154
	0.21
Lake Cargelligo	No	226	26.40	630	73.60	856	98.96	9	1.04	865
	1.16
Lourdes Hospital	No	136	30.49	310	69.51	446	98.45	7	1.55	453
	0.61
Louth	No	19	24.68	58	75.32	77	100.00	0	0.00	77	0.10
Menindee	No	123	31.70	265	68.30	388	98.73	5	1.27	393	0.53
Morgan Street	No	399	28.89	982	71.11	1381	98.78	17	1.22	1398
	1.87
Murrin Bridge	Yes	40	68.97	18	31.03	58	100.00	0	0.00	58
	0.08
Narromine	No	706	28.09	1807	71.91	2513	99.05	24	0.95	2537	3.40
Nevertire	No	47	30.72	106	69.28	153	99.35	1	0.65	154	0.21
Nymagee	No	12	15.19	67	84.81	79	98.75	1	1.25	80	0.11
Nyngan	No	343	22.90	1155	77.10	1498	98.55	22	1.45	1520	2.03
Ootha	No	12	27.91	31	72.09	43	100.00	0	0.00	43	0.06
Orana Heights	No	869	31.33	1905	68.67	2774	99.28	20	0.72	2794
	3.74
Parkes	No	605	29.00	1481	71.00	2086	99.33	14	0.67	2100	2.81
Parkes East	No	340	31.60	736	68.40	1076	99.54	5	0.46	1081	1.45
Parkes High	No	171	30.76	385	69.24	556	99.29	4	0.71	560	0.75
Parkes Hospital	No	215	29.49	514	70.51	729	99.73	2	0.27	731
	0.98
Parkes South	No	208	28.73	516	71.27	724	99.72	2	0.28	726
	0.97
Peak Hill	No	213	27.99	548	72.01	761	99.61	3	0.39	764	1.02
Rees Avenue	No	269	29.14	654	70.86	923	99.46	5	0.54	928	1.24
Sydney (Parkes)	No	25	47.17	28	52.83	53	98.15	1	1.85	54
	0.07
Tibooburra	No	21	25.61	61	74.39	82	98.80	1	1.20	83	0.11
Tilpa		0	0.00	0	0.00	0	0.00	0	0.00	0	0.00
Tomingley	No	47	22.38	163	77.62	210	99.06	2	0.94	212	0.28
Tottenham	No	72	18.14	325	81.86	397	99.00	4	1.00	401	0.54
Trangie	No	221	27.15	593	72.85	814	99.39	5	0.61	819	1.10
Trundle	No	139	27.86	360	72.14	499	99.20	4	0.80	503	0.67
Tullamore	No	70	23.49	228	76.51	298	99.67	1	0.33	299	0.40
Tullibigeal	No	44	22.22	154	77.78	198	99.50	1	0.50	199	0.27
Wanaaring	No	4	7.84	47	92.16	51	100.00	0	0.00	51
	0.07
Warren	No	426	28.71	1058	71.29	1484	99.40	9	0.60	1493	2.00
Warroo	No	32	39.51	49	60.49	81	100.00	0	0.00	81
	0.11
Weilmoringle	No	8	18.18	36	81.82	44	100.00	0	0.00	44
	0.06
White Cliffs	No	19	20.43	74	79.57	93	100.00	0	0.00	93
	0.12
Wilcannia	No	93	29.62	221	70.38	314	98.74	4	1.26	318	0.43
Wirrinya	No	12	23.08	40	76.92	52	100.00	0	0.00	52
	0.07
Wongarbon	No	84	26.75	230	73.25	314	99.37	2	0.63	316	0.42
Special Hospitals	No	180	40.91	260	59.09	440	98.00	9	2.00	449
	0.60
Total Ordinary	No	17269	28.08	44232	71.92	61501	99.13	542	0.87	62043
	83.06
ABSENT	No	1541	34.67	2904	65.33	4445	99.64	16	0.36	4461	5.97
POSTAL	No	649	22.36	2254	77.64	2903	99.45	16	0.55	2919	3.91
PRE_POLL	No	1495	31.77	3210	68.23	4705	99.51	23	0.49	4728	6.33
PROVISIONAL	No	166	30.46	379	69.54	545	99.63	2	0.37	547	0.73
Division Summary	No	21120	28.50	52979	71.50	74099	99.20	599	0.80	74698
	95.04
