Referendum: 6 November 1999									
		
Referendum Results										
	
By Division by Polling Place									
		

"A proposed law for the Alteration of the Constitution, entitled"			
								
   the Constitutional Alteration (Preamble) 1999					
						
											
											
Victoria											
Murray (84898)											

		Yes		No		Formal		Informal		Total	
Polling Place		                                                             
Votes	%	Votes	%	Votes	%	Votes	%	Votes	%
Ardmona	No	109	25.12	325	74.88	434	99.31	3	0.69	437	0.54
Ballendella	No	35	23.33	115	76.67	150	99.34	1	0.66	151	0.19
Bamawm	No	54	27.84	140	72.16	194	100.00	0	0.00	194
	0.24
Bamawm Extension	No	41	24.40	127	75.60	168	100.00	0	0.00
	168	0.21
Barmah	No	44	25.00	132	75.00	176	99.44	1	0.56	177	0.22
Boort	No	179	23.99	567	76.01	746	99.33	5	0.67	751	0.92
Bunbartha	No	35	21.47	128	78.53	163	100.00	0	0.00	163
	0.20
Byrneside	No	41	18.64	179	81.36	220	99.55	1	0.45	221	0.27
Calivil	No	48	28.92	118	71.08	166	98.81	2	1.19	168	0.21
Cobram	No	954	30.15	2210	69.85	3164	98.81	38	1.19	3202	3.93
Cohuna	No	482	23.71	1551	76.29	2033	99.32	14	0.68	2047	2.51
Colbinabbin	No	67	27.35	178	72.65	245	99.19	2	0.81	247	0.30
Congupna	No	108	23.95	343	76.05	451	100.00	0	0.00	451
	0.55
Cooma	No	30	18.99	128	81.01	158	98.75	2	1.25	160	0.20
Dhurringile	No	42	25.45	123	74.55	165	99.40	1	0.60	166	0.20
Dingee	No	53	22.84	179	77.16	232	100.00	0	0.00	232
	0.28
Dingwall	No	38	32.48	79	67.52	117	99.15	1	0.85	118	0.14
Dookie	No	87	29.59	207	70.41	294	99.66	1	0.34	295	0.36
Echuca	No	837	31.14	1851	68.86	2688	99.22	21	0.78	2709	3.32
Echuca Central	No	214	31.75	460	68.25	674	99.56	3	0.44	677
	0.83
Echuca East	No	481	25.63	1396	74.37	1877	99.42	11	0.58	1888	2.32
Echuca South	No	485	29.74	1146	70.26	1631	99.09	15	0.91	1646
	2.02
Echuca Village	No	64	27.71	167	72.29	231	100.00	0	0.00
	231	0.28
Echuca West	No	106	25.79	305	74.21	411	98.56	6	1.44	417	0.51
Girgarre	No	106	24.20	332	75.80	438	99.10	4	0.90	442	0.54
Gowrie Street	No	654	26.31	1832	73.69	2486	98.89	28	1.11	2514
	3.08
Grahamvale	No	50	26.60	138	73.40	188	99.47	1	0.53	189	0.23
Gunbower	No	105	26.92	285	73.08	390	99.49	2	0.51	392	0.48
Guthrie Street	No	439	29.84	1032	70.16	1471	99.12	13	0.88	1484
	1.82
Katamatite	No	64	21.48	234	78.52	298	97.39	8	2.61	306	0.38
Katunga	No	126	25.35	371	74.65	497	99.40	3	0.60	500	0.61
Kerang	No	492	24.30	1533	75.70	2025	99.31	14	0.69	2039	2.50
Kerang North	No	174	20.00	696	80.00	870	99.54	4	0.46	874
	1.07
Kialla	No	124	27.43	328	72.57	452	99.34	3	0.66	455	0.56
Kialla Park	No	105	35.23	193	64.77	298	99.67	1	0.33	299	0.37
Kialla West	No	110	29.26	266	70.74	376	99.73	1	0.27	377	0.46
Knight Street	No	747	31.96	1590	68.04	2337	99.36	15	0.64	2352
	2.88
Koondrook	No	181	24.36	562	75.64	743	99.73	2	0.27	745	0.91
Koyuga	No	34	26.15	96	73.85	130	100.00	0	0.00	130
	0.16
Kyabram	No	801	28.54	2006	71.46	2807	99.26	21	0.74	2828	3.47
Kyabram West	No	362	27.95	933	72.05	1295	99.54	6	0.46	1301
	1.60
Ky Valley	No	65	23.99	206	76.01	271	99.63	1	0.37	272	0.33
Lake Charm	No	63	28.25	160	71.75	223	100.00	0	0.00	223
	0.27
Lalbert	No	24	22.86	81	77.14	105	99.06	1	0.94	106	0.13
Lancaster	No	75	23.15	249	76.85	324	99.69	1	0.31	325	0.40
Leitchville	No	121	22.45	418	77.55	539	98.90	6	1.10	545	0.67
Lemnos	No	118	29.21	286	70.79	404	98.78	5	1.22	409	0.50
Lockington	No	134	21.54	488	78.46	622	99.84	1	0.16	623	0.76
Macorna	No	38	30.89	85	69.11	123	99.19	1	0.81	124	0.15
Melbourne (Murray)	No	24	36.36	42	63.64	66	98.51	1	1.49	67
	0.08
Merrigum	No	125	23.76	401	76.24	526	99.43	3	0.57	529	0.65
Mitiamo	No	24	20.51	93	79.49	117	98.32	2	1.68	119	0.15
Mooroopna	No	275	24.84	832	75.16	1107	99.55	5	0.45	1112	1.36
Mooroopna Park	No	757	25.57	2204	74.43	2961	99.20	24	0.80	2985
	3.66
Murchison	No	166	29.12	404	70.88	570	99.65	2	0.35	572	0.70
Murrabit	No	102	29.82	240	70.18	342	99.71	1	0.29	343	0.42
Nanneella	No	66	24.44	204	75.56	270	99.26	2	0.74	272	0.33
Nathalia	No	297	23.91	945	76.09	1242	99.36	8	0.64	1250	1.53
Numurkah	No	643	25.21	1908	74.79	2551	98.88	29	1.12	2580	3.16
Orrvale	No	87	24.72	265	75.28	352	98.60	5	1.40	357	0.44
Picola	No	45	22.06	159	77.94	204	99.51	1	0.49	205	0.25
Pine Lodge	No	19	20.88	72	79.12	91	100.00	0	0.00	91
	0.11
Pyramid Hill	No	153	30.24	353	69.76	506	99.22	4	0.78	510
	0.63
Quambatook	No	67	26.91	182	73.09	249	98.81	3	1.19	252	0.31
Rochester	No	551	25.56	1605	74.44	2156	98.94	23	1.06	2179	2.67
Rushworth	No	225	22.08	794	77.92	1019	99.12	9	0.88	1028	1.26
Serpentine	No	59	29.80	139	70.20	198	99.50	1	0.50	199	0.24
Shepparton	No	66	18.38	293	81.62	359	98.36	6	1.64	365	0.45
Shepparton Central	No	122	32.71	251	67.29	373	99.20	3	0.80
	376	0.46
Shepparton East	No	179	28.41	451	71.59	630	99.21	5	0.79	635
	0.78
Shepparton North	No	590	26.97	1598	73.03	2188	99.45	12	0.55	2200
	2.70
Shepparton South	No	673	25.91	1924	74.09	2597	98.90	29	1.10	2626
	3.22
Stanhope	No	188	23.92	598	76.08	786	99.75	2	0.25	788	0.97
Strathmerton	No	150	22.69	511	77.31	661	99.10	6	0.90	667
	0.82
Tallygaroopna	No	67	17.45	317	82.55	384	99.74	1	0.26	385
	0.47
Tatura	No	714	29.44	1711	70.56	2425	98.82	29	1.18	2454	3.01
Tennyson	No	28	23.33	92	76.67	120	98.36	2	1.64	122	0.15
Tongala	No	276	24.08	870	75.92	1146	99.39	7	0.61	1153	1.41
Toolamba	No	97	25.06	290	74.94	387	98.72	5	1.28	392	0.48
Toolleen	No	25	18.94	107	81.06	132	99.25	1	0.75	133	0.16
Torrumbarry	No	70	29.91	164	70.09	234	99.15	2	0.85	236	0.29
Undera	No	66	19.88	266	80.12	332	99.40	2	0.60	334	0.41
Waaia	No	62	19.87	250	80.13	312	99.68	1	0.32	313	0.38
Wanganui	No	349	32.40	728	67.60	1077	99.45	6	0.55	1083	1.33
Wilmot Road	No	980	27.32	2607	72.68	3587	98.82	43	1.18	3630	4.45
Wunghnu	No	58	21.80	208	78.20	266	99.63	1	0.37	267	0.33
Wyuna	No	63	28.25	160	71.75	223	99.55	1	0.45	224	0.27
Yarrawalla South	No	40	36.36	70	63.64	110	100.00	0	0.00
	110	0.13
Yarroweyah	No	125	27.72	326	72.28	451	99.56	2	0.44	453	0.56
Yielima	No	20	17.54	94	82.46	114	100.00	0	0.00	114
	0.14
Special Hospitals	No	187	26.45	520	73.55	707	97.92	15	2.08	722
	0.89
Total Ordinary	No	18826	26.66	51802	73.34	70628	99.19	574	0.81	71202
	87.31
ABSENT	No	1594	35.49	2898	64.51	4492	99.62	17	0.38	4509	5.53
POSTAL	No	435	22.75	1477	77.25	1912	99.07	18	0.93	1930	2.37
PRE_POLL	No	1157	32.43	2411	67.57	3568	99.53	17	0.47	3585	4.40
PROVISIONAL	No	97	29.94	227	70.06	324	99.39	2	0.61	326	0.40
Division Summary	No	22109	27.32	58815	72.68	80924	99.23	628	0.77	81552
	96.06
