Referendum: 6 November 1999									
		
Referendum Results										
	
By Division by Polling Place									
		

"A proposed law for the Alteration of the Constitution, entitled"			
								
   the Constitutional Alteration (Preamble) 1999					
						
											
											
Victoria											
Flinders (86381)											

		Yes		No		Formal		Informal		Total	
Polling Place		                                                             
Votes	%	Votes	%	Votes	%	Votes	%	Votes	%
Balnarring	No	640	44.54	797	55.46	1437	99.31	10	0.69	1447	1.74
Bass	No	92	31.62	199	68.38	291	98.64	4	1.36	295	0.36
Baxter	No	590	33.26	1184	66.74	1774	99.00	18	1.00	1792	2.16
Bayles	No	90	26.09	255	73.91	345	99.42	2	0.58	347	0.42
Bittern	No	410	34.22	788	65.78	1198	99.01	12	0.99	1210	1.46
Blairgowrie	No	585	38.01	954	61.99	1539	99.48	8	0.52	1547	1.86
Boneo	No	190	36.82	326	63.18	516	97.54	13	2.46	529	0.64
Cardinia	No	101	38.55	161	61.45	262	98.13	5	1.87	267	0.32
Catani	No	40	29.41	96	70.59	136	99.27	1	0.73	137	0.17
Clyde	No	173	30.84	388	69.16	561	98.94	6	1.06	567	0.68
Corinella	No	235	31.42	513	68.58	748	98.29	13	1.71	761	0.92
Cowes	No	937	35.91	1672	64.09	2609	99.09	24	0.91	2633	3.17
Cranbourne (Flinders)	No	173	33.72	340	66.28	513	98.65	7	1.35
	520	0.63
Cranbourne South	No	383	39.24	593	60.76	976	99.29	7	0.71	983
	1.18
Crib Point	No	404	35.50	734	64.50	1138	98.96	12	1.04	1150	1.39
Dalyston	No	105	31.72	226	68.28	331	98.81	4	1.19	335	0.40
Devon Meadows	No	518	34.06	1003	65.94	1521	99.15	13	0.85	1534
	1.85
Dromana	No	1181	40.31	1749	59.69	2930	99.22	23	0.78	2953	3.56
Dromana Beach	No	186	32.98	378	67.02	564	98.95	6	1.05	570
	0.69
Flinders	No	209	39.51	320	60.49	529	99.44	3	0.56	532	0.64
Glen Alvie	No	20	30.77	45	69.23	65	100.00	0	0.00	65
	0.08
Grantville	No	175	29.02	428	70.98	603	97.73	14	2.27	617	0.74
Hastings	No	992	34.61	1874	65.39	2866	99.07	27	0.93	2893	3.49
Kernot	No	31	28.18	79	71.82	110	100.00	0	0.00	110
	0.13
Kilcunda	No	66	34.02	128	65.98	194	98.98	2	1.02	196	0.24
Kooweerup	No	285	27.33	758	72.67	1043	98.49	16	1.51	1059	1.28
Lang Lang	No	279	27.01	754	72.99	1033	99.23	8	0.77	1041	1.25
McCrae	No	317	40.18	472	59.82	789	99.62	3	0.38	792	0.95
Main Ridge	No	71	39.44	109	60.56	180	99.45	1	0.55	181	0.22
Melbourne (Flinders)	Yes	25	52.08	23	47.92	48	100.00	0
	0.00	48	0.06
Merricks North	No	102	48.80	107	51.20	209	99.05	2	0.95	211
	0.25
Moorooduc	No	168	33.01	341	66.99	509	97.51	13	2.49	522	0.63
Mt Erin (Flinders)	No	338	43.39	441	56.61	779	99.11	7	0.89
	786	0.95
Mt Martha	No	1475	45.31	1780	54.69	3255	99.18	27	0.82	3282	3.95
Mt Martha North	No	931	41.27	1325	58.73	2256	98.60	32	1.40	2288
	2.76
Newhaven	No	314	37.70	519	62.30	833	99.17	7	0.83	840	1.01
Nyora	No	164	29.71	388	70.29	552	99.46	3	0.54	555	0.67
Pearcedale	No	731	36.51	1271	63.49	2002	98.91	22	1.09	2024	2.44
Portsea	No	92	41.82	128	58.18	220	99.55	1	0.45	221	0.27
Red Hill	No	573	45.01	700	54.99	1273	99.30	9	0.70	1282	1.54
Rhyll	No	153	32.90	312	67.10	465	99.36	3	0.64	468	0.56
Rosebud	No	511	38.65	811	61.35	1322	99.32	9	0.68	1331	1.60
Rosebud East	No	712	35.92	1270	64.08	1982	98.56	29	1.44	2011
	2.42
Rosebud South	No	837	38.27	1350	61.73	2187	98.83	26	1.17	2213
	2.67
Rosebud West	No	770	35.24	1415	64.76	2185	98.60	31	1.40	2216
	2.67
Rye	No	1575	41.26	2242	58.74	3817	98.89	43	1.11	3860	4.65
Rye South	No	186	47.09	209	52.91	395	96.81	13	3.19	408	0.49
Safety Beach	No	424	37.32	712	62.68	1136	99.21	9	0.79	1145
	1.38
San Remo	No	187	31.01	416	68.99	603	99.18	5	0.82	608	0.73
Shoreham	No	152	43.18	200	56.82	352	99.44	2	0.56	354	0.43
Somers	No	287	41.06	412	58.94	699	99.15	6	0.85	705	0.85
Somerville East	No	873	36.51	1518	63.49	2391	98.97	25	1.03	2416
	2.91
Somerville West	No	1033	37.99	1686	62.01	2719	98.98	28	1.02	2747
	3.31
Sorrento	No	518	39.04	809	60.96	1327	99.25	10	0.75	1337	1.61
Tooradin	No	374	30.53	851	69.47	1225	98.47	19	1.53	1244	1.50
Tootgarook	No	504	35.17	929	64.83	1433	98.76	18	1.24	1451	1.75
Tyabb	No	494	33.18	995	66.82	1489	99.00	15	1.00	1504	1.81
West Park	No	203	29.00	497	71.00	700	99.15	6	0.85	706	0.85
Special Hospitals	No	617	35.83	1105	64.17	1722	98.51	26	1.49	1748
	2.11
Total Ordinary	No	24801	37.08	42085	62.92	66886	98.95	708	1.05	67594
	81.45
ABSENT	No	2272	41.53	3199	58.47	5471	99.00	55	1.00	5526	6.66
POSTAL	No	680	30.66	1538	69.34	2218	99.46	12	0.54	2230	2.69
PRE_POLL	No	2532	34.71	4762	65.29	7294	99.54	34	0.46	7328	8.83
PROVISIONAL	No	120	39.34	185	60.66	305	98.71	4	1.29	309	0.37
Division Summary	No	30405	37.00	51769	63.00	82174	99.02	813	0.98	82987
	96.07
