Referendum: 6 November 1999									
		
Referendum Results										
	
By Division by Polling Place									
		

"A proposed law for the Alteration of the Constitution, entitled"			
								
   the Constitutional Alteration (Establishment of Republic) 1999			
								
											
											
Western Australia											
Perth (86072)											

		Yes		No		Formal		Informal		Total	
Polling Place		Votes	%	Votes	%	Votes	%	Votes	%	Votes	%
Alexander Park	Yes	492	57.88	358	42.12	850	98.61	12	1.39	862
	1.05
Ashfield	No	376	37.23	634	62.77	1010	99.21	8	0.79	1018	1.24
Bassendean	No	849	40.92	1226	59.08	2075	99.09	19	0.91	2094	2.56
Bassendean South	No	1087	43.95	1386	56.05	2473	98.84	29	1.16	2502
	3.06
Bayswater	Yes	1469	50.94	1415	49.06	2884	98.60	41	1.40	2925	3.58
Bedford Park	No	595	46.52	684	53.48	1279	99.22	10	0.78	1289
	1.58
Bedford West	No	506	49.13	524	50.87	1030	99.04	10	0.96	1040
	1.27
Beechboro	No	769	40.24	1142	59.76	1911	98.91	21	1.09	1932	2.36
Beechboro East	No	692	34.44	1317	65.56	2009	98.92	22	1.08	2031
	2.48
Beechboro West (Perth)	No	660	43.45	859	56.55	1519	99.41	9	0.59
	1528	1.87
Bellevue (Perth)	No	198	29.16	481	70.84	679	98.26	12	1.74	691
	0.84
Caversham	No	253	42.45	343	57.55	596	99.33	4	0.67	600	0.73
Coolbinia	Yes	542	58.66	382	41.34	924	99.25	7	0.75	931	1.14
Dianella	No	414	46.57	475	53.43	889	98.89	10	1.11	899	1.10
Dianella Central	No	799	41.77	1114	58.23	1913	99.33	13	0.67	1926
	2.36
Dianella North	No	600	46.55	689	53.45	1289	99.00	13	1.00	1302
	1.59
East Perth	Yes	321	54.41	269	45.59	590	99.33	4	0.67	594	0.73
Eden Hill	No	1173	41.27	1669	58.73	2842	98.65	39	1.35	2881	3.52
Embleton	No	756	40.65	1104	59.35	1860	98.57	27	1.43	1887	2.31
Forrest Park	Yes	298	61.44	187	38.56	485	98.78	6	1.22	491
	0.60
Guildford (Perth)	No	458	45.39	551	54.61	1009	99.12	9	0.88	1018
	1.24
Hampton	No	1232	46.39	1424	53.61	2656	98.63	37	1.37	2693	3.29
Hampton Park (Perth)	No	618	42.18	847	57.82	1465	98.26	26	1.74
	1491	1.82
Highgate	Yes	1491	65.94	770	34.06	2261	98.09	44	1.91	2305	2.82
Hillcrest	No	1048	47.19	1173	52.81	2221	98.80	27	1.20	2248	2.75
Inglewood	Yes	617	54.60	513	45.40	1130	98.86	13	1.14	1143	1.40
Inglewood Brightwater	Yes	191	53.20	168	46.80	359	99.17	3	0.83
	362	0.44
Inglewood North	Yes	1188	56.28	923	43.72	2111	99.06	20	0.94	2131
	2.61
Kiara	No	647	44.47	808	55.53	1455	99.45	8	0.55	1463	1.79
Lockridge	No	520	31.23	1145	68.77	1665	98.46	26	1.54	1691	2.07
Maylands	Yes	1616	52.79	1445	47.21	3061	98.61	43	1.39	3104	3.80
Maylands East	No	681	49.06	707	50.94	1388	99.00	14	1.00	1402
	1.71
Menora	No	166	31.86	355	68.14	521	98.67	7	1.33	528	0.65
Mercy Hospital	Yes	189	58.51	134	41.49	323	99.69	1	0.31	324
	0.40
Midland (Perth)	No	979	39.52	1498	60.48	2477	98.18	46	1.82	2523
	3.09
Midvale	No	513	35.35	938	64.65	1451	99.45	8	0.55	1459	1.78
Morley	No	814	43.76	1046	56.24	1860	99.31	13	0.69	1873	2.29
Mount Lawley	Yes	1598	59.32	1096	40.68	2694	99.52	13	0.48	2707
	3.31
Mount Lawley East	Yes	443	59.15	306	40.85	749	99.07	7	0.93	756
	0.92
Mount Lawley West	Yes	365	62.29	221	37.71	586	98.16	11	1.84	597
	0.73
Noranda West (Perth)	No	544	47.93	591	52.07	1135	99.13	10	0.87
	1145	1.40
Northbridge	Yes	192	67.37	93	32.63	285	97.94	6	2.06	291	0.36
North Perth	Yes	427	58.57	302	41.43	729	98.51	11	1.49	740	0.90
North Perth Central	Yes	1296	63.87	733	36.13	2029	98.26	36	1.74
	2065	2.53
Perth (Perth)	Yes	431	55.47	346	44.53	777	98.11	15	1.89	792
	0.97
Rottnest (Perth)	Yes	46	68.66	21	31.34	67	100.00	0	0.00	67
	0.08
Royal Perth Hospital	No	121	48.40	129	51.60	250	98.81	3	1.19
	253	0.31
Swan View (Perth)	No	93	32.40	194	67.60	287	99.65	1	0.35	288
	0.35
West Perth (Perth)	Yes	203	72.50	77	27.50	280	98.25	5	1.75
	285	0.35
Special Hospitals	No	188	31.49	409	68.51	597	98.35	10	1.65	607
	0.74
Total Ordinary	No	31764	47.42	35221	52.58	66985	98.84	789	1.16	67774
	82.87
ABSENT	No	3575	47.65	3928	52.35	7503	99.32	51	0.68	7554	9.24
POSTAL	No	851	38.49	1360	61.51	2211	99.64	8	0.36	2219	2.71
PRE_POLL	Yes	1667	52.19	1527	47.81	3194	99.35	21	0.65	3215	3.93
PROVISIONAL	No	473	47.02	533	52.98	1006	98.63	14	1.37	1020	1.25
Division Summary	No	38330	47.38	42569	52.62	80899	98.92	883	1.08	81782
	95.02
