Referendum: 6 November 1999									
		
Referendum Results										
	
By Division by Polling Place									
		

"A proposed law for the Alteration of the Constitution, entitled"			
								
   the Constitutional Alteration (Preamble) 1999					
						
											
											
Queensland											
Capricornia (80219)										
	

		Yes		No		Formal		Informal		Total	
Polling Place		                                                             
Votes	%	Votes	%	Votes	%	Votes	%	Votes	%
Allenstown	No	714	29.48	1708	70.52	2422	99.59	10	0.41	2432	3.19
Alpha	No	46	12.57	320	87.43	366	99.19	3	0.81	369	0.48
Alton Downs	No	108	21.73	389	78.27	497	99.60	2	0.40	499	0.66
Applegarth	No	57	24.05	180	75.95	237	99.58	1	0.42	238	0.31
Aramac	No	42	19.81	170	80.19	212	100.00	0	0.00	212
	0.28
Archer Park	No	135	22.69	460	77.31	595	98.51	9	1.49	604	0.79
Barcaldine	No	212	25.30	626	74.70	838	99.29	6	0.71	844	1.11
Berserker	No	583	25.19	1731	74.81	2314	99.14	20	0.86	2334	3.06
Bouldercombe	No	94	18.73	408	81.27	502	99.01	5	0.99	507
	0.67
Brisbane City (Capricornia)	No	41	37.96	67	62.04	108	99.08	1
	0.92	109	0.14
Burnett Street	No	150	25.55	437	74.45	587	99.49	3	0.51	590
	0.77
Capella	No	111	19.24	466	80.76	577	99.31	4	0.69	581	0.76
Cawarral	No	143	22.10	504	77.90	647	99.54	3	0.46	650	0.85
Clermont	No	325	23.99	1030	76.01	1355	99.27	10	0.73	1365	1.79
Collinsville	No	289	25.94	825	74.06	1114	98.85	13	1.15	1127
	1.48
Coppabella	No	31	26.27	87	73.73	118	100.00	0	0.00	118
	0.15
Crescent Lagoon	No	261	23.51	849	76.49	1110	99.37	7	0.63	1117
	1.47
Depot Hill	No	146	24.83	442	75.17	588	98.66	8	1.34	596	0.78
Dysart	No	315	28.77	780	71.23	1095	99.27	8	0.73	1103	1.45
Emmaus College	No	320	31.75	688	68.25	1008	99.51	5	0.49	1013
	1.33
Emu Park	No	460	24.05	1453	75.95	1913	99.64	7	0.36	1920	2.52
Farnborough	No	272	28.25	691	71.75	963	99.18	8	0.82	971	1.27
Frenchville	No	543	29.66	1288	70.34	1831	99.13	16	0.87	1847	2.43
Glenden	No	85	25.00	255	75.00	340	99.42	2	0.58	342	0.45
Glenmore	No	971	28.40	2448	71.60	3419	99.30	24	0.70	3443	4.52
Gracemere	No	642	23.62	2076	76.38	2718	99.20	22	0.80	2740	3.60
Ilfracombe	No	16	13.22	105	86.78	121	100.00	0	0.00	121
	0.16
Jericho	No	14	11.02	113	88.98	127	99.22	1	0.78	128	0.17
Keppel Sands	No	61	19.93	245	80.07	306	99.67	1	0.33	307
	0.40
Kilcummin	No	7	8.75	73	91.25	80	100.00	0	0.00	80
	0.11
Koongal	No	183	24.14	575	75.86	758	100.00	0	0.00	758
	1.00
Lakes Creek	No	197	22.91	663	77.09	860	99.42	5	0.58	865	1.14
Longreach	No	434	24.99	1303	75.01	1737	99.37	11	0.63	1748	2.30
Marlborough	No	24	15.09	135	84.91	159	100.00	0	0.00	159
	0.21
Middlemount	No	272	31.09	603	68.91	875	99.77	2	0.23	877	1.15
Moranbah	No	364	26.92	988	73.08	1352	99.56	6	0.44	1358	1.78
Moranbah West	No	494	33.98	960	66.02	1454	99.52	7	0.48	1461
	1.92
Mount Archer	No	644	30.14	1493	69.86	2137	99.35	14	0.65	2151
	2.82
Muttaburra	No	13	20.63	50	79.37	63	98.44	1	1.56	64	0.08
Nebo	No	40	12.90	270	87.10	310	99.36	2	0.64	312	0.41
Norman Road	No	450	28.83	1111	71.17	1561	99.49	8	0.51	1569	2.06
North Rockhampton	No	971	26.66	2671	73.34	3642	99.51	18	0.49	3660
	4.81
Park Avenue	No	673	26.46	1870	73.54	2543	99.22	20	0.78	2563	3.37
Parkhurst	No	417	25.84	1197	74.16	1614	99.51	8	0.49	1622	2.13
Port Curtis	No	48	20.78	183	79.22	231	99.14	2	0.86	233	0.31
Ridgelands	No	35	20.47	136	79.53	171	100.00	0	0.00	171
	0.22
Rockhampton	No	177	31.16	391	68.84	568	99.30	4	0.70	572	0.75
Rockhampton Central	No	122	26.75	334	73.25	456	99.13	4	0.87
	460	0.60
Rockhampton High School	No	459	23.78	1471	76.22	1930	99.43	11	0.57
	1941	2.55
Rockhampton South	No	446	31.93	951	68.07	1397	99.43	8	0.57	1405
	1.84
St Brendan's College	No	248	28.02	637	71.98	885	99.33	6	0.67
	891	1.17
St Lawrence	No	22	15.38	121	84.62	143	98.62	2	1.38	145	0.19
Stanwell	No	42	17.00	205	83.00	247	100.00	0	0.00	247
	0.32
Taranganba	No	597	28.09	1528	71.91	2125	99.49	11	0.51	2136	2.80
The Caves	No	123	18.52	541	81.48	664	99.70	2	0.30	666	0.87
Tieri	No	182	31.06	404	68.94	586	99.49	3	0.51	589	0.77
Wandal	No	277	33.58	548	66.42	825	100.00	0	0.00	825
	1.08
Westwood	No	13	10.74	108	89.26	121	99.18	1	0.82	122	0.16
Winton	No	113	19.55	465	80.45	578	99.14	5	0.86	583	0.77
Yaamba	No	17	11.41	132	88.59	149	99.33	1	0.67	150	0.20
Yeppoon	No	1015	29.84	2387	70.16	3402	99.24	26	0.76	3428	4.50
Special Hospitals	No	186	30.79	418	69.21	604	96.95	19	3.05	623
	0.82
Total Ordinary	No	16492	26.49	45763	73.51	62255	99.35	406	0.65	62661
	82.27
ABSENT	No	1704	29.18	4135	70.82	5839	99.62	22	0.38	5861	7.70
POSTAL	No	872	20.37	3408	79.63	4280	99.23	33	0.77	4313	5.66
PRE_POLL	No	974	33.13	1966	66.87	2940	99.73	8	0.27	2948	3.87
PROVISIONAL	No	116	30.93	259	69.07	375	98.68	5	1.32	380	0.50
Division Summary	No	20158	26.63	55531	73.37	75689	99.38	474	0.62	76163
	94.94
