Referendum: 6 November 1999									
		
Referendum Results										
	
By Division by Polling Place									
		

"A proposed law for the Alteration of the Constitution, entitled"			
								
   the Constitutional Alteration (Preamble) 1999					
						
											
											
New South Wales											
Gwydir (73637)											

		Yes		No		Formal		Informal		Total	
Polling Place		                                                             
Votes	%	Votes	%	Votes	%	Votes	%	Votes	%
Ashford	No	102	22.72	347	77.28	449	99.78	1	0.22	450	0.65
Ashley	No	30	25.00	90	75.00	120	100.00	0	0.00	120
	0.17
Baan Baa	No	33	28.21	84	71.79	117	98.32	2	1.68	119	0.17
Balladoran	No	9	9.68	84	90.32	93	100.00	0	0.00	93
	0.13
Baradine	No	104	17.72	483	82.28	587	98.99	6	1.01	593	0.85
Barraba	No	350	26.72	960	73.28	1310	98.57	19	1.43	1329	1.90
Bellata	No	36	16.98	176	83.02	212	99.07	2	0.93	214	0.31
Bingara	No	300	25.77	864	74.23	1164	99.57	5	0.43	1169	1.68
Binnaway	No	129	28.41	325	71.59	454	99.34	3	0.66	457	0.66
Blackville	Yes	20	51.28	19	48.72	39	100.00	0	0.00	39
	0.06
Boggabilla	No	102	22.08	360	77.92	462	98.51	7	1.49	469	0.67
Boggabri	No	177	23.95	562	76.05	739	99.60	3	0.40	742	1.06
Bonshaw	No	12	17.39	57	82.61	69	100.00	0	0.00	69
	0.10
Boomi	No	36	24.32	112	75.68	148	100.00	0	0.00	148	0.21
Breeza	No	38	31.67	82	68.33	120	99.17	1	0.83	121	0.17
Buckaroo	No	76	29.80	179	70.20	255	100.00	0	0.00	255
	0.37
Bugaldie	No	31	28.18	79	71.82	110	100.00	0	0.00	110
	0.16
Bullarah	No	22	25.00	66	75.00	88	100.00	0	0.00	88
	0.13
Burren Junction	No	29	17.06	141	82.94	170	100.00	0	0.00
	170	0.24
Carinda	No	19	20.00	76	80.00	95	100.00	0	0.00	95
	0.14
Carroll	No	52	25.62	151	74.38	203	99.02	2	0.98	205	0.29
Cassilis	No	39	18.93	167	81.07	206	99.04	2	0.96	208	0.30
Collarenebri	No	95	25.00	285	75.00	380	98.96	4	1.04	384
	0.55
Coolah	No	241	29.21	584	70.79	825	99.64	3	0.36	828	1.19
Coolatai	No	16	18.39	71	81.61	87	100.00	0	0.00	87
	0.12
Coonabarabran	No	556	25.22	1649	74.78	2205	99.06	21	0.94	2226
	3.19
Coonamble	No	452	23.89	1440	76.11	1892	99.11	17	0.89	1909	2.74
Croppa Creek	No	50	35.71	90	64.29	140	99.29	1	0.71	141
	0.20
Cumborah	No	22	19.30	92	80.70	114	99.13	1	0.87	115	0.16
Curban	No	13	12.50	91	87.50	104	100.00	0	0.00	104
	0.15
Curlewis	No	90	22.56	309	77.44	399	99.25	3	0.75	402	0.58
Currabubula	No	50	26.04	142	73.96	192	100.00	0	0.00	192
	0.28
Dangar Village	No	234	23.56	759	76.44	993	99.10	9	0.90	1002
	1.44
Delungra	No	80	20.46	311	79.54	391	100.00	0	0.00	391
	0.56
Dunedoo	No	215	27.49	567	72.51	782	99.49	4	0.51	786	1.13
Edgeroi	No	29	21.48	106	78.52	135	100.00	0	0.00	135
	0.19
Elong Elong	No	18	16.67	90	83.33	108	100.00	0	0.00	108
	0.15
Eulah Creek	No	11	32.35	23	67.65	34	100.00	0	0.00	34
	0.05
Fairfax	No	15	14.85	86	85.15	101	100.00	0	0.00	101
	0.14
Garah	No	22	13.02	147	86.98	169	97.69	4	2.31	173	0.25
Geurie	No	91	20.68	349	79.32	440	100.00	0	0.00	440
	0.63
Gilgandra	No	373	19.68	1522	80.32	1895	99.37	12	0.63	1907	2.73
Gollan	No	13	15.12	73	84.88	86	100.00	0	0.00	86
	0.12
Goolma	No	30	21.90	107	78.10	137	100.00	0	0.00	137
	0.20
Graman	No	15	20.27	59	79.73	74	100.00	0	0.00	74
	0.11
Gravesend	No	46	25.41	135	74.59	181	99.45	1	0.55	182	0.26
Gulargambone	No	110	24.77	334	75.23	444	100.00	0	0.00
	444	0.64
Gulgong	No	582	30.31	1338	69.69	1920	99.33	13	0.67	1933	2.77
Gunnedah	No	957	28.99	2344	71.01	3301	99.40	20	0.60	3321	4.76
Gunnedah High	No	278	29.86	653	70.14	931	99.25	7	0.75	938
	1.34
Gunnedah South	No	295	30.51	672	69.49	967	99.59	4	0.41	971
	1.39
Gurley	No	15	14.85	86	85.15	101	100.00	0	0.00	101
	0.14
Gwabegar	No	24	16.11	125	83.89	149	98.68	2	1.32	151	0.22
Hargraves	No	43	25.29	127	74.71	170	100.00	0	0.00	170
	0.24
Kelvin	No	44	35.77	79	64.23	123	100.00	0	0.00	123
	0.18
Leadville	No	15	16.13	78	83.87	93	98.94	1	1.06	94	0.13
Lightning Ridge	No	452	31.11	1001	68.89	1453	99.11	13	0.89	1466
	2.10
Lue	No	34	35.79	61	64.21	95	100.00	0	0.00	95	0.14
Manilla	No	471	26.67	1295	73.33	1766	99.16	15	0.84	1781	2.55
Mendooran	No	102	23.18	338	76.82	440	99.55	2	0.45	442	0.63
Montefiores	No	77	30.43	176	69.57	253	100.00	0	0.00	253
	0.36
Moree	No	667	29.64	1583	70.36	2250	99.16	19	0.84	2269	3.25
Moree East	No	395	25.30	1166	74.70	1561	99.36	10	0.64	1571	2.25
Moree West	No	375	28.20	955	71.80	1330	99.03	13	0.97	1343	1.92
Mudgee	No	746	34.47	1418	65.53	2164	99.40	13	0.60	2177	3.12
Mudgee High School	No	622	32.89	1269	67.11	1891	98.75	24	1.25
	1915	2.74
Mudgee South	No	632	32.95	1286	67.05	1918	99.48	10	0.52	1928
	2.76
Mullaley	No	48	21.33	177	78.67	225	98.68	3	1.32	228	0.33
Mungindi	No	104	24.24	325	75.76	429	99.54	2	0.46	431	0.62
Narrabri	No	620	27.84	1607	72.16	2227	99.20	18	0.80	2245	3.22
Narrabri West	No	198	17.71	920	82.29	1118	99.55	5	0.45	1123
	1.61
North Star	No	27	14.36	161	85.64	188	98.95	2	1.05	190	0.27
Pallamallawa	No	78	22.81	264	77.19	342	99.42	2	0.58	344
	0.49
Pilliga	No	26	17.69	121	82.31	147	100.00	0	0.00	147
	0.21
Premer	No	16	17.20	77	82.80	93	91.18	9	8.82	102	0.15
Purlewaugh	No	42	27.63	110	72.37	152	99.35	1	0.65	153	0.22
Quambone	No	24	26.97	65	73.03	89	100.00	0	0.00	89
	0.13
Rowena	No	25	31.25	55	68.75	80	100.00	0	0.00	80
	0.11
Sydney (Gwydir)	No	20	48.78	21	51.22	41	97.62	1	2.38	42
	0.06
Tambar Springs	No	36	27.69	94	72.31	130	100.00	0	0.00
	130	0.19
Terry Hie Hie	No	16	20.51	62	79.49	78	100.00	0	0.00	78
	0.11
Tooraweenah	No	48	21.05	180	78.95	228	100.00	0	0.00	228
	0.33
Tulloona	No	26	32.50	54	67.50	80	100.00	0	0.00	80
	0.11
Ulan	No	58	31.52	126	68.48	184	99.46	1	0.54	185	0.27
Upper Horton	No	13	14.44	77	85.56	90	98.90	1	1.10	91
	0.13
Walgett	No	242	21.76	870	78.24	1112	99.37	7	0.63	1119	1.60
Warialda	No	267	25.07	798	74.93	1065	99.25	8	0.75	1073	1.54
Warialda Rail	No	9	15.00	51	85.00	60	100.00	0	0.00	60
	0.09
Wee Waa	No	344	25.24	1019	74.76	1363	99.42	8	0.58	1371	1.97
Wellington	No	566	27.66	1480	72.34	2046	99.42	12	0.58	2058	2.95
Wellington Hospital	No	219	29.24	530	70.76	749	99.21	6	0.79
	755	1.08
Werris Creek	No	284	29.34	684	70.66	968	99.49	5	0.51	973
	1.39
Windeyer	No	45	25.71	130	74.29	175	100.00	0	0.00	175
	0.25
Wollar	No	35	23.18	116	76.82	151	98.69	2	1.31	153	0.22
Yetman	No	22	14.47	130	85.53	152	100.00	0	0.00	152
	0.22
Special Hospitals	No	203	34.12	392	65.88	595	98.84	7	1.16	602
	0.86
Total Ordinary	No	15120	26.64	41631	73.36	56751	99.30	399	0.70	57150
	81.92
ABSENT	No	1724	33.06	3490	66.94	5214	99.58	22	0.42	5236	7.50
POSTAL	No	685	25.05	2049	74.95	2734	99.74	7	0.26	2741	3.93
PRE_POLL	No	1210	28.87	2981	71.13	4191	99.69	13	0.31	4204	6.03
PROVISIONAL	No	155	35.71	279	64.29	434	99.54	2	0.46	436	0.62
Division Summary	No	18894	27.25	50430	72.75	69324	99.37	443	0.63	69767
	94.74
