Referendum: 6 November 1999									
		
Referendum Results										
	
By Division by Polling Place									
		

"A proposed law for the Alteration of the Constitution, entitled"			
								
   the Constitutional Alteration (Establishment of Republic) 1999			
								
											
											
Victoria											
Burke (84099)											

		Yes		No		Formal		Informal		Total	
Polling Place		Votes	%	Votes	%	Votes	%	Votes	%	Votes	%
Bacchus Marsh	No	1918	43.87	2454	56.13	4372	98.65	60	1.35	4432
	5.51
Bolinda	No	76	35.02	141	64.98	217	99.54	1	0.46	218	0.27
Bullengarook	Yes	178	52.51	161	47.49	339	99.71	1	0.29	340
	0.42
Clarkefield	No	68	40.48	100	59.52	168	99.41	1	0.59	169	0.21
Coburn	No	1430	41.64	2004	58.36	3434	98.68	46	1.32	3480	4.33
Darley	No	1317	44.63	1634	55.37	2951	98.89	33	1.11	2984	3.71
Darraweit Guim	No	76	46.63	87	53.37	163	99.39	1	0.61	164
	0.20
Deer Park	Yes	359	55.32	290	44.68	649	99.24	5	0.76	654	0.81
Deer Park Central	Yes	1298	51.84	1206	48.16	2504	98.86	29	1.14	2533
	3.15
Deer Park West	Yes	2170	51.12	2075	48.88	4245	98.95	45	1.05	4290
	5.33
Gisborne	No	1622	48.88	1696	51.12	3318	99.40	20	0.60	3338	4.15
Killara	Yes	402	50.50	394	49.50	796	99.25	6	0.75	802	1.00
Kurunjang	No	860	45.38	1035	54.62	1895	98.65	26	1.35	1921	2.39
Kyneton	No	1332	37.29	2240	62.71	3572	99.36	23	0.64	3595	4.47
Lancefield	No	501	39.79	758	60.21	1259	99.37	8	0.63	1267	1.57
Macedon	Yes	548	51.17	523	48.83	1071	99.54	5	0.46	1076	1.34
Malmsbury	No	163	47.25	182	52.75	345	99.14	3	0.86	348	0.43
Melbourne (Burke)	Yes	60	63.83	34	36.17	94	100.00	0	0.00	94
	0.12
Melton	No	1679	42.12	2307	57.88	3986	98.59	57	1.41	4043	5.03
Melton Central	No	137	42.15	188	57.85	325	97.60	8	2.40	333
	0.41
Melton South	No	1340	42.87	1786	57.13	3126	98.64	43	1.36	3169
	3.94
Mount Macedon	Yes	317	52.57	286	47.43	603	99.01	6	0.99	609
	0.76
Myrniong	No	97	48.99	101	51.01	198	100.00	0	0.00	198
	0.25
New Gisborne	Yes	548	50.32	541	49.68	1089	99.82	2	0.18	1091
	1.36
Newham	No	142	42.26	194	57.74	336	97.96	7	2.04	343	0.43
Riddell	No	782	46.97	883	53.03	1665	98.99	17	1.01	1682	2.09
Rockbank	No	430	43.30	563	56.70	993	98.71	13	1.29	1006	1.25
Romsey	No	785	40.07	1174	59.93	1959	99.19	16	0.81	1975	2.46
Rowsley	No	36	27.07	97	72.93	133	99.25	1	0.75	134	0.17
Sunbury	No	1124	48.30	1203	51.70	2327	98.56	34	1.44	2361	2.93
Sunbury East	No	764	43.12	1008	56.88	1772	99.16	15	0.84	1787
	2.22
Sunbury Heights	No	1005	44.93	1232	55.07	2237	98.89	25	1.11	2262
	2.81
Sunbury North	Yes	946	51.69	884	48.31	1830	99.62	7	0.38	1837
	2.28
Sunbury West	No	2112	44.32	2653	55.68	4765	99.13	42	0.87	4807
	5.98
Toolern	No	131	39.22	203	60.78	334	99.70	1	0.30	335	0.42
Trentham	No	197	30.12	457	69.88	654	99.09	6	0.91	660	0.82
Tylden	No	172	46.49	198	53.51	370	98.93	4	1.07	374	0.46
Wedge Park	No	688	43.71	886	56.29	1574	98.68	21	1.32	1595	1.98
Westmelton	No	1304	40.31	1931	59.69	3235	99.02	32	0.98	3267	4.06
Woodend	No	1468	49.78	1481	50.22	2949	99.06	28	0.94	2977	3.70
Special Hospitals	No	15	38.46	24	61.54	39	100.00	0	0.00	39
	0.05
Total Ordinary	No	30597	45.07	37294	54.93	67891	98.98	698	1.02	68589
	85.26
ABSENT	No	2796	48.19	3006	51.81	5802	99.38	36	0.62	5838	7.26
POSTAL	No	712	33.19	1433	66.81	2145	99.63	8	0.37	2153	2.68
PRE_POLL	No	1551	43.71	1997	56.29	3548	99.55	16	0.45	3564	4.43
PROVISIONAL	No	144	48.16	155	51.84	299	99.01	3	0.99	302	0.38
Division Summary	No	35800	44.93	43885	55.07	79685	99.05	761	0.95	80446
	95.66
