Referendum: 6 November 1999									
		
Referendum Results										
	
By Division by Polling Place									
		

"A proposed law for the Alteration of the Constitution, entitled"			
								
   the Constitutional Alteration (Establishment of Republic) 1999			
								
											
											
New South Wales											
Charlton (87830)											

		Yes		No		Formal		Informal		Total	
Polling Place		Votes	%	Votes	%	Votes	%	Votes	%	Votes	%
Ambleside	Yes	714	51.70	667	48.30	1381	99.50	7	0.50	1388	1.64
Arcadia Vale	No	376	44.82	463	55.18	839	98.71	11	1.29	850
	1.00
Argenton	No	350	43.21	460	56.79	810	98.90	9	1.10	819	0.97
Awaba	No	115	41.07	165	58.93	280	99.64	1	0.36	281	0.33
Barnsley	No	429	38.34	690	61.66	1119	98.94	12	1.06	1131	1.33
Blackalls	No	650	43.16	856	56.84	1506	98.95	16	1.05	1522	1.80
Bolton Point	No	301	40.68	439	59.32	740	99.60	3	0.40	743
	0.88
Bonnells Bay	No	1044	39.15	1623	60.85	2667	99.48	14	0.52	2681
	3.16
Booragul	No	525	42.93	698	57.07	1223	99.27	9	0.73	1232	1.45
Booragul Homes	No	25	24.04	79	75.96	104	99.05	1	0.95	105
	0.12
Cardiff	No	1036	46.39	1197	53.61	2233	98.76	28	1.24	2261	2.67
Cardiff East	No	379	44.12	480	55.88	859	99.19	7	0.81	866
	1.02
Cardiff Heights	Yes	765	52.40	695	47.60	1460	99.46	8	0.54	1468
	1.73
Cardiff North	No	629	45.48	754	54.52	1383	99.00	14	1.00	1397
	1.65
Cardiff South	No	706	44.07	896	55.93	1602	99.32	11	0.68	1613
	1.90
Carey Bay	No	465	44.97	569	55.03	1034	98.85	12	1.15	1046	1.23
Coal Point	Yes	432	50.59	422	49.41	854	99.19	7	0.81	861	1.02
Cooranbong	No	313	39.72	475	60.28	788	99.37	5	0.63	793	0.94
Dora Creek	No	520	41.43	735	58.57	1255	99.37	8	0.63	1263	1.49
Edgeworth	No	1580	40.37	2334	59.63	3914	98.91	43	1.09	3957	4.67
Elermore Vale	No	1005	46.64	1150	53.36	2155	98.67	29	1.33	2184
	2.58
Fassifern	No	284	45.44	341	54.56	625	98.43	10	1.57	635	0.75
Fennell Bay	No	386	35.71	695	64.29	1081	98.81	13	1.19	1094	1.29
Garden Suburb (Charlton)	No	571	48.68	602	51.32	1173	99.58	5
	0.42	1178	1.39
Glendale	No	163	41.48	230	58.52	393	99.49	2	0.51	395	0.47
Glendale East	No	686	44.40	859	55.60	1545	98.98	16	1.02	1561
	1.84
Hawkins Village	No	413	35.57	748	64.43	1161	99.57	5	0.43	1166
	1.38
Hillsborough (Charlton)	No	255	45.95	300	54.05	555	99.46	3	0.54
	558	0.66
Kilaben Bay	No	359	45.91	423	54.09	782	99.74	2	0.26	784	0.92
Killingworth	No	153	40.80	222	59.20	375	98.68	5	1.32	380
	0.45
Martinsville	No	84	44.21	106	55.79	190	99.48	1	0.52	191
	0.23
Maryland	No	1281	45.23	1551	54.77	2832	98.88	32	1.12	2864	3.38
Morisset	No	628	39.25	972	60.75	1600	98.46	25	1.54	1625	1.92
Mount Hutton (Charlton)	No	159	44.92	195	55.08	354	98.88	4	1.12
	358	0.42
New Lambton Heights	Yes	377	60.22	249	39.78	626	99.21	5	0.79
	631	0.74
Pittown	No	322	43.87	412	56.13	734	99.19	6	0.81	740	0.87
Plattsburg	No	912	42.22	1248	57.78	2160	98.59	31	1.41	2191	2.58
Rathmines	No	1116	47.53	1232	52.47	2348	99.24	18	0.76	2366	2.79
Speers Point	No	925	40.27	1372	59.73	2297	99.14	20	0.86	2317
	2.73
Sunshine	No	291	41.39	412	58.61	703	98.74	9	1.26	712	0.84
Sydney (Charlton)	Yes	23	62.16	14	37.84	37	100.00	0	0.00	37
	0.04
Teralba	No	366	40.31	542	59.69	908	99.34	6	0.66	914	1.08
Toronto	No	202	45.50	242	54.50	444	99.11	4	0.89	448	0.53
Toronto North	No	410	40.24	609	59.76	1019	98.74	13	1.26	1032
	1.22
Toronto West	No	465	40.43	685	59.57	1150	98.97	12	1.03	1162
	1.37
Wallsend	No	1056	41.67	1478	58.33	2534	98.52	38	1.48	2572	3.03
Wallsend Hospital	No	285	40.83	413	59.17	698	99.01	7	0.99	705
	0.83
Wallsend South	Yes	1638	54.38	1374	45.62	3012	99.24	23	0.76	3035
	3.58
Wangi Wangi	No	801	47.09	900	52.91	1701	99.24	13	0.76	1714	2.02
Warners Bay	No	1253	49.06	1301	50.94	2554	99.11	23	0.89	2577	3.04
Warners Bay Central (Charlton)	No	606	47.60	667	52.40	1273	99.61	5
	0.39	1278	1.51
West Wallsend	No	750	39.72	1138	60.28	1888	98.85	22	1.15	1910
	2.25
Whitegates	Yes	465	50.49	456	49.51	921	98.50	14	1.50	935	1.10
Woodrising	No	230	46.00	270	54.00	500	99.60	2	0.40	502	0.59
Wyee	No	413	36.45	720	63.55	1133	98.52	17	1.48	1150	1.36
Wyee Point	No	100	36.63	173	63.37	273	97.85	6	2.15	279	0.33
Special Hospitals	No	162	34.11	313	65.89	475	99.37	3	0.63	478
	0.56
Total Ordinary	No	30949	44.05	39311	55.95	70260	99.05	675	0.95	70935
	83.68
ABSENT	No	2687	49.58	2733	50.42	5420	99.38	34	0.62	5454	6.43
POSTAL	No	996	34.84	1863	65.16	2859	99.65	10	0.35	2869	3.38
PRE_POLL	No	1913	37.45	3195	62.55	5108	99.67	17	0.33	5125	6.05
PROVISIONAL	No	175	45.93	206	54.07	381	99.22	3	0.78	384	0.45
Division Summary	No	36720	43.70	47308	56.30	84028	99.13	739	0.87	84767
	96.51
