Referendum: 6 November 1999									
		
Referendum Results										
	
By Division by Polling Place									
		

"A proposed law for the Alteration of the Constitution, entitled"			
								
   the Constitutional Alteration (Preamble) 1999					
						
											
											
New South Wales											
Lowe (84056)											

		Yes		No		Formal		Informal		Total	
Polling Place		                                                             
Votes	%	Votes	%	Votes	%	Votes	%	Votes	%
Abbotsford	Yes	1678	51.46	1583	48.54	3261	99.00	33	1.00	3294	4.14
Burwood	Yes	2144	56.38	1659	43.62	3803	98.86	44	1.14	3847	4.84
Burwood East	Yes	1510	54.87	1242	45.13	2752	98.22	50	1.78	2802
	3.52
Burwood North	No	152	44.57	189	55.43	341	99.13	3	0.87	344
	0.43
Burwood Park	Yes	498	55.03	407	44.97	905	99.34	6	0.66	911
	1.15
Canada Bay	No	341	49.14	353	50.86	694	98.86	8	1.14	702	0.88
Chiswick	No	751	49.93	753	50.07	1504	98.95	16	1.05	1520	1.91
Chullora South	No	150	39.58	229	60.42	379	99.21	3	0.79	382
	0.48
Concord	No	542	47.29	604	52.71	1146	98.88	13	1.12	1159	1.46
Concord Central	Yes	511	53.40	446	46.60	957	98.56	14	1.44	971
	1.22
Concord East	Yes	1170	50.98	1125	49.02	2295	98.75	29	1.25	2324
	2.92
Concord North	No	479	48.19	515	51.81	994	99.30	7	0.70	1001
	1.26
Concord Repatriation Hospital	No	82	45.05	100	54.95	182	97.85	4
	2.15	186	0.23
Concord West	No	741	48.69	781	51.31	1522	99.09	14	0.91	1536
	1.93
Croydon	Yes	503	54.32	423	45.68	926	98.62	13	1.38	939	1.18
Croydon Park	No	975	49.85	981	50.15	1956	98.89	22	1.11	1978
	2.49
Croydon South	No	443	49.39	454	50.61	897	98.57	13	1.43	910
	1.14
Dobroyd Point	No	701	48.11	756	51.89	1457	98.65	20	1.35	1477
	1.86
Drummoyne	Yes	1156	53.08	1022	46.92	2178	98.37	36	1.63	2214	2.78
Drummoyne East	Yes	598	52.46	542	47.54	1140	99.39	7	0.61	1147
	1.44
Drummoyne North	No	1274	49.92	1278	50.08	2552	98.99	26	1.01	2578
	3.24
Enfield	Yes	906	50.78	878	49.22	1784	98.35	30	1.65	1814	2.28
Enfield South	No	746	48.13	804	51.87	1550	97.67	37	2.33	1587
	2.00
Enfield West	No	681	43.68	878	56.32	1559	98.98	16	1.02	1575
	1.98
Five Dock	Yes	988	50.74	959	49.26	1947	98.63	27	1.37	1974	2.48
Five Dock Central	Yes	1127	52.06	1038	47.94	2165	98.95	23	1.05	2188
	2.75
Flemington	Yes	611	53.36	534	46.64	1145	98.79	14	1.21	1159	1.46
Haberfield	Yes	830	52.66	746	47.34	1576	98.13	30	1.87	1606	2.02
Haberfield West	Yes	539	53.26	473	46.74	1012	98.54	15	1.46	1027
	1.29
Homebush	Yes	1222	52.92	1087	47.08	2309	98.80	28	1.20	2337	2.94
Homebush North	Yes	280	52.04	258	47.96	538	98.53	8	1.47	546
	0.69
Homebush South	Yes	365	51.55	343	48.45	708	99.44	4	0.56	712
	0.90
Malvern Hill	Yes	807	51.80	751	48.20	1558	99.49	8	0.51	1566
	1.97
Mortlake	No	965	47.51	1066	52.49	2031	99.22	16	0.78	2047	2.57
Rhodes	No	124	43.36	162	56.64	286	99.31	2	0.69	288	0.36
Russell Lea	No	642	49.73	649	50.27	1291	98.47	20	1.53	1311	1.65
Strathfield	Yes	708	52.29	646	47.71	1354	98.19	25	1.81	1379	1.73
Strathfield Central	Yes	1183	54.74	978	45.26	2161	99.17	18	0.83
	2179	2.74
Strathfield City	Yes	356	52.43	323	47.57	679	99.71	2	0.29	681
	0.86
Strathfield North	Yes	1427	54.01	1215	45.99	2642	98.80	32	1.20	2674
	3.36
Strathfield South	Yes	899	52.63	809	47.37	1708	98.67	23	1.33	1731
	2.18
Strathfield West	No	419	45.20	508	54.80	927	98.93	10	1.07	937
	1.18
Sydney (Lowe)	Yes	150	54.74	124	45.26	274	97.51	7	2.49	281
	0.35
Wareemba	Yes	697	52.48	631	47.52	1328	98.59	19	1.41	1347	1.69
Wellbank	Yes	684	51.31	649	48.69	1333	99.11	12	0.89	1345	1.69
Special Hospitals	No	98	39.52	150	60.48	248	95.38	12	4.62	260
	0.33
Total Ordinary	Yes	33853	51.33	32101	48.67	65954	98.77	819	1.23	66773
	83.97
ABSENT	Yes	2975	50.32	2937	49.68	5912	99.28	43	0.72	5955	7.49
POSTAL	No	999	40.06	1495	59.94	2494	99.60	10	0.40	2504	3.15
PRE_POLL	Yes	1899	51.38	1797	48.62	3696	99.70	11	0.30	3707	4.66
PROVISIONAL	Yes	296	51.66	277	48.34	573	98.45	9	1.55	582	0.73
Division Summary	Yes	40022	50.90	38607	49.10	78629	98.88	892	1.12	79521
	94.60
