Referendum: 6 November 1999									
		
Referendum Results										
	
By Division by Polling Place									
		

"A proposed law for the Alteration of the Constitution, entitled"			
								
   the Constitutional Alteration (Establishment of Republic) 1999			
								
											
											
New South Wales											
Barton (83840)											

		Yes		No		Formal		Informal		Total	
Polling Place		Votes	%	Votes	%	Votes	%	Votes	%	Votes	%
Allawah	Yes	919	59.44	627	40.56	1546	98.66	21	1.34	1567	1.97
Allawah South	Yes	589	54.04	501	45.96	1090	98.55	16	1.45	1106
	1.39
Arncliffe	Yes	657	55.68	523	44.32	1180	98.91	13	1.09	1193	1.50
Arncliffe East	Yes	570	54.55	475	45.45	1045	97.85	23	2.15	1068
	1.34
Athelstane	Yes	1744	57.94	1266	42.06	3010	98.53	45	1.47	3055	3.84
Bald Face	No	724	49.42	741	50.58	1465	99.12	13	0.88	1478	1.86
Banksia	Yes	1040	55.91	820	44.09	1860	97.89	40	2.11	1900	2.39
Bell Park	Yes	395	54.41	331	45.59	726	98.78	9	1.22	735	0.92
Bexley	Yes	1332	52.65	1198	47.35	2530	98.14	48	1.86	2578	3.24
Bexley Central	Yes	462	53.72	398	46.28	860	98.51	13	1.49	873
	1.10
Bexley East	Yes	216	63.16	126	36.84	342	98.84	4	1.16	346	0.44
Blakehurst	No	425	48.41	453	51.59	878	99.10	8	0.90	886	1.11
Bona Park	No	330	43.88	422	56.12	752	99.47	4	0.53	756	0.95
Brighton-Le-Sands	Yes	1378	54.77	1138	45.23	2516	98.98	26	1.02	2542
	3.20
Brighton North	No	656	48.06	709	51.94	1365	99.06	13	0.94	1378
	1.73
Carlton	Yes	1159	56.32	899	43.68	2058	98.85	24	1.15	2082	2.62
Carlton North	Yes	665	54.33	559	45.67	1224	98.95	13	1.05	1237
	1.56
Carss Park	No	458	47.91	498	52.09	956	98.86	11	1.14	967	1.22
Clareville Park	No	1028	43.50	1335	56.50	2363	99.29	17	0.71	2380
	2.99
Connells Point	No	1435	49.88	1442	50.12	2877	99.24	22	0.76	2899
	3.65
Hurstville Central	Yes	787	54.24	664	45.76	1451	98.77	18	1.23
	1469	1.85
Hurstville Grove	Yes	1241	52.79	1110	47.21	2351	99.07	22	0.93	2373
	2.98
Hurstville South	No	177	45.50	212	54.50	389	99.49	2	0.51	391
	0.49
Jubilee	Yes	1678	54.53	1399	45.47	3077	98.78	38	1.22	3115	3.92
Kogarah	Yes	566	57.29	422	42.71	988	99.50	5	0.50	993	1.25
Kogarah Bay	No	484	45.28	585	54.72	1069	98.89	12	1.11	1081	1.36
Kogarah Central	Yes	842	59.84	565	40.16	1407	99.36	9	0.64	1416
	1.78
Kyeemagh	No	483	46.94	546	53.06	1029	98.66	14	1.34	1043	1.31
Monterey	Yes	1147	50.91	1106	49.09	2253	99.08	21	0.92	2274	2.86
Moorefield	No	432	47.58	476	52.42	908	98.70	12	1.30	920	1.16
Mortdale East	Yes	560	51.76	522	48.24	1082	99.18	9	0.82	1091
	1.37
Oatley (Barton)	Yes	1185	50.90	1143	49.10	2328	99.36	15	0.64	2343
	2.95
Ramsgate North	No	881	45.04	1075	54.96	1956	99.09	18	0.91	1974
	2.48
Rockdale	Yes	1005	56.15	785	43.85	1790	98.30	31	1.70	1821	2.29
Rockdale Central	Yes	941	55.65	750	44.35	1691	98.60	24	1.40	1715
	2.16
Rockdale Park	Yes	509	52.47	461	47.53	970	97.88	21	2.12	991
	1.25
Rockdale West	Yes	1030	54.93	845	45.07	1875	97.91	40	2.09	1915
	2.41
St Cuthbert's	Yes	974	50.26	964	49.74	1938	98.93	21	1.07	1959
	2.46
St George Hospital	Yes	95	55.56	76	44.44	171	97.71	4	2.29
	175	0.22
Sans Souci	No	1094	49.41	1120	50.59	2214	98.44	35	1.56	2249	2.83
Sans Souci North	No	992	46.03	1163	53.97	2155	99.08	20	0.92	2175
	2.74
South Haven	Yes	394	52.32	359	47.68	753	97.92	16	2.08	769	0.97
Sydney (Barton)	Yes	115	63.54	66	36.46	181	98.37	3	1.63	184
	0.23
The Mall	No	399	43.99	508	56.01	907	99.67	3	0.33	910	1.14
Turrella	Yes	587	56.88	445	43.12	1032	98.01	21	1.99	1053	1.32
Special Hospitals	No	109	27.39	289	72.61	398	98.76	5	1.24	403
	0.51
Total Ordinary	Yes	34889	52.07	32117	47.93	67006	98.79	822	1.21	67828
	85.31
ABSENT	Yes	2680	55.16	2179	44.84	4859	99.43	28	0.57	4887	6.15
POSTAL	No	788	35.27	1446	64.73	2234	99.64	8	0.36	2242	2.82
PRE_POLL	Yes	2065	51.06	1979	48.94	4044	99.46	22	0.54	4066	5.11
PROVISIONAL	Yes	269	56.28	209	43.72	478	98.56	7	1.44	485	0.61
Division Summary	Yes	40691	51.76	37930	48.24	78621	98.88	887	1.12	79508
	94.83
