Referendum: 6 November 1999									
		
Referendum Results										
	
By Division by Polling Place									
		

"A proposed law for the Alteration of the Constitution, entitled"			
								
   the Constitutional Alteration (Establishment of Republic) 1999			
								
											
											
Queensland											
Wide Bay (78425)											

		Yes		No		Formal		Informal		Total	
Polling Place		Votes	%	Votes	%	Votes	%	Votes	%	Votes	%
Baddow	No	489	24.09	1541	75.91	2030	99.71	6	0.29	2036	2.73
Banana	No	23	14.11	140	85.89	163	100.00	0	0.00	163
	0.22
Bancroft	No	9	8.33	99	91.67	108	100.00	0	0.00	108
	0.14
Baralaba	No	51	18.09	231	81.91	282	99.65	1	0.35	283	0.38
Bauple	No	93	30.39	213	69.61	306	99.03	3	0.97	309	0.41
Bell Hilltop	No	381	27.45	1007	72.55	1388	99.43	8	0.57	1396
	1.87
Biggenden	No	133	17.16	642	82.84	775	99.23	6	0.77	781	1.05
Biloela	No	991	28.81	2449	71.19	3440	99.31	24	0.69	3464	4.64
Binjour	No	13	10.16	115	89.84	128	99.22	1	0.78	129	0.17
Boondooma	No	25	18.66	109	81.34	134	98.53	2	1.47	136	0.18
Boonooroo	No	92	25.63	267	74.37	359	99.17	3	0.83	362	0.48
Brisbane City (Wide Bay)	Yes	42	64.62	23	35.38	65	100.00	0
	0.00	65	0.09
Brooweena	No	27	15.43	148	84.57	175	99.43	1	0.57	176	0.24
Bullyard	No	51	23.08	170	76.92	221	100.00	0	0.00	221
	0.30
Burrum Heads	No	113	21.00	425	79.00	538	100.00	0	0.00
	538	0.72
Cherbourg	No	87	22.25	304	77.75	391	99.24	3	0.76	394	0.53
Cloyna	No	24	11.71	181	88.29	205	100.00	0	0.00	205
	0.27
Coalstoun Lakes	No	22	20.95	83	79.05	105	100.00	0	0.00
	105	0.14
Curra	No	117	27.46	309	72.54	426	99.07	4	0.93	430	0.58
Dululu	No	15	13.27	98	86.73	113	100.00	0	0.00	113
	0.15
Dundowran	No	217	28.74	538	71.26	755	99.34	5	0.66	760	1.02
Eidsvold	No	64	14.32	383	85.68	447	99.33	3	0.67	450	0.60
Gayndah	No	243	18.31	1084	81.69	1327	98.66	18	1.34	1345	1.80
Gin Gin	No	305	21.57	1109	78.43	1414	99.37	9	0.63	1423	1.91
Glenwood	No	79	25.08	236	74.92	315	99.06	3	0.94	318	0.43
Goomeri	No	46	10.72	383	89.28	429	99.77	1	0.23	430	0.58
Goovigen	No	19	11.24	150	88.76	169	99.41	1	0.59	170	0.23
Granville	No	462	24.92	1392	75.08	1854	99.52	9	0.48	1863	2.50
Gunalda	No	81	23.08	270	76.92	351	100.00	0	0.00	351
	0.47
Gundiah	No	28	20.44	109	79.56	137	98.56	2	1.44	139	0.19
Howard	No	287	24.43	888	75.57	1175	99.32	8	0.68	1183	1.58
Jambin	No	22	10.33	191	89.67	213	100.00	0	0.00	213
	0.29
Kawungan	No	790	31.20	1742	68.80	2532	99.18	21	0.82	2553	3.42
Kilkivan	No	86	19.41	357	80.59	443	99.55	2	0.45	445	0.60
Lawgi	No	6	5.83	97	94.17	103	100.00	0	0.00	103	0.14
Maryborough	No	1055	27.10	2838	72.90	3893	99.16	33	0.84	3926	5.26
Maryborough West	No	560	24.28	1746	75.72	2306	99.27	17	0.73	2323
	3.11
Mondure	No	27	13.78	169	86.22	196	100.00	0	0.00	196
	0.26
Monto	No	160	14.87	916	85.13	1076	99.81	2	0.19	1078	1.44
Moonford	No	25	28.09	64	71.91	89	100.00	0	0.00	89
	0.12
Mount Perry	No	35	13.89	217	86.11	252	99.21	2	0.79	254	0.34
Moura	No	258	24.59	791	75.41	1049	99.06	10	0.94	1059	1.42
Mulgildie	No	35	13.89	217	86.11	252	99.60	1	0.40	253	0.34
Mundubbera	No	242	21.76	870	78.24	1112	99.29	8	0.71	1120	1.50
Mungar	No	85	22.49	293	77.51	378	100.00	0	0.00	378
	0.51
Murgon	No	304	18.86	1308	81.14	1612	99.57	7	0.43	1619	2.17
Pialba	No	1025	30.44	2342	69.56	3367	99.32	23	0.68	3390	4.54
Point Vernon	No	524	30.66	1185	69.34	1709	99.13	15	0.87	1724
	2.31
Proston	No	74	18.32	330	81.68	404	99.75	1	0.25	405	0.54
Rainbow Beach	No	142	30.87	318	69.13	460	99.35	3	0.65	463
	0.62
St Helens	No	147	23.19	487	76.81	634	98.60	9	1.40	643	0.86
Scarness	No	277	24.05	875	75.95	1152	99.40	7	0.60	1159	1.55
Tansey	No	19	12.34	135	87.66	154	98.72	2	1.28	156	0.21
Thangool	No	87	20.81	331	79.19	418	99.29	3	0.71	421	0.56
Theodore	No	80	13.84	498	86.16	578	98.80	7	1.20	585	0.78
Tiaro	No	92	19.78	373	80.22	465	98.52	7	1.48	472	0.63
Tinana	No	543	25.78	1563	74.22	2106	99.67	7	0.33	2113	2.83
Tin Can Bay	No	426	28.48	1070	71.52	1496	99.53	7	0.47	1503	2.01
Toogoom	No	181	35.21	333	64.79	514	99.23	4	0.77	518	0.69
Torbanlea	No	89	21.81	319	78.19	408	99.51	2	0.49	410	0.55
Torquay	No	1221	32.58	2527	67.42	3748	99.34	25	0.66	3773	5.05
Urangan	No	1190	32.13	2514	67.87	3704	99.38	23	0.62	3727	4.99
Urraween	No	398	28.63	992	71.37	1390	99.21	11	0.79	1401	1.88
Wallaville	No	54	18.56	237	81.44	291	99.32	2	0.68	293	0.39
Widgee	No	74	24.50	228	75.50	302	96.49	11	3.51	313	0.42
Wondai	No	229	17.45	1083	82.55	1312	99.54	6	0.46	1318	1.77
Wonga Lower	No	64	29.36	154	70.64	218	100.00	0	0.00	218
	0.29
Woolooga	No	19	14.84	109	85.16	128	100.00	0	0.00	128
	0.17
Wowan	No	39	15.66	210	84.34	249	99.20	2	0.80	251	0.34
Special Hospitals	No	54	21.60	196	78.40	250	99.60	1	0.40	251
	0.34
Total Ordinary	No	15367	25.32	45321	74.68	60688	99.34	402	0.66	61090
	81.82
ABSENT	No	1701	29.81	4005	70.19	5706	99.60	23	0.40	5729	7.67
POSTAL	No	895	22.19	3138	77.81	4033	99.68	13	0.32	4046	5.42
PRE_POLL	No	1011	28.89	2489	71.11	3500	99.54	16	0.46	3516	4.71
PROVISIONAL	No	78	28.06	200	71.94	278	98.93	3	1.07	281	0.38
Division Summary	No	19052	25.67	55153	74.33	74205	99.39	457	0.61	74662
	95.20
