Referendum: 6 November 1999									
		
Referendum Results										
	
By Division by Polling Place									
		

"A proposed law for the Alteration of the Constitution, entitled"			
								
   the Constitutional Alteration (Preamble) 1999					
						
											
											
Queensland											
Blair (74824)											

		Yes		No		Formal		Informal		Total	
Polling Place		                                                             
Votes	%	Votes	%	Votes	%	Votes	%	Votes	%
Amberley	No	168	26.33	470	73.67	638	99.22	5	0.78	643	0.90
Blackbutt	No	200	20.99	753	79.01	953	99.27	7	0.73	960	1.34
Blair School	No	543	31.35	1189	68.65	1732	99.83	3	0.17	1735
	2.42
Blenheim	No	54	19.22	227	80.78	281	98.94	3	1.06	284	0.40
Brassall	No	384	27.00	1038	73.00	1422	99.65	5	0.35	1427	1.99
Brassall School	No	609	25.35	1793	74.65	2402	99.22	19	0.78	2421
	3.38
Brisbane City (Blair)	No	25	36.23	44	63.77	69	100.00	0
	0.00	69	0.10
Brooklands	No	17	16.19	88	83.81	105	100.00	0	0.00	105
	0.15
Churchill (Blair)	No	345	25.77	994	74.23	1339	99.26	10	0.74	1349
	1.88
Coolabunia	No	46	18.40	204	81.60	250	100.00	0	0.00	250
	0.35
Coominya	No	162	21.92	577	78.08	739	99.46	4	0.54	743	1.04
Cooyar	No	28	15.22	156	84.78	184	100.00	0	0.00	184
	0.26
Crows Nest	No	257	19.62	1053	80.38	1310	99.09	12	0.91	1322	1.84
Esk	No	225	21.43	825	78.57	1050	98.50	16	1.50	1066	1.49
Fernvale	No	309	26.01	879	73.99	1188	99.33	8	0.67	1196	1.67
Flagstone Creek	No	26	19.55	107	80.45	133	100.00	0	0.00
	133	0.19
Forest Hill	No	104	17.60	487	82.40	591	99.49	3	0.51	594	0.83
Gatton	No	296	18.24	1327	81.76	1623	99.33	11	0.67	1634	2.28
Gatton South	No	484	22.00	1716	78.00	2200	99.05	21	0.95	2221
	3.10
Glamorgan Vale	No	76	20.71	291	79.29	367	100.00	0	0.00
	367	0.51
Glenore Grove	No	246	18.94	1053	81.06	1299	99.39	8	0.61	1307
	1.82
Grandchester	No	46	18.55	202	81.45	248	98.41	4	1.59	252
	0.35
Grantham	No	94	17.50	443	82.50	537	98.90	6	1.10	543	0.76
Haden	No	18	13.14	119	86.86	137	100.00	0	0.00	137	0.19
Haigslea	No	53	17.43	251	82.57	304	99.67	1	0.33	305	0.43
Hatton Vale	No	223	22.04	789	77.96	1012	99.61	4	0.39	1016	1.42
Helidon	No	148	20.76	565	79.24	713	98.75	9	1.25	722	1.01
Inverlaw	No	15	8.93	153	91.07	168	100.00	0	0.00	168
	0.23
Jimna	No	10	17.24	48	82.76	58	96.67	2	3.33	60	0.08
Karalee	No	753	35.19	1387	64.81	2140	99.21	17	0.79	2157	3.01
Karana Downs	No	983	40.11	1468	59.89	2451	99.80	5	0.20	2456
	3.42
Kentville	No	38	18.01	173	81.99	211	98.60	3	1.40	214	0.30
Kilcoy	No	241	18.50	1062	81.50	1303	99.09	12	0.91	1315	1.83
Kingaroy	No	637	18.23	2858	81.77	3495	99.01	35	0.99	3530	4.92
Kumbia	No	79	18.63	345	81.37	424	99.76	1	0.24	425	0.59
Laidley	No	474	20.55	1833	79.45	2307	99.35	15	0.65	2322	3.24
Lake Clarendon	No	35	12.41	247	87.59	282	98.26	5	1.74	287
	0.40
Lawes	No	19	31.15	42	68.85	61	100.00	0	0.00	61	0.09
Leichhardt	No	216	23.00	723	77.00	939	99.26	7	0.74	946	1.32
Leichhardt School	No	346	22.60	1185	77.40	1531	99.16	13	0.84	1544
	2.15
Lowood	No	308	21.02	1157	78.98	1465	99.39	9	0.61	1474	2.05
Maidenwell	No	48	22.86	162	77.14	210	99.53	1	0.47	211	0.29
Ma Ma Creek	No	31	13.66	196	86.34	227	99.56	1	0.44	228	0.32
Marburg	No	113	22.47	390	77.53	503	99.21	4	0.79	507	0.71
Memerambi	No	49	13.42	316	86.58	365	100.00	0	0.00	365
	0.51
Minden	No	133	23.01	445	76.99	578	99.83	1	0.17	579	0.81
Moore	No	46	16.55	232	83.45	278	99.29	2	0.71	280	0.39
Mount Kilcoy	No	50	18.87	215	81.13	265	100.00	0	0.00
	265	0.37
Mount Sylvia	No	43	20.57	166	79.43	209	99.52	1	0.48	210
	0.29
Mount Tarampa	No	66	24.72	201	75.28	267	100.00	0	0.00
	267	0.37
Murphys Creek	No	70	20.71	268	79.29	338	99.12	3	0.88	341
	0.48
Mutdapilly	No	48	17.45	227	82.55	275	99.28	2	0.72	277	0.39
Nanango	No	503	18.73	2183	81.27	2686	99.52	13	0.48	2699	3.76
North Ipswich	No	331	24.43	1024	75.57	1355	98.98	14	1.02	1369
	1.91
Perseverance	No	45	23.81	144	76.19	189	99.47	1	0.53	190
	0.26
Pine Mountain	No	101	25.96	288	74.04	389	99.23	3	0.77	392
	0.55
Rosevale	No	19	13.97	117	86.03	136	100.00	0	0.00	136
	0.19
Rosewood	No	381	18.54	1674	81.46	2055	99.66	7	0.34	2062	2.87
St Josephs	No	403	27.08	1085	72.92	1488	99.27	11	0.73	1499	2.09
Somerset Dam	No	31	41.33	44	58.67	75	100.00	0	0.00	75
	0.10
Stockyard Creek	No	36	21.82	129	78.18	165	99.40	1	0.60	166
	0.23
Taabinga	No	201	16.38	1026	83.62	1227	99.35	8	0.65	1235	1.72
Tarampa	No	55	15.54	299	84.46	354	98.06	7	1.94	361	0.50
Thornton	No	23	17.16	111	82.84	134	99.26	1	0.74	135	0.19
Tivoli	No	372	28.51	933	71.49	1305	99.24	10	0.76	1315	1.83
Toogoolawah	No	178	16.26	917	83.74	1095	99.46	6	0.54	1101	1.53
Upper Tenthill	No	31	11.52	238	88.48	269	99.63	1	0.37	270
	0.38
Walloon	No	323	24.07	1019	75.93	1342	99.48	7	0.52	1349	1.88
Warrill View	No	31	22.14	109	77.86	140	100.00	0	0.00
	140	0.20
Withcott	No	284	26.74	778	73.26	1062	99.25	8	0.75	1070	1.49
Yarraman	No	90	14.68	523	85.32	613	99.35	4	0.65	617	0.86
Special Hospitals	No	104	24.88	314	75.12	418	99.05	4	0.95	422
	0.59
Total Ordinary	No	13579	22.76	46094	77.24	59673	99.33	404	0.67	60077
	83.75
ABSENT	No	1842	29.62	4376	70.38	6218	99.33	42	0.67	6260	8.73
POSTAL	No	579	20.69	2219	79.31	2798	99.29	20	0.71	2818	3.93
PRE_POLL	No	682	30.23	1574	69.77	2256	99.56	10	0.44	2266	3.16
PROVISIONAL	No	80	25.97	228	74.03	308	99.04	3	0.96	311	0.43
Division Summary	No	16762	23.52	54491	76.48	71253	99.33	479	0.67	71732
	95.87
