Referendum: 6 November 1999									
		
Referendum Results										
	
By Division by Polling Place									
		

"A proposed law for the Alteration of the Constitution, entitled"			
								
   the Constitutional Alteration (Preamble) 1999					
						
											
											
New South Wales											
Shortland (80518)											

		Yes		No		Formal		Informal		Total	
Polling Place		                                                             
Votes	%	Votes	%	Votes	%	Votes	%	Votes	%
Belmont	No	569	37.71	940	62.29	1509	98.95	16	1.05	1525	1.97
Belmont Central	No	595	36.57	1032	63.43	1627	99.33	11	0.67	1638
	2.11
Belmont North	No	710	37.53	1182	62.47	1892	99.01	19	0.99	1911
	2.46
Belmont West	No	435	41.39	616	58.61	1051	99.34	7	0.66	1058
	1.36
Blacksmiths	No	409	39.98	614	60.02	1023	98.65	14	1.35	1037	1.34
Budgewoi	No	659	37.51	1098	62.49	1757	99.43	10	0.57	1767	2.28
Budgewoi Central	No	656	39.40	1009	60.60	1665	99.23	13	0.77	1678
	2.16
Buff Point	No	597	37.88	979	62.12	1576	98.99	16	1.01	1592	2.05
Catherine Hill Bay	No	60	42.25	82	57.75	142	98.61	2	1.39
	144	0.19
Caves Beach	No	1043	41.45	1473	58.55	2516	99.33	17	0.67	2533	3.27
Chain Valley Bay	No	288	37.65	477	62.35	765	99.48	4	0.52	769
	0.99
Charlestown	No	1122	43.67	1447	56.33	2569	98.62	36	1.38	2605	3.36
Charlestown East	No	481	39.52	736	60.48	1217	99.10	11	0.90	1228
	1.58
Charlestown South	No	460	42.71	617	57.29	1077	98.81	13	1.19	1090
	1.41
Dudley	No	650	42.76	870	57.24	1520	99.02	15	0.98	1535	1.98
Eleebana	No	1566	47.85	1707	52.15	3273	98.88	37	1.12	3310	4.27
Floraville	No	564	40.49	829	59.51	1393	99.36	9	0.64	1402	1.81
Gateshead	No	573	42.07	789	57.93	1362	99.42	8	0.58	1370	1.77
Gateshead West	No	451	35.71	812	64.29	1263	99.14	11	0.86	1274
	1.64
Gwandalan	No	532	38.16	862	61.84	1394	99.01	14	0.99	1408	1.81
Hillsborough (Shortland)	No	391	37.42	654	62.58	1045	98.77	13
	1.23	1058	1.36
Jewells	No	854	42.47	1157	57.53	2011	99.06	19	0.94	2030	2.62
Kahibah	No	880	44.11	1115	55.89	1995	99.50	10	0.50	2005	2.58
Lake Munmorah	No	877	37.19	1481	62.81	2358	98.95	25	1.05	2383
	3.07
Mannering Park	No	520	39.39	800	60.61	1320	99.25	10	0.75	1330
	1.71
Marks Point	No	526	36.78	904	63.22	1430	99.31	10	0.69	1440	1.86
Mount Hutton (Shortland)	No	563	40.77	818	59.23	1381	98.85	16
	1.15	1397	1.80
Norah Head	No	388	43.35	507	56.65	895	99.33	6	0.67	901	1.16
Nords Wharf	No	195	38.84	307	61.16	502	99.01	5	0.99	507	0.65
Pelican	No	272	36.66	470	63.34	742	99.20	6	0.80	748	0.96
Redhead	No	758	41.97	1048	58.03	1806	99.12	16	0.88	1822	2.35
San Remo (Shortland)	No	848	42.81	1133	57.19	1981	99.20	16	0.80
	1997	2.57
Summerland Point	No	415	38.82	654	61.18	1069	98.80	13	1.20	1082
	1.39
Swansea	No	1011	39.29	1562	60.71	2573	99.08	24	0.92	2597	3.35
Swansea North	No	385	39.53	589	60.47	974	99.69	3	0.31	977
	1.26
Sydney (Shortland)	Yes	13	54.17	11	45.83	24	100.00	0
	0.00	24	0.03
Tingira Heights	No	374	41.69	523	58.31	897	99.01	9	0.99	906
	1.17
Toukley	No	619	36.09	1096	63.91	1715	98.79	21	1.21	1736	2.24
Toukley East	No	765	41.42	1082	58.58	1847	98.88	21	1.12	1868
	2.41
Valentine	No	1353	45.90	1595	54.10	2948	99.46	16	0.54	2964	3.82
Valentine East	No	247	43.87	316	56.13	563	99.47	3	0.53	566
	0.73
Warners Bay Central (Shortland)	No	96	39.67	146	60.33	242	98.37	4
	1.63	246	0.32
Whitebridge	No	496	42.32	676	57.68	1172	99.74	3	0.26	1175	1.51
Windale	No	799	34.47	1519	65.53	2318	98.68	31	1.32	2349	3.03
Special Hospitals	No	162	36.65	280	63.35	442	99.55	2	0.45	444
	0.57
Total Ordinary	No	26227	40.45	38614	59.55	64841	99.11	585	0.89	65426
	84.33
ABSENT	No	2001	41.05	2874	58.95	4875	99.15	42	0.85	4917	6.34
POSTAL	No	845	35.58	1530	64.42	2375	99.29	17	0.71	2392	3.08
PRE_POLL	No	1830	39.79	2769	60.21	4599	99.74	12	0.26	4611	5.94
PROVISIONAL	No	97	42.17	133	57.83	230	98.71	3	1.29	233	0.30
Division Summary	No	31000	40.30	45920	59.70	76920	99.15	659	0.85	77579
	96.35
