Referendum: 6 November 1999									
		
Referendum Results										
	
By Division by Polling Place									
		

"A proposed law for the Alteration of the Constitution, entitled"			
								
   the Constitutional Alteration (Preamble) 1999					
						
											
											
New South Wales											
Throsby (80339)											

		Yes		No		Formal		Informal		Total	
Polling Place		                                                             
Votes	%	Votes	%	Votes	%	Votes	%	Votes	%
Albion Park	No	517	36.64	894	63.36	1411	99.09	13	0.91	1424	1.85
Albion Park Rail	No	1376	36.39	2405	63.61	3781	98.72	49	1.28	3830
	4.97
Albion Park South	No	1130	40.13	1686	59.87	2816	98.63	39	1.37	2855
	3.70
Barrack Heights	No	706	47.54	779	52.46	1485	98.34	25	1.66	1510
	1.96
Berkeley	No	913	44.98	1117	55.02	2030	98.69	27	1.31	2057	2.67
Berkeley South	No	315	44.49	393	55.51	708	99.58	3	0.42	711
	0.92
Berkeley West	No	684	36.46	1192	63.54	1876	99.21	15	0.79	1891
	2.45
Blackbutt	No	868	45.88	1024	54.12	1892	99.21	15	0.79	1907	2.47
Brownsville	No	548	37.56	911	62.44	1459	98.98	15	1.02	1474	1.91
Cringila	Yes	802	54.15	679	45.85	1481	97.95	31	2.05	1512	1.96
Dapto	No	1091	37.15	1846	62.85	2937	99.09	27	0.91	2964	3.84
Farmborough Road	No	1436	46.70	1639	53.30	3075	98.87	35	1.13	3110
	4.03
Figtree (Throsby)	No	371	46.61	425	53.39	796	98.64	11	1.36	807
	1.05
Hayes Park	No	993	41.37	1407	58.63	2400	99.09	22	0.91	2422	3.14
Kemblawarra	No	580	49.07	602	50.93	1182	98.99	12	1.01	1194	1.55
Koonawarra	No	721	32.10	1525	67.90	2246	98.86	26	1.14	2272	2.95
Lake Heights	No	645	48.28	691	51.72	1336	98.45	21	1.55	1357
	1.76
Lake Illawarra	No	667	41.10	956	58.90	1623	98.96	17	1.04	1640
	2.13
Lakelands	No	636	35.97	1132	64.03	1768	98.94	19	1.06	1787	2.32
Marshall Mount	No	41	33.06	83	66.94	124	100.00	0	0.00
	124	0.16
Mount Brown	No	694	35.26	1274	64.74	1968	99.14	17	0.86	1985	2.57
Mount Terry	No	414	37.03	704	62.97	1118	98.59	16	1.41	1134	1.47
Mount Warrigal	No	1120	45.11	1363	54.89	2483	98.85	29	1.15	2512
	3.26
Oak Flats	No	1292	39.14	2009	60.86	3301	98.74	42	1.26	3343	4.33
Oak Flats East	No	430	44.79	530	55.21	960	98.87	11	1.13	971
	1.26
Port Kembla	No	274	46.36	317	53.64	591	98.66	8	1.34	599	0.78
Port Kembla Central	Yes	811	50.25	803	49.75	1614	97.29	45	2.71
	1659	2.15
Primbee	No	400	40.69	583	59.31	983	98.20	18	1.80	1001	1.30
Shellharbour	No	1244	42.59	1677	57.41	2921	99.29	21	0.71	2942
	3.81
Sydney (Throsby)	No	25	45.45	30	54.55	55	98.21	1	1.79	56
	0.07
Unanderra (Throsby)	Yes	55	53.92	47	46.08	102	98.08	2	1.92
	104	0.13
Unanderra Central (Throsby)	No	328	48.45	349	51.55	677	98.12	13
	1.88	690	0.89
Warilla	No	443	37.29	745	62.71	1188	98.84	14	1.16	1202	1.56
Warilla East	No	749	42.82	1000	57.18	1749	99.04	17	0.96	1766
	2.29
Warilla North	No	721	36.64	1247	63.36	1968	98.84	23	1.16	1991
	2.58
Warilla South	No	999	43.47	1299	56.53	2298	98.88	26	1.12	2324
	3.01
Warrawong	Yes	909	50.03	908	49.97	1817	97.85	40	2.15	1857	2.41
Warrawong Central	No	692	49.53	705	50.47	1397	98.17	26	1.83	1423
	1.85
West Dapto	No	951	42.14	1306	57.86	2257	99.08	21	0.92	2278	2.95
Windang	No	621	39.23	962	60.77	1583	98.57	23	1.43	1606	2.08
Special Hospitals	No	104	45.22	126	54.78	230	99.14	2	0.86	232
	0.30
Total Ordinary	No	28316	41.83	39370	58.17	67686	98.78	837	1.22	68523
	88.85
ABSENT	No	1498	41.84	2082	58.16	3580	99.31	25	0.69	3605	4.67
POSTAL	No	656	35.98	1167	64.02	1823	99.56	8	0.44	1831	2.37
PRE_POLL	No	1200	42.06	1653	57.94	2853	99.48	15	0.52	2868	3.72
PROVISIONAL	No	116	39.73	176	60.27	292	99.32	2	0.68	294	0.38
Division Summary	No	31786	41.70	44448	58.30	76234	98.85	887	1.15	77121
	95.99
