Referendum: 6 November 1999									
		
Referendum Results										
	
By Division by Polling Place									
		

"A proposed law for the Alteration of the Constitution, entitled"			
								
   the Constitutional Alteration (Establishment of Republic) 1999			
								
											
											
Western Australia											
Brand (80681)											

		Yes		No		Formal		Informal		Total	
Polling Place		Votes	%	Votes	%	Votes	%	Votes	%	Votes	%
Baldivis	No	539	34.80	1010	65.20	1549	99.10	14	0.90	1563	2.02
Calista	No	874	32.10	1849	67.90	2723	98.80	33	1.20	2756	3.57
Coodanup	No	531	29.40	1275	70.60	1806	99.56	8	0.44	1814	2.35
Cooloongup	No	1156	28.91	2842	71.09	3998	99.11	36	0.89	4034	5.22
Golden Bay	No	307	38.76	485	61.24	792	99.00	8	1.00	800	1.04
Greenfields	No	715	31.88	1528	68.12	2243	99.03	22	0.97	2265	2.93
Greenfields East	No	434	31.49	944	68.51	1378	99.42	8	0.58	1386
	1.79
Halls Head	No	1242	36.51	2160	63.49	3402	99.30	24	0.70	3426	4.44
Halls Head South	No	561	37.65	929	62.35	1490	99.33	10	0.67	1500
	1.94
Hillman	No	605	30.19	1399	69.81	2004	99.01	20	0.99	2024	2.62
Hope Valley	No	224	35.73	403	64.27	627	99.37	4	0.63	631	0.82
Leda	No	514	33.59	1016	66.41	1530	98.58	22	1.42	1552	2.01
Madora	No	110	34.70	207	65.30	317	99.37	2	0.63	319	0.41
Mandurah	No	603	34.56	1142	65.44	1745	98.98	18	1.02	1763	2.28
Mandurah Central	No	587	33.01	1191	66.99	1778	98.94	19	1.06	1797
	2.33
Mandurah East	No	432	31.12	956	68.88	1388	98.86	16	1.14	1404
	1.82
Mandurah South	No	701	32.56	1452	67.44	2153	99.26	16	0.74	2169
	2.81
Meadow Springs	No	720	37.21	1215	62.79	1935	99.33	13	0.67	1948
	2.52
Meadow Springs North	No	71	32.87	145	67.13	216	100.00	0
	0.00	216	0.28
Medina	No	703	28.67	1749	71.33	2452	98.91	27	1.09	2479	3.21
Parmelia	No	677	32.66	1396	67.34	2073	98.76	26	1.24	2099	2.72
Perth (Brand)	No	21	45.65	25	54.35	46	100.00	0	0.00	46
	0.06
Port Kennedy	No	647	34.11	1250	65.89	1897	99.32	13	0.68	1910
	2.47
Rockingham	No	1569	33.25	3150	66.75	4719	99.08	44	0.92	4763	6.17
Rockingham Beach	No	579	33.94	1127	66.06	1706	98.78	21	1.22	1727
	2.24
Rottnest (Brand)	No	24	45.28	29	54.72	53	100.00	0	0.00	53
	0.07
Safety Bay	No	1359	34.30	2603	65.70	3962	99.12	35	0.88	3997	5.18
Safety Bay Central	No	1071	35.28	1965	64.72	3036	98.96	32	1.04
	3068	3.97
Secret Harbour	No	325	41.56	457	58.44	782	98.99	8	1.01	790
	1.02
Singleton	No	355	41.91	492	58.09	847	99.53	4	0.47	851	1.10
Waikiki	No	1321	34.92	2462	65.08	3783	99.37	24	0.63	3807	4.93
Warnbro	No	1039	35.45	1892	64.55	2931	99.39	18	0.61	2949	3.82
Warnbro East	No	597	30.40	1367	69.60	1964	99.54	9	0.46	1973
	2.55
Wellard	No	125	33.24	251	66.76	376	99.47	2	0.53	378	0.49
Special Hospitals	No	106	27.53	279	72.47	385	98.97	4	1.03	389
	0.50
Total Ordinary	No	21444	33.46	42642	66.54	64086	99.13	560	0.87	64646
	83.71
ABSENT	No	1906	36.08	3377	63.92	5283	99.36	34	0.64	5317	6.88
POSTAL	No	476	30.65	1077	69.35	1553	99.36	10	0.64	1563	2.02
PRE_POLL	No	1686	35.75	3030	64.25	4716	99.62	18	0.38	4734	6.13
PROVISIONAL	No	289	30.29	665	69.71	954	98.45	15	1.55	969	1.25
Division Summary	No	25801	33.69	50791	66.31	76592	99.18	637	0.82	77229
	95.72
