Referendum: 6 November 1999									
		
Referendum Results										
	
By Division by Polling Place									
		

"A proposed law for the Alteration of the Constitution, entitled"			
								
   the Constitutional Alteration (Establishment of Republic) 1999			
								
											
											
New South Wales											
Cunningham (77766)										
	

		Yes		No		Formal		Informal		Total	
Polling Place		Votes	%	Votes	%	Votes	%	Votes	%	Votes	%
Austinmer	Yes	625	64.50	344	35.50	969	99.38	6	0.62	975	1.31
Balgownie	Yes	610	56.33	473	43.67	1083	99.27	8	0.73	1091	1.47
Balgownie Central	Yes	1435	55.21	1164	44.79	2599	99.16	22	0.84	2621
	3.53
Bellambi	No	608	43.37	794	56.63	1402	99.08	13	0.92	1415	1.91
Bulli	Yes	425	52.21	389	47.79	814	99.39	5	0.61	819	1.10
Bulli Central	Yes	1445	53.80	1241	46.20	2686	99.11	24	0.89	2710
	3.65
Bulli Hospital	No	25	36.23	44	63.77	69	98.57	1	1.43	70
	0.09
Coledale	Yes	482	62.84	285	37.16	767	98.97	8	1.03	775	1.04
Coniston	Yes	1037	57.01	782	42.99	1819	98.32	31	1.68	1850	2.49
Corrimal	No	1298	49.15	1343	50.85	2641	99.03	26	0.97	2667	3.59
Corrimal East	No	1503	47.56	1657	52.44	3160	98.94	34	1.06	3194
	4.30
Fairy Meadow	Yes	1129	54.38	947	45.62	2076	98.95	22	1.05	2098
	2.83
Fairy Meadow South	Yes	74	55.64	59	44.36	133	100.00	0
	0.00	133	0.18
Figtree (Cunningham)	Yes	1672	55.64	1333	44.36	3005	99.24	23	0.76
	3028	4.08
Figtree Heights	Yes	758	55.09	618	44.91	1376	99.14	12	0.86	1388
	1.87
Gwynneville	Yes	765	55.80	606	44.20	1371	99.20	11	0.80	1382	1.86
Keiraville	Yes	1463	54.77	1208	45.23	2671	98.85	31	1.15	2702	3.64
Lindsay Park	Yes	1312	54.21	1108	45.79	2420	99.22	19	0.78	2439
	3.29
Mount Keira	Yes	586	56.84	445	43.16	1031	99.71	3	0.29	1034	1.39
Mount Kembla	Yes	326	54.88	268	45.12	594	99.50	3	0.50	597
	0.80
Mount Ousley	Yes	1104	56.30	857	43.70	1961	99.34	13	0.66	1974
	2.66
Mount Saint Thomas	Yes	1085	54.88	892	45.12	1977	99.40	12	0.60
	1989	2.68
Reidtown	No	458	48.98	477	51.02	935	98.84	11	1.16	946	1.27
Russell Vale	No	647	47.23	723	52.77	1370	99.28	10	0.72	1380
	1.86
Scarborough	Yes	98	53.55	85	46.45	183	98.92	2	1.08	185	0.25
Smith's Hill	Yes	1600	62.67	953	37.33	2553	98.99	26	1.01	2579
	3.47
Sydney (Cunningham)	Yes	69	66.99	34	33.01	103	99.04	1	0.96
	104	0.14
Tarrawanna	No	902	49.05	937	50.95	1839	99.08	17	0.92	1856	2.50
Thirroul	Yes	1068	54.80	881	45.20	1949	99.08	18	0.92	1967	2.65
Thirroul East	Yes	872	58.09	629	41.91	1501	99.27	11	0.73	1512
	2.04
Towradgi	Yes	831	53.58	720	46.42	1551	98.54	23	1.46	1574	2.12
Towradgi East	No	245	47.85	267	52.15	512	99.61	2	0.39	514
	0.69
Unanderra (Cunningham)	Yes	631	59.25	434	40.75	1065	99.35	7	0.65
	1072	1.44
Unanderra Central (Cunningham)	Yes	1104	51.06	1058	48.94	2162	98.99	22
	1.01	2184	2.94
Wollongong	Yes	1672	57.26	1248	42.74	2920	98.58	42	1.42	2962	3.99
Wollongong Central	Yes	688	58.85	481	41.15	1169	97.82	26	2.18
	1195	1.61
Wollongong Hospital	Yes	153	59.30	105	40.70	258	97.73	6	2.27
	264	0.36
Wollongong West	Yes	852	54.48	712	45.52	1564	98.99	16	1.01	1580
	2.13
Wombarra	Yes	155	54.58	129	45.42	284	98.27	5	1.73	289	0.39
Woonona	No	600	48.78	630	51.22	1230	99.43	7	0.57	1237	1.67
Woonona Central	Yes	834	51.87	774	48.13	1608	99.20	13	0.80	1621
	2.18
Woonona East	No	927	48.71	976	51.29	1903	99.11	17	0.89	1920
	2.59
Special Hospitals	No	84	46.67	96	53.33	180	98.36	3	1.64	183
	0.25
Total Ordinary	Yes	34257	53.98	29206	46.02	63463	99.04	612	0.96	64075
	86.33
ABSENT	Yes	2148	56.03	1686	43.97	3834	99.48	20	0.52	3854	5.19
POSTAL	No	992	40.18	1477	59.82	2469	99.52	12	0.48	2481	3.34
PRE_POLL	Yes	1949	53.68	1682	46.32	3631	99.56	16	0.44	3647	4.91
PROVISIONAL	Yes	104	63.80	59	36.20	163	99.39	1	0.61	164	0.22
Division Summary	Yes	39450	53.63	34110	46.37	73560	99.11	661	0.89	74221
	95.44
