Referendum: 6 November 1999									
		
Referendum Results										
	
By Division by Polling Place									
		

"A proposed law for the Alteration of the Constitution, entitled"			
								
   the Constitutional Alteration (Establishment of Republic) 1999			
								
											
											
Victoria											
Calwell (92440)											

		Yes		No		Formal		Informal		Total	
Polling Place		Votes	%	Votes	%	Votes	%	Votes	%	Votes	%
Bethal	No	1179	47.48	1304	52.52	2483	98.57	36	1.43	2519	2.88
Broadmeadows	Yes	1146	58.86	801	41.14	1947	98.58	28	1.42	1975
	2.25
Broadmeadows North	No	1868	49.56	1901	50.44	3769	98.18	70	1.82
	3839	4.38
Bulla	No	158	45.40	190	54.60	348	98.03	7	1.97	355	0.41
Campbellfield	Yes	1363	63.66	778	36.34	2141	98.30	37	1.70	2178
	2.49
Coolaroo	No	822	43.72	1058	56.28	1880	98.84	22	1.16	1902	2.17
Delahey	Yes	2014	54.07	1711	45.93	3725	98.86	43	1.14	3768	4.30
Diggers Rest	No	456	43.72	587	56.28	1043	98.68	14	1.32	1057
	1.21
Gladstone Park	Yes	2297	54.32	1932	45.68	4229	98.58	61	1.42	4290
	4.90
Gladstone Views	Yes	1498	51.91	1388	48.09	2886	99.11	26	0.89	2912
	3.32
Glenroy West	Yes	1583	52.31	1443	47.69	3026	98.86	35	1.14	3061
	3.49
Greenvale	Yes	2696	60.64	1750	39.36	4446	98.80	54	1.20	4500	5.14
Jacana	No	734	45.82	868	54.18	1602	99.20	13	0.80	1615	1.84
Keilor	Yes	2011	53.10	1776	46.90	3787	99.14	33	0.86	3820	4.36
Keilor Downs	Yes	1655	60.16	1096	39.84	2751	98.64	38	1.36	2789
	3.18
Meadow Fair	Yes	698	52.84	623	47.16	1321	98.36	22	1.64	1343	1.53
Meadow Heights	Yes	2617	59.38	1790	40.62	4407	99.03	43	0.97	4450
	5.08
Melbourne (Calwell)	Yes	65	68.42	30	31.58	95	97.94	2	2.06	97
	0.11
Melbourne Airport	No	101	48.33	108	51.67	209	99.05	2	0.95	211
	0.24
Monmia	Yes	2623	60.41	1719	39.59	4342	98.46	68	1.54	4410	5.03
Oak Park	Yes	1069	51.52	1006	48.48	2075	99.09	19	0.91	2094	2.39
Roxburgh Park	Yes	1287	53.85	1103	46.15	2390	98.84	28	1.16	2418
	2.76
Sydenham	Yes	2895	53.62	2504	46.38	5399	98.50	82	1.50	5481	6.26
Taylors Lakes	Yes	3897	59.07	2700	40.93	6597	99.02	65	0.98	6662
	7.60
Tullamarine	No	1822	49.73	1842	50.27	3664	98.60	52	1.40	3716	4.24
Upfield	Yes	984	58.19	707	41.81	1691	97.80	38	2.20	1729	1.97
Westmeadows	No	1558	49.82	1569	50.18	3127	98.86	36	1.14	3163	3.61
Total Ordinary	Yes	41096	54.52	34284	45.48	75380	98.72	974	1.28	76354
	87.15
ABSENT	Yes	2900	51.52	2729	48.48	5629	99.22	44	0.78	5673	6.48
POSTAL	No	704	41.88	977	58.12	1681	99.76	4	0.24	1685	1.92
PRE_POLL	No	1672	49.63	1697	50.37	3369	99.38	21	0.62	3390	3.87
PROVISIONAL	Yes	271	53.98	231	46.02	502	99.01	5	0.99	507	0.58
Division Summary	Yes	46643	53.88	39918	46.12	86561	98.80	1048	1.20	87609
	94.77
