Referendum: 6 November 1999									
		
Referendum Results										
	
By Division by Polling Place									
		

"A proposed law for the Alteration of the Constitution, entitled"			
								
   the Constitutional Alteration (Preamble) 1999					
						
											
											
New South Wales											
Eden-Monaro (80101)										
	

		Yes		No		Formal		Informal		Total	
Polling Place		                                                             
Votes	%	Votes	%	Votes	%	Votes	%	Votes	%
Adaminaby	No	112	36.25	197	63.75	309	99.36	2	0.64	311	0.41
Araluen	No	25	30.49	57	69.51	82	98.80	1	1.20	83	0.11
Batehaven	No	476	38.83	750	61.17	1226	99.11	11	0.89	1237	1.62
Batemans Bay	No	1046	37.24	1763	62.76	2809	98.73	36	1.27	2845
	3.72
Bega	No	694	32.52	1440	67.48	2134	99.21	17	0.79	2151	2.82
Bega Central	No	310	29.78	731	70.22	1041	99.14	9	0.86	1050
	1.37
Bemboka	No	98	27.30	261	72.70	359	98.90	4	1.10	363	0.48
Bermagui	No	487	37.32	818	62.68	1305	99.24	10	0.76	1315	1.72
Berridale	No	270	41.99	373	58.01	643	99.54	3	0.46	646	0.85
Bibbenluke	No	49	35.25	90	64.75	139	99.29	1	0.71	140	0.18
Bimbimbie	No	111	35.35	203	64.65	314	98.74	4	1.26	318	0.42
Bodalla	No	178	36.40	311	63.60	489	98.59	7	1.41	496	0.65
Bombala	No	327	30.70	738	69.30	1065	99.35	7	0.65	1072	1.40
Braidwood	No	384	34.01	745	65.99	1129	98.78	14	1.22	1143	1.50
Bredbo	No	66	29.73	156	70.27	222	100.00	0	0.00	222
	0.29
Brogo	No	62	33.16	125	66.84	187	98.94	2	1.06	189	0.25
Broulee	No	330	42.58	445	57.42	775	99.74	2	0.26	777	1.02
Bungendore	No	599	37.02	1019	62.98	1618	99.26	12	0.74	1630	2.13
Candelo	No	189	35.73	340	64.27	529	99.06	5	0.94	534	0.70
Captains Flat	No	91	31.38	199	68.62	290	97.64	7	2.36	297
	0.39
Central Tilba	No	130	41.80	181	58.20	311	99.04	3	0.96	314
	0.41
Cobargo	No	215	33.91	419	66.09	634	98.91	7	1.09	641	0.84
Cooma	No	827	42.48	1120	57.52	1947	99.08	18	0.92	1965	2.57
Cooma Hospital	No	110	37.93	180	62.07	290	99.32	2	0.68	292
	0.38
Cooma North	No	405	34.38	773	65.62	1178	99.24	9	0.76	1187	1.55
Cooma South	No	257	38.94	403	61.06	660	99.55	3	0.45	663	0.87
Dalgety	No	54	30.86	121	69.14	175	99.43	1	0.57	176	0.23
Dalmeny	No	411	37.06	698	62.94	1109	99.28	8	0.72	1117	1.46
Delegate	No	75	27.68	196	72.32	271	99.27	2	0.73	273	0.36
Eden	No	654	32.44	1362	67.56	2016	99.31	14	0.69	2030	2.66
Jerangle	No	18	29.51	43	70.49	61	100.00	0	0.00	61
	0.08
Jerrabomberra	No	967	44.62	1200	55.38	2167	99.36	14	0.64	2181
	2.85
Jindabyne	No	576	48.61	609	51.39	1185	98.83	14	1.17	1199	1.57
Letchworth	No	123	38.92	193	61.08	316	99.68	1	0.32	317	0.41
Long Beach	No	71	42.51	96	57.49	167	99.40	1	0.60	168	0.22
Majors Creek	No	60	34.09	116	65.91	176	98.88	2	1.12	178
	0.23
Malua Bay	No	368	44.88	452	55.12	820	99.76	2	0.24	822	1.08
Merimbula	No	818	41.46	1155	58.54	1973	98.80	24	1.20	1997	2.61
Michelago	No	62	29.81	146	70.19	208	100.00	0	0.00	208
	0.27
Mogo	No	103	34.56	195	65.44	298	98.03	6	1.97	304	0.40
Moruya	No	995	36.73	1714	63.27	2709	98.72	35	1.28	2744	3.59
Narooma	No	705	35.77	1266	64.23	1971	99.45	11	0.55	1982	2.59
Nelligen	No	82	37.79	135	62.21	217	99.09	2	0.91	219	0.29
Nimmitabel	No	104	33.88	203	66.12	307	99.68	1	0.32	308	0.40
Numeralla	No	47	32.87	96	67.13	143	98.62	2	1.38	145	0.19
Pambula	No	557	42.10	766	57.90	1323	99.40	8	0.60	1331	1.74
Perisher Valley	Yes	17	77.27	5	22.73	22	95.65	1	4.35	23
	0.03
Quaama	Yes	216	69.23	96	30.77	312	99.68	1	0.32	313	0.41
Queanbeyan	No	801	38.45	1282	61.55	2083	98.49	32	1.51	2115	2.77
Queanbeyan Central	No	706	42.12	970	57.88	1676	99.00	17	1.00
	1693	2.22
Queanbeyan East	No	700	37.80	1152	62.20	1852	98.46	29	1.54	1881
	2.46
Queanbeyan High	No	660	46.74	752	53.26	1412	98.47	22	1.53	1434
	1.88
Queanbeyan Hospital	No	278	41.31	395	58.69	673	98.68	9	1.32
	682	0.89
Queanbeyan North	No	554	41.72	774	58.28	1328	98.66	18	1.34	1346
	1.76
Queanbeyan South	No	1420	39.75	2152	60.25	3572	98.38	59	1.62	3631
	4.75
Queanbeyan West	No	689	43.52	894	56.48	1583	99.00	16	1.00	1599
	2.09
South Durras	No	85	36.48	148	63.52	233	99.15	2	0.85	235
	0.31
Sunshine Bay	No	744	38.97	1165	61.03	1909	99.43	11	0.57	1920
	2.51
Sutton (Eden-Monaro)	No	109	41.60	153	58.40	262	99.62	1	0.38
	263	0.34
Sydney (Eden-Monaro)	Yes	24	53.33	21	46.67	45	100.00	0
	0.00	45	0.06
Tanja	No	57	47.90	62	52.10	119	99.17	1	0.83	120	0.16
Tathra	No	563	42.05	776	57.95	1339	99.48	7	0.52	1346	1.76
Thredbo	Yes	52	57.14	39	42.86	91	100.00	0	0.00	91
	0.12
Tomakin	No	281	42.51	380	57.49	661	99.40	4	0.60	665	0.87
Towamba	No	48	37.80	79	62.20	127	100.00	0	0.00	127
	0.17
Tura Beach	No	439	39.73	666	60.27	1105	99.28	8	0.72	1113	1.46
Tuross Head	No	507	38.64	805	61.36	1312	99.24	10	0.76	1322	1.73
Wallaga Lake Koori Village	Yes	18	60.00	12	40.00	30	100.00	0
	0.00	30	0.04
Wamboin	No	229	42.41	311	57.59	540	99.45	3	0.55	543	0.71
Wolumla	No	172	36.36	301	63.64	473	99.37	3	0.63	476	0.62
Wyndham	No	115	40.21	171	59.79	286	98.96	3	1.04	289	0.38
Special Hospitals	No	108	32.43	225	67.57	333	97.08	10	2.92	343
	0.45
Total Ordinary	No	24290	38.76	38385	61.24	62675	99.03	611	0.97	63286
	82.82
ABSENT	No	1318	42.95	1751	57.05	3069	99.35	20	0.65	3089	4.04
POSTAL	No	707	31.27	1554	68.73	2261	99.60	9	0.40	2270	2.97
PRE_POLL	No	3183	44.39	3987	55.61	7170	99.42	42	0.58	7212	9.44
PROVISIONAL	No	213	38.73	337	61.27	550	99.10	5	0.90	555	0.73
Division Summary	No	29711	39.24	46014	60.76	75725	99.10	687	0.90	76412
	95.39
