Referendum: 6 November 1999									
		
Referendum Results										
	
By Division by Polling Place									
		

"A proposed law for the Alteration of the Constitution, entitled"			
								
   the Constitutional Alteration (Establishment of Republic) 1999			
								
											
											
Western Australia											
Fremantle (86382)											

		Yes		No		Formal		Informal		Total	
Polling Place		Votes	%	Votes	%	Votes	%	Votes	%	Votes	%
Attadale	No	1446	48.12	1559	51.88	3005	99.34	20	0.66	3025	3.67
Atwell	No	786	41.90	1090	58.10	1876	99.26	14	0.74	1890	2.29
Beaconsfield	Yes	1338	63.08	783	36.92	2121	98.15	40	1.85	2161
	2.62
Beeliar	No	93	35.23	171	64.77	264	99.62	1	0.38	265	0.32
Bibra Lake	No	984	42.32	1341	57.68	2325	99.70	7	0.30	2332	2.83
Bicton	No	1490	47.63	1638	52.37	3128	99.11	28	0.89	3156	3.83
Coogee Beach	No	969	48.72	1020	51.28	1989	99.35	13	0.65	2002
	2.43
Coolbellup	No	495	37.96	809	62.04	1304	98.64	18	1.36	1322	1.60
Coolbellup East	No	515	38.12	836	61.88	1351	98.90	15	1.10	1366
	1.66
East Fremantle	Yes	1516	62.46	911	37.54	2427	98.74	31	1.26	2458
	2.98
Fremantle	Yes	1190	64.43	657	35.57	1847	98.40	30	1.60	1877	2.28
Hamilton Hill East	No	746	42.56	1007	57.44	1753	97.88	38	2.12
	1791	2.17
Hamilton Hill North	No	959	48.39	1023	51.61	1982	98.56	29	1.44
	2011	2.44
Hamilton Hill South	No	542	43.22	712	56.78	1254	98.74	16	1.26
	1270	1.54
Hilton	Yes	910	52.45	825	47.55	1735	98.80	21	1.20	1756	2.13
Jandakot	No	441	41.18	630	58.82	1071	99.35	7	0.65	1078	1.31
Kardinya (Fremantle)	No	664	48.54	704	51.46	1368	99.20	11	0.80
	1379	1.67
Kardinya West	No	588	47.30	655	52.70	1243	98.96	13	1.04	1256
	1.52
Lakeland	No	537	39.40	826	60.60	1363	99.13	12	0.87	1375	1.67
Melville Heights	No	716	43.77	920	56.23	1636	99.27	12	0.73	1648
	2.00
Melville South	No	448	47.51	495	52.49	943	99.37	6	0.63	949
	1.15
Munster	No	435	42.65	585	57.35	1020	98.93	11	1.07	1031	1.25
Myaree	No	997	48.94	1040	51.06	2037	99.22	16	0.78	2053	2.49
North Fremantle	Yes	593	59.30	407	40.70	1000	98.62	14	1.38	1014
	1.23
Palmyra	Yes	1295	50.31	1279	49.69	2574	98.96	27	1.04	2601	3.16
Palmyra North	No	276	46.15	322	53.85	598	99.67	2	0.33	600
	0.73
Perth (Fremantle)	Yes	58	57.43	43	42.57	101	99.02	1	0.98	102
	0.12
Richmond	Yes	1358	57.52	1003	42.48	2361	98.95	25	1.05	2386	2.90
Rottnest (Fremantle)	Yes	132	62.56	79	37.44	211	100.00	0
	0.00	211	0.26
Samson	No	974	48.31	1042	51.69	2016	99.21	16	0.79	2032	2.47
South Fremantle	Yes	1019	65.87	528	34.13	1547	98.85	18	1.15	1565
	1.90
South Lake	No	781	38.10	1269	61.90	2050	98.94	22	1.06	2072	2.52
Spearwood	No	1249	43.13	1647	56.87	2896	98.77	36	1.23	2932	3.56
Spearwood South	No	1408	49.93	1412	50.07	2820	98.53	42	1.47	2862
	3.47
Spearwood West	No	1437	44.77	1773	55.23	3210	98.62	45	1.38	3255
	3.95
Wattleup	No	234	38.30	377	61.70	611	97.76	14	2.24	625	0.76
White Gum Valley	Yes	1051	61.35	662	38.65	1713	98.50	26	1.50	1739
	2.11
Willagee	No	570	43.08	753	56.92	1323	98.44	21	1.56	1344	1.63
Willagee East	No	747	47.52	825	52.48	1572	98.81	19	1.19	1591
	1.93
Yangebup	No	1086	38.94	1703	61.06	2789	99.39	17	0.61	2806	3.41
Yangebup South	No	239	42.68	321	57.32	560	99.64	2	0.36	562
	0.68
Special Hospitals	No	195	33.74	383	66.26	578	98.13	11	1.87	589
	0.71
Total Ordinary	No	33507	48.16	36065	51.84	69572	98.91	767	1.09	70339
	85.38
ABSENT	No	2993	48.83	3136	51.17	6129	99.14	53	0.86	6182	7.50
POSTAL	No	748	42.65	1006	57.35	1754	99.77	4	0.23	1758	2.13
PRE_POLL	Yes	1898	52.72	1702	47.28	3600	99.42	21	0.58	3621	4.40
PROVISIONAL	No	217	45.11	264	54.89	481	99.59	2	0.41	483	0.59
Division Summary	No	39363	48.28	42173	51.72	81536	98.97	847	1.03	82383
	95.37
