Referendum: 6 November 1999									
		
Referendum Results										
	
By Division by Polling Place									
		

"A proposed law for the Alteration of the Constitution, entitled"			
								
   the Constitutional Alteration (Establishment of Republic) 1999			
								
											
											
New South Wales											
Throsby (80339)											

		Yes		No		Formal		Informal		Total	
Polling Place		Votes	%	Votes	%	Votes	%	Votes	%	Votes	%
Albion Park	No	584	41.54	822	58.46	1406	98.74	18	1.26	1424	1.85
Albion Park Rail	No	1578	41.53	2222	58.47	3800	99.22	30	0.78	3830
	4.97
Albion Park South	No	1287	45.51	1541	54.49	2828	99.12	25	0.88	2853
	3.70
Barrack Heights	Yes	764	51.28	726	48.72	1490	98.68	20	1.32	1510
	1.96
Berkeley	No	1008	49.41	1032	50.59	2040	99.03	20	0.97	2060	2.67
Berkeley South	No	334	47.31	372	52.69	706	99.30	5	0.70	711
	0.92
Berkeley West	No	741	39.46	1137	60.54	1878	99.26	14	0.74	1892
	2.45
Blackbutt	No	943	49.82	950	50.18	1893	99.32	13	0.68	1906	2.47
Brownsville	No	633	43.27	830	56.73	1463	99.39	9	0.61	1472	1.91
Cringila	Yes	849	57.36	631	42.64	1480	97.88	32	2.12	1512	1.96
Dapto	No	1256	42.75	1682	57.25	2938	99.12	26	0.88	2964	3.84
Farmborough Road	Yes	1589	51.49	1497	48.51	3086	99.10	28	0.90	3114
	4.04
Figtree (Throsby)	Yes	424	53.20	373	46.80	797	98.76	10	1.24	807
	1.05
Hayes Park	No	1058	44.08	1342	55.92	2400	99.05	23	0.95	2423	3.14
Kemblawarra	Yes	653	55.11	532	44.89	1185	99.16	10	0.84	1195	1.55
Koonawarra	No	865	38.51	1381	61.49	2246	98.86	26	1.14	2272	2.95
Lake Heights	Yes	720	53.49	626	46.51	1346	99.19	11	0.81	1357
	1.76
Lake Illawarra	No	789	48.55	836	51.45	1625	99.02	16	0.98	1641
	2.13
Lakelands	No	800	45.22	969	54.78	1769	98.94	19	1.06	1788	2.32
Marshall Mount	No	41	33.06	83	66.94	124	100.00	0	0.00
	124	0.16
Mount Brown	No	808	40.91	1167	59.09	1975	99.45	11	0.55	1986	2.58
Mount Terry	No	499	44.40	625	55.60	1124	99.12	10	0.88	1134	1.47
Mount Warrigal	No	1232	49.68	1248	50.32	2480	98.73	32	1.27	2512
	3.26
Oak Flats	No	1508	45.68	1793	54.32	3301	98.77	41	1.23	3342	4.33
Oak Flats East	No	474	49.32	487	50.68	961	98.97	10	1.03	971
	1.26
Port Kembla	Yes	356	59.73	240	40.27	596	99.00	6	1.00	602	0.78
Port Kembla Central	Yes	893	55.09	728	44.91	1621	97.71	38	2.29
	1659	2.15
Primbee	No	448	45.39	539	54.61	987	98.60	14	1.40	1001	1.30
Shellharbour	Yes	1493	51.08	1430	48.92	2923	99.49	15	0.51	2938
	3.81
Sydney (Throsby)	Yes	29	53.70	25	46.30	54	98.18	1	1.82	55
	0.07
Unanderra (Throsby)	Yes	60	58.82	42	41.18	102	98.08	2	1.92
	104	0.13
Unanderra Central (Throsby)	Yes	397	58.64	280	41.36	677	98.12	13
	1.88	690	0.89
Warilla	No	521	43.82	668	56.18	1189	98.92	13	1.08	1202	1.56
Warilla East	No	846	48.32	905	51.68	1751	99.09	16	0.91	1767
	2.29
Warilla North	No	820	41.60	1151	58.40	1971	99.00	20	1.00	1991
	2.58
Warilla South	No	1089	47.22	1217	52.78	2306	99.27	17	0.73	2323
	3.01
Warrawong	Yes	1004	55.38	809	44.62	1813	97.74	42	2.26	1855	2.41
Warrawong Central	Yes	742	52.92	660	47.08	1402	98.52	21	1.48	1423
	1.85
West Dapto	No	1046	46.41	1208	53.59	2254	98.99	23	1.01	2277	2.95
Windang	No	704	44.17	890	55.83	1594	99.25	12	0.75	1606	2.08
Special Hospitals	No	90	39.30	139	60.70	229	98.71	3	1.29	232
	0.30
Total Ordinary	No	31975	47.15	35835	52.85	67810	98.96	715	1.04	68525
	88.85
ABSENT	No	1705	47.60	1877	52.40	3582	99.31	25	0.69	3607	4.68
POSTAL	No	699	38.43	1120	61.57	1819	99.51	9	0.49	1828	2.37
PRE_POLL	No	1333	46.76	1518	53.24	2851	99.41	17	0.59	2868	3.72
PROVISIONAL	No	118	40.27	175	59.73	293	99.66	1	0.34	294	0.38
Division Summary	No	35830	46.93	40525	53.07	76355	99.01	767	0.99	77122
	96.00
