Referendum: 6 November 1999									
		
Referendum Results										
	
By Division by Polling Place									
		

"A proposed law for the Alteration of the Constitution, entitled"			
								
   the Constitutional Alteration (Preamble) 1999					
						
											
											
Victoria											
Indi (84170)											

		Yes		No		Formal		Informal		Total	
Polling Place		                                                             
Votes	%	Votes	%	Votes	%	Votes	%	Votes	%
Arcadia	No	38	27.54	100	72.46	138	100.00	0	0.00	138
	0.17
Baddaginnie	No	69	32.39	144	67.61	213	99.07	2	0.93	215	0.27
Baranduda	No	214	42.13	294	57.87	508	99.61	2	0.39	510	0.63
Barnawartha	No	211	32.16	445	67.84	656	99.70	2	0.30	658	0.82
Beechworth	No	683	35.28	1253	64.72	1936	98.98	20	1.02	1956	2.43
Benalla	No	929	29.77	2192	70.23	3121	99.17	26	0.83	3147	3.91
Benalla District Hospital	No	11	32.35	23	67.65	34	97.14	1
	2.86	35	0.04
Benalla West	No	810	30.31	1862	69.69	2672	99.04	26	0.96	2698
	3.35
Bethanga	No	138	29.49	330	70.51	468	98.73	6	1.27	474	0.59
Bonegilla	No	129	34.68	243	65.32	372	99.20	3	0.80	375	0.47
Boorhaman	No	30	22.56	103	77.44	133	100.00	0	0.00	133
	0.17
Boosey	No	34	28.57	85	71.43	119	100.00	0	0.00	119
	0.15
Bright	No	440	29.59	1047	70.41	1487	98.80	18	1.20	1505	1.87
Bullioh	No	23	21.30	85	78.70	108	100.00	0	0.00	108
	0.13
Bundalong	No	64	24.81	194	75.19	258	99.61	1	0.39	259	0.32
Caniambo	No	17	21.79	61	78.21	78	100.00	0	0.00	78
	0.10
Carboor	No	6	25.00	18	75.00	24	100.00	0	0.00	24
	0.03
Cheshunt	No	62	41.33	88	58.67	150	99.34	1	0.66	151	0.19
Chiltern	No	298	32.25	626	67.75	924	99.46	5	0.54	929	1.15
Corryong	No	317	28.77	785	71.23	1102	98.57	16	1.43	1118	1.39
Cudgewa	No	37	17.37	176	82.63	213	100.00	0	0.00	213
	0.26
Dederang	No	68	29.31	164	70.69	232	99.57	1	0.43	233	0.29
Devenish	No	26	15.76	139	84.24	165	100.00	0	0.00	165
	0.21
Edi Upper	No	17	26.15	48	73.85	65	100.00	0	0.00	65
	0.08
Eldorado	No	71	30.87	159	69.13	230	98.71	3	1.29	233	0.29
Eskdale	No	47	18.58	206	81.42	253	99.22	2	0.78	255	0.32
Euroa	No	677	28.18	1725	71.82	2402	99.38	15	0.62	2417	3.00
Everton	No	36	23.38	118	76.62	154	100.00	0	0.00	154
	0.19
Falls Creek	Yes	22	52.38	20	47.62	42	100.00	0	0.00	42
	0.05
Gapsted	No	53	31.93	113	68.07	166	98.22	3	1.78	169	0.21
Glenrowan	No	182	28.89	448	71.11	630	99.37	4	0.63	634	0.79
Goorambat	No	50	24.51	154	75.49	204	99.51	1	0.49	205	0.25
Granya	No	24	38.10	39	61.90	63	100.00	0	0.00	63
	0.08
Greta Valley	No	40	23.95	127	76.05	167	98.82	2	1.18	169
	0.21
Harrietville	No	68	40.00	102	60.00	170	99.42	1	0.58	171
	0.21
Invergordon	No	70	18.23	314	81.77	384	100.00	0	0.00	384
	0.48
Katandra West	No	94	18.11	425	81.89	519	99.62	2	0.38	521
	0.65
Kergunyah	No	84	36.21	148	63.79	232	99.57	1	0.43	233	0.29
Kiewa	No	156	29.43	374	70.57	530	100.00	0	0.00	530	0.66
Londrigan	No	40	32.52	83	67.48	123	100.00	0	0.00	123
	0.15
Lurg	No	48	31.37	105	68.63	153	100.00	0	0.00	153	0.19
Markwood	No	67	34.54	127	65.46	194	100.00	0	0.00	194
	0.24
Melbourne (Indi)	No	25	49.02	26	50.98	51	100.00	0	0.00	51
	0.06
Milawa	No	79	24.01	250	75.99	329	99.10	3	0.90	332	0.41
Mitta Mitta	No	47	28.48	118	71.52	165	100.00	0	0.00	165
	0.21
Molyullah	No	33	34.02	64	65.98	97	100.00	0	0.00	97
	0.12
Mongans Bridge	No	27	22.69	92	77.31	119	100.00	0	0.00
	119	0.15
Mount Beauty	No	329	32.54	682	67.46	1011	99.21	8	0.79	1019
	1.27
Moyhu	No	130	30.02	303	69.98	433	99.77	1	0.23	434	0.54
Mudgegonga	No	42	33.87	82	66.13	124	100.00	0	0.00	124
	0.15
Myrrhee	No	29	30.21	67	69.79	96	98.97	1	1.03	97	0.12
Myrtleford	No	894	34.79	1676	65.21	2570	98.73	33	1.27	2603	3.24
Oxley	No	87	25.66	252	74.34	339	99.71	1	0.29	340	0.42
Porepunkah	No	193	32.99	392	67.01	585	98.98	6	1.02	591	0.73
Rutherglen	No	510	33.44	1015	66.56	1525	99.22	12	0.78	1537	1.91
St James	No	41	19.43	170	80.57	211	99.06	2	0.94	213	0.26
Sandy Creek	No	46	28.40	116	71.60	162	98.78	2	1.22	164	0.20
Springhurst	No	40	20.00	160	80.00	200	99.50	1	0.50	201	0.25
Stanley	No	66	32.20	139	67.80	205	99.51	1	0.49	206	0.26
Strathbogie	No	70	28.81	173	71.19	243	99.59	1	0.41	244	0.30
Swanpool	No	92	26.44	256	73.56	348	98.31	6	1.69	354	0.44
Tallangatta	No	250	29.83	588	70.17	838	99.29	6	0.71	844	1.05
Tallangatta Valley	No	30	30.30	69	69.70	99	100.00	0
	0.00	99	0.12
Tarrawingee	No	40	21.16	149	78.84	189	98.44	3	1.56	192	0.24
Tatong	No	54	31.76	116	68.24	170	99.42	1	0.58	171	0.21
Tawonga	No	98	28.08	251	71.92	349	100.00	0	0.00	349
	0.43
Thoona	No	56	28.28	142	71.72	198	100.00	0	0.00	198
	0.25
Tungamah	No	81	24.77	246	75.23	327	99.09	3	0.91	330	0.41
Violet Town	No	197	27.67	515	72.33	712	99.58	3	0.42	715	0.89
Wahgunyah	No	198	33.56	392	66.44	590	98.99	6	1.01	596	0.74
Walwa	No	55	24.55	169	75.45	224	99.56	1	0.44	225	0.28
Wandiligong	No	66	38.60	105	61.40	171	100.00	0	0.00	171
	0.21
Wangaratta	No	682	34.08	1319	65.92	2001	98.86	23	1.14	2024	2.52
Wangaratta Hospital	No	56	40.29	83	59.71	139	98.58	2	1.42
	141	0.18
Wangaratta West	No	682	29.79	1607	70.21	2289	98.88	26	1.12	2315
	2.88
Warrenbayne	No	23	33.33	46	66.67	69	100.00	0	0.00	69
	0.09
West End	No	757	34.02	1468	65.98	2225	98.84	26	1.16	2251	2.80
Whitfield	No	64	33.51	127	66.49	191	100.00	0	0.00	191
	0.24
Whorouly	No	112	30.60	254	69.40	366	99.73	1	0.27	367	0.46
Wodonga	No	2627	35.67	4738	64.33	7365	98.93	80	1.07	7445	9.25
Wodonga Central	No	943	33.64	1860	66.36	2803	98.77	35	1.23	2838
	3.53
Wodonga District Hospital	No	40	43.01	53	56.99	93	100.00	0
	0.00	93	0.12
Wodonga South	No	1017	36.58	1763	63.42	2780	99.39	17	0.61	2797
	3.48
Wodonga West	No	1045	36.89	1788	63.11	2833	98.81	34	1.19	2867
	3.56
Wooragee	No	55	33.13	111	66.87	166	100.00	0	0.00	166
	0.21
Yackandandah	No	385	35.26	707	64.74	1092	99.82	2	0.18	1094
	1.36
Yarrawonga	No	635	28.50	1593	71.50	2228	99.42	13	0.58	2241	2.79
Yarrawonga West	No	396	30.23	914	69.77	1310	99.62	5	0.38	1315
	1.63
Yarrunga	No	893	28.69	2220	71.31	3113	98.79	38	1.21	3151	3.92
Special Hospitals	No	72	30.38	165	69.62	237	98.75	3	1.25	240
	0.30
Total Ordinary	No	20889	31.76	44883	68.24	65772	99.14	570	0.86	66342
	82.47
ABSENT	No	1578	40.19	2348	59.81	3926	99.52	19	0.48	3945	4.90
POSTAL	No	580	26.93	1574	73.07	2154	99.26	16	0.74	2170	2.70
PRE_POLL	No	2540	32.40	5300	67.60	7840	99.62	30	0.38	7870	9.78
PROVISIONAL	No	45	38.79	71	61.21	116	99.15	1	0.85	117	0.15
Division Summary	No	25632	32.12	54176	67.88	79808	99.21	636	0.79	80444
	95.57
