Referendum: 6 November 1999									
		
Referendum Results										
	
By Division by Polling Place									
		

"A proposed law for the Alteration of the Constitution, entitled"			
								
   the Constitutional Alteration (Establishment of Republic) 1999			
								
											
											
New South Wales											
Dobell (86105)											

		Yes		No		Formal		Informal		Total	
Polling Place		Votes	%	Votes	%	Votes	%	Votes	%	Votes	%
Bateau Bay Central	No	292	36.23	514	63.77	806	99.63	3	0.37
	809	0.98
Bateau Bay East	No	896	46.94	1013	53.06	1909	99.38	12	0.62	1921
	2.34
Bateau Bay South	No	529	45.06	645	54.94	1174	99.41	7	0.59	1181
	1.44
Bateau Bay West	No	155	35.55	281	64.45	436	100.00	0	0.00
	436	0.53
Berkeley Vale	No	1231	43.07	1627	56.93	2858	99.03	28	0.97	2886
	3.51
Berkeley Vale North	No	551	39.93	829	60.07	1380	98.85	16	1.15
	1396	1.70
Blue Haven	No	637	37.40	1066	62.60	1703	99.42	10	0.58	1713	2.09
Charmhaven	No	490	38.98	767	61.02	1257	99.76	3	0.24	1260	1.53
Chittaway Bay	No	1159	42.86	1545	57.14	2704	99.08	25	0.92	2729
	3.32
Chittaway Point	No	173	42.40	235	57.60	408	100.00	0	0.00
	408	0.50
Dooralong	No	43	33.33	86	66.67	129	100.00	0	0.00	129
	0.16
Erina Heights (Dobell)	Yes	409	53.82	351	46.18	760	99.35	5	0.65
	765	0.93
Forresters Beach	No	536	45.19	650	54.81	1186	99.33	8	0.67	1194
	1.45
Gorokan	No	610	40.40	900	59.60	1510	99.28	11	0.72	1521	1.85
Gorokan North	No	1071	40.01	1606	59.99	2677	99.26	20	0.74	2697
	3.28
Holgate	No	318	48.77	334	51.23	652	99.69	2	0.31	654	0.80
Jilliby	No	165	42.42	224	57.58	389	99.74	1	0.26	390	0.47
Kanwal	No	1037	39.64	1579	60.36	2616	98.94	28	1.06	2644	3.22
Killarney Vale	No	593	41.32	842	58.68	1435	99.17	12	0.83	1447
	1.76
Killarney Vale South	No	1461	40.39	2156	59.61	3617	98.85	42	1.15
	3659	4.45
Kulnura	No	140	38.57	223	61.43	363	100.00	0	0.00	363
	0.44
Lake Haven	No	608	40.48	894	59.52	1502	99.40	9	0.60	1511	1.84
Lisarow	No	809	48.73	851	51.27	1660	99.34	11	0.66	1671	2.03
Long Jetty	No	611	37.28	1028	62.72	1639	98.91	18	1.09	1657	2.02
Long Jetty East	No	495	41.56	696	58.44	1191	99.00	12	1.00	1203
	1.46
Mardi	No	362	44.04	460	55.96	822	99.76	2	0.24	824	1.00
Narara	No	431	40.62	630	59.38	1061	99.53	5	0.47	1066	1.30
Niagara Park (Dobell)	No	1254	46.27	1456	53.73	2710	99.12	24	0.88
	2734	3.33
Ourimbah	No	946	48.19	1017	51.81	1963	99.19	16	0.81	1979	2.41
San Remo (Dobell)	No	55	41.98	76	58.02	131	96.32	5	3.68	136
	0.17
Shelly Beach	No	1099	45.30	1327	54.70	2426	99.18	20	0.82	2446
	2.98
Sydney (Dobell)	Yes	45	57.69	33	42.31	78	97.50	2	2.50	80
	0.10
Tacoma	No	190	38.15	308	61.85	498	98.81	6	1.19	504	0.61
Terrigal (Dobell)	No	311	50.00	311	50.00	622	98.42	10	1.58	632
	0.77
Terrigal Lagoon	No	480	48.14	517	51.86	997	99.50	5	0.50	1002
	1.22
The Entrance	No	759	39.06	1184	60.94	1943	99.28	14	0.72	1957
	2.38
The Entrance North	No	284	42.14	390	57.86	674	98.39	11	1.61
	685	0.83
Tuggerah	No	292	43.52	379	56.48	671	98.97	7	1.03	678	0.83
Tuggerawong	No	224	40.22	333	59.78	557	98.93	6	1.07	563	0.69
Tumbi Umbi	No	440	41.47	621	58.53	1061	98.88	12	1.12	1073	1.31
Valley View	Yes	193	51.47	182	48.53	375	99.73	1	0.27	376	0.46
Wamberal	No	1143	48.85	1197	51.15	2340	99.11	21	0.89	2361	2.87
Wamberal North	No	395	48.83	414	51.17	809	98.66	11	1.34	820
	1.00
Warnervale	No	503	42.95	668	57.05	1171	98.99	12	1.01	1183	1.44
Watanobbi	No	477	36.86	817	63.14	1294	99.39	8	0.61	1302	1.58
Wyoming (Dobell)	No	1032	40.39	1523	59.61	2555	98.80	31	1.20	2586
	3.15
Wyoming Central	No	995	44.36	1248	55.64	2243	99.20	18	0.80	2261
	2.75
Wyong	No	739	41.33	1049	58.67	1788	99.06	17	0.94	1805	2.20
Wyongah	No	441	43.28	578	56.72	1019	99.51	5	0.49	1024	1.25
Wyong Creek	No	62	44.93	76	55.07	138	100.00	0	0.00	138
	0.17
Wyong East	No	258	38.05	420	61.95	678	99.71	2	0.29	680	0.83
Yarramalong	No	96	43.64	124	56.36	220	99.55	1	0.45	221	0.27
Special Hospitals	No	236	35.81	423	64.19	659	99.10	6	0.90	665
	0.81
Total Ordinary	No	28761	42.63	38703	57.37	67464	99.18	561	0.82	68025
	82.80
ABSENT	No	2764	46.84	3137	53.16	5901	99.39	36	0.61	5937	7.23
POSTAL	No	893	35.19	1645	64.81	2538	99.57	11	0.43	2549	3.10
PRE_POLL	No	2139	40.15	3188	59.85	5327	99.57	23	0.43	5350	6.51
PROVISIONAL	No	123	42.56	166	57.44	289	99.66	1	0.34	290	0.35
Division Summary	No	34680	42.54	46839	57.46	81519	99.23	632	0.77	82151
	95.41
