Referendum: 6 November 1999									
		
Referendum Results										
	
By Division by Polling Place									
		

"A proposed law for the Alteration of the Constitution, entitled"			
								
   the Constitutional Alteration (Preamble) 1999					
						
											
											
Victoria											
Corangamite (82467)										
	

		Yes		No		Formal		Informal		Total	
Polling Place		                                                             
Votes	%	Votes	%	Votes	%	Votes	%	Votes	%
Aireys Inlet	No	240	43.80	308	56.20	548	99.10	5	0.90	553
	0.70
Alvie	No	40	22.86	135	77.14	175	100.00	0	0.00	175	0.22
Anglesea	No	662	44.34	831	55.66	1493	99.14	13	0.86	1506	1.89
Apollo Bay	No	436	36.49	759	63.51	1195	98.84	14	1.16	1209	1.52
Bannockburn	No	454	34.68	855	65.32	1309	99.47	7	0.53	1316	1.65
Barongarook	No	46	40.00	69	60.00	115	100.00	0	0.00	115
	0.14
Barwon Heads	No	671	43.71	864	56.29	1535	99.48	8	0.52	1543
	1.94
Beeac	No	93	24.28	290	75.72	383	99.74	1	0.26	384	0.48
Bellbrae	No	239	46.77	272	53.23	511	99.42	3	0.58	514	0.65
Belmont	No	842	41.07	1208	58.93	2050	98.89	23	1.11	2073	2.61
Belmont North	No	1021	40.12	1524	59.88	2545	99.07	24	0.93	2569
	3.23
Birregurra	No	184	32.68	379	67.32	563	98.43	9	1.57	572	0.72
Carlisle River	Yes	71	71.00	29	29.00	100	100.00	0	0.00
	100	0.13
Ceres	No	244	41.43	345	58.57	589	99.49	3	0.51	592	0.74
Colac	No	509	26.76	1393	73.24	1902	98.70	25	1.30	1927	2.42
Colac East	No	662	29.34	1594	70.66	2256	98.77	28	1.23	2284	2.87
Colac West	No	536	26.39	1495	73.61	2031	99.22	16	0.78	2047	2.57
Collendina	No	1203	40.34	1779	59.66	2982	99.23	23	0.77	3005	3.78
Connewarre	Yes	92	53.18	81	46.82	173	99.43	1	0.57	174	0.22
Cororooke	No	124	29.04	303	70.96	427	98.84	5	1.16	432	0.54
Cressy	No	43	30.71	97	69.29	140	100.00	0	0.00	140
	0.18
Deans Marsh	No	106	40.93	153	59.07	259	99.23	2	0.77	261	0.33
Dereel	No	81	30.22	187	69.78	268	99.26	2	0.74	270	0.34
Drysdale (Corangamite)	No	266	35.80	477	64.20	743	99.20	6	0.80
	749	0.94
Elliminyt	No	392	29.28	947	70.72	1339	98.75	17	1.25	1356	1.70
Forrest	No	105	35.23	193	64.77	298	98.03	6	1.97	304	0.38
Freshwater Creek	No	60	35.71	108	64.29	168	98.82	2	1.18	170
	0.21
Gellibrand River	No	83	33.07	168	66.93	251	99.60	1	0.40	252
	0.32
Grovedale	No	1444	39.13	2246	60.87	3690	99.17	31	0.83	3721	4.68
Grovedale East	No	386	36.73	665	63.27	1051	99.06	10	0.94	1061
	1.33
Highton	No	1212	45.22	1468	54.78	2680	99.33	18	0.67	2698	3.39
Highton North	No	1220	43.29	1598	56.71	2818	99.26	21	0.74	2839
	3.57
Highton South	No	1034	43.28	1355	56.72	2389	99.21	19	0.79	2408
	3.03
Indented Head	No	124	34.73	233	65.27	357	99.17	3	0.83	360
	0.45
Inverleigh	No	188	31.70	405	68.30	593	99.00	6	1.00	599	0.75
Irrewillipe East	No	35	25.93	100	74.07	135	100.00	0	0.00
	135	0.17
Lavers Hill	No	87	43.94	111	56.06	198	98.02	4	1.98	202	0.25
Lethbridge	No	142	35.50	258	64.50	400	99.50	2	0.50	402	0.51
Lorne	No	372	43.11	491	56.89	863	98.18	16	1.82	879	1.11
Mandama	No	1075	40.63	1571	59.37	2646	98.84	31	1.16	2677	3.37
Melbourne (Corangamite)	No	35	53.85	30	46.15	65	100.00	0
	0.00	65	0.08
Meredith	No	151	33.78	296	66.22	447	98.46	7	1.54	454	0.57
Moriac	No	292	39.25	452	60.75	744	99.73	2	0.27	746	0.94
Mount Duneed	No	199	38.05	324	61.95	523	99.62	2	0.38	525
	0.66
Oberon	No	864	41.56	1215	58.44	2079	99.28	15	0.72	2094	2.63
Oberon South	No	659	40.55	966	59.45	1625	99.51	8	0.49	1633
	2.05
Ocean Grove	No	1535	53.45	1337	46.55	2872	99.27	21	0.73	2893	3.64
Pirron Yallock (Corangamite)	No	41	26.80	112	73.20	153	100.00	0
	0.00	153	0.19
Point Lonsdale	No	684	40.91	988	59.09	1672	99.23	13	0.77	1685
	2.12
Portarlington	No	713	34.83	1334	65.17	2047	99.61	8	0.39	2055
	2.58
Queenscliff	No	346	40.75	503	59.25	849	99.41	5	0.59	854	1.07
Rokewood	No	71	32.87	145	67.13	216	99.54	1	0.46	217	0.27
St Leonards	No	361	34.28	692	65.72	1053	99.15	9	0.85	1062	1.34
Shelford	No	40	29.20	97	70.80	137	100.00	0	0.00	137
	0.17
Simpson (Corangamite)	No	42	24.00	133	76.00	175	100.00	0
	0.00	175	0.22
Teesdale	No	222	36.75	382	63.25	604	99.51	3	0.49	607	0.76
Torquay	No	1273	48.66	1343	51.34	2616	99.02	26	0.98	2642	3.32
Torquay East	Yes	766	51.13	732	48.87	1498	99.47	8	0.53	1506
	1.89
Wallington	No	252	37.84	414	62.16	666	99.40	4	0.60	670	0.84
Warrion	No	42	25.15	125	74.85	167	100.00	0	0.00	167
	0.21
Winchelsea	No	296	25.94	845	74.06	1141	98.70	15	1.30	1156	1.45
Wiridjil (Corangamite)	No	33	35.11	61	64.89	94	100.00	0
	0.00	94	0.12
Wurdi Boluc	No	54	29.83	127	70.17	181	98.37	3	1.63	184	0.23
Special Hospitals	No	68	35.98	121	64.02	189	93.56	13	6.44	202
	0.25
Total Ordinary	No	25863	39.20	40118	60.80	65981	99.15	568	0.85	66549
	83.66
ABSENT	No	2541	44.05	3228	55.95	5769	99.40	35	0.60	5804	7.30
POSTAL	No	909	31.65	1963	68.35	2872	99.27	21	0.73	2893	3.64
PRE_POLL	No	1630	39.97	2448	60.03	4078	99.58	17	0.42	4095	5.15
PROVISIONAL	Yes	105	51.98	97	48.02	202	99.51	1	0.49	203	0.26
Division Summary	No	31048	39.35	47854	60.65	78902	99.19	642	0.81	79544
	96.46
