Referendum: 6 November 1999									
		
Referendum Results										
	
By Division by Polling Place									
		

"A proposed law for the Alteration of the Constitution, entitled"			
								
   the Constitutional Alteration (Establishment of Republic) 1999			
								
											
											
Queensland											
Brisbane (91109)											

		Yes		No		Formal		Informal		Total	
Polling Place		Votes	%	Votes	%	Votes	%	Votes	%	Votes	%
Alderley	No	894	44.68	1107	55.32	2001	99.26	15	0.74	2016	2.38
Ashgrove	Yes	1749	60.62	1136	39.38	2885	99.41	17	0.59	2902	3.43
Ashgrove West	Yes	1271	62.83	752	37.17	2023	99.31	14	0.69	2037
	2.40
Auchenflower	Yes	906	60.48	592	39.52	1498	99.40	9	0.60	1507
	1.78
Ballymore	Yes	326	58.01	236	41.99	562	99.65	2	0.35	564	0.67
Bardon	Yes	780	61.32	492	38.68	1272	99.37	8	0.63	1280	1.51
Brisbane City (Brisbane)	Yes	1243	59.79	836	40.21	2079	99.24	16
	0.76	2095	2.47
Buranda	Yes	228	54.68	189	45.32	417	99.29	3	0.71	420	0.50
Dorrington	Yes	670	53.34	586	46.66	1256	98.98	13	1.02	1269	1.50
Dutton Park	Yes	521	60.09	346	39.91	867	99.31	6	0.69	873	1.03
East Brisbane	Yes	1404	57.31	1046	42.69	2450	98.99	25	1.01	2475
	2.92
Enoggera	No	430	47.72	471	52.28	901	99.78	2	0.22	903	1.07
Ferny Grove (Brisbane)	No	131	44.41	164	55.59	295	99.33	2	0.67
	297	0.35
Fortitude Valley	Yes	338	63.53	194	36.47	532	99.25	4	0.75	536
	0.63
Gaythorne	No	512	44.41	641	55.59	1153	99.05	11	0.95	1164	1.37
Grange	Yes	450	50.96	433	49.04	883	99.44	5	0.56	888	1.05
Grange West	Yes	392	53.70	338	46.30	730	100.00	0	0.00	730
	0.86
Grovely (Brisbane)	No	208	41.03	299	58.97	507	98.83	6	1.17
	513	0.61
Hill End	Yes	940	66.29	478	33.71	1418	98.54	21	1.46	1439	1.70
Holy Spirit	Yes	999	60.18	661	39.82	1660	99.40	10	0.60	1670	1.97
Ithaca Creek	Yes	788	61.09	502	38.91	1290	99.61	5	0.39	1295
	1.53
Ithaca South	Yes	944	66.39	478	33.61	1422	99.58	6	0.42	1428
	1.69
Kangaroo Point	Yes	830	56.23	646	43.77	1476	99.66	5	0.34	1481
	1.75
Kelvin Grove	Yes	743	60.16	492	39.84	1235	99.20	10	0.80	1245
	1.47
Keperra (Brisbane)	No	918	41.50	1294	58.50	2212	98.97	23	1.03
	2235	2.64
Lutwyche	Yes	589	54.44	493	45.56	1082	98.72	14	1.28	1096	1.29
Mater Hospital	Yes	699	58.01	506	41.99	1205	98.21	22	1.79	1227
	1.45
Merthyr	Yes	717	55.15	583	44.85	1300	98.71	17	1.29	1317	1.55
Milton	Yes	1823	64.30	1012	35.70	2835	99.37	18	0.63	2853	3.37
Mitchelton (Brisbane)	No	865	45.57	1033	54.43	1898	99.48	10	0.52
	1908	2.25
New Farm	Yes	1785	64.72	973	35.28	2758	99.46	15	0.54	2773	3.27
Newmarket	Yes	998	57.03	752	42.97	1750	98.87	20	1.13	1770	2.09
Newmarket South	Yes	401	51.61	376	48.39	777	99.11	7	0.89	784
	0.93
Oxford Park (Brisbane)	No	307	43.55	398	56.45	705	98.74	9	1.26
	714	0.84
Paddington	Yes	887	63.86	502	36.14	1389	99.07	13	0.93	1402	1.65
Petrie Terrace	Yes	548	64.85	297	35.15	845	99.41	5	0.59	850
	1.00
Princess Alexandra Hospital	No	170	49.13	176	50.87	346	97.46	9
	2.54	355	0.42
Rainworth	Yes	1156	61.13	735	38.87	1891	99.53	9	0.47	1900	2.24
Red Hill	Yes	1080	74.59	368	25.41	1448	99.04	14	0.96	1462	1.73
Royal Brisbane Hospital	Yes	176	57.89	128	42.11	304	98.70	4	1.30
	308	0.36
South Brisbane	Yes	1039	63.39	600	36.61	1639	99.27	12	0.73	1651
	1.95
Spring Hill	Yes	590	56.03	463	43.97	1053	99.43	6	0.57	1059	1.25
Stafford (Brisbane)	No	247	48.43	263	51.57	510	99.61	2	0.39
	512	0.60
Stafford West (Brisbane)	No	155	44.54	193	55.46	348	99.71	1
	0.29	349	0.41
Toowong (Brisbane)	Yes	286	59.71	193	40.29	479	98.97	5	1.03
	484	0.57
West End	Yes	1697	67.13	831	32.87	2528	98.90	28	1.10	2556	3.02
Wilston School	Yes	1802	63.25	1047	36.75	2849	99.30	20	0.70	2869
	3.39
Windsor	Yes	836	51.96	773	48.04	1609	98.89	18	1.11	1627	1.92
Special Hospitals	No	302	39.07	471	60.93	773	99.36	5	0.64	778
	0.92
Total Ordinary	Yes	37770	57.80	27575	42.20	65345	99.21	521	0.79	65866
	77.75
ABSENT	Yes	5460	56.93	4131	43.07	9591	99.44	54	0.56	9645	11.38
POSTAL	No	1478	39.77	2238	60.23	3716	99.60	15	0.40	3731	4.40
PRE_POLL	Yes	3027	64.40	1673	35.60	4700	99.62	18	0.38	4718	5.57
PROVISIONAL	Yes	443	58.91	309	41.09	752	99.08	7	0.92	759	0.90
Division Summary	Yes	48178	57.28	35926	42.72	84104	99.27	615	0.73	84719
	92.99
