Referendum: 6 November 1999									
		
Referendum Results										
	
By Division by Polling Place									
		

"A proposed law for the Alteration of the Constitution, entitled"			
								
   the Constitutional Alteration (Establishment of Republic) 1999			
								
											
											
Western Australia											
Kalgoorlie (82624)										
	

		Yes		No		Formal		Informal		Total	
Polling Place		Votes	%	Votes	%	Votes	%	Votes	%	Votes	%
Ajana	No	35	25.55	102	74.45	137	99.28	1	0.72	138	0.19
Argyle	No	14	37.84	23	62.16	37	97.37	1	2.63	38	0.05
Balgo	No	33	41.77	46	58.23	79	98.75	1	1.25	80	0.11
Bodallin	No	17	23.61	55	76.39	72	100.00	0	0.00	72
	0.10
Boulder	No	1205	34.22	2316	65.78	3521	99.16	30	0.84	3551	4.96
Broome	Yes	1224	50.10	1219	49.90	2443	98.83	29	1.17	2472	3.45
Broome West	No	507	49.85	510	50.15	1017	99.03	10	0.97	1027	1.43
Bullfinch	No	9	16.98	44	83.02	53	100.00	0	0.00	53
	0.07
Burracoppin	No	16	20.00	64	80.00	80	100.00	0	0.00	80
	0.11
Carnarvon	No	434	29.03	1061	70.97	1495	99.40	9	0.60	1504	2.10
Carnarvon East	No	349	34.15	673	65.85	1022	98.65	14	1.35	1036
	1.45
Cascade	No	23	29.11	56	70.89	79	100.00	0	0.00	79
	0.11
Castletown	No	507	26.42	1412	73.58	1919	99.64	7	0.36	1926	2.69
Condingup	No	74	34.10	143	65.90	217	99.54	1	0.46	218	0.30
Cooke Point	Yes	298	53.50	259	46.50	557	99.29	4	0.71	561	0.78
Coolgardie	No	97	21.13	362	78.87	459	98.92	5	1.08	464	0.65
Coral Bay	No	21	28.77	52	71.23	73	97.33	2	2.67	75	0.10
Cue	No	38	26.95	103	73.05	141	98.60	2	1.40	143	0.20
Dalyup	No	19	15.32	105	84.68	124	99.20	1	0.80	125	0.17
Dampier	Yes	372	52.54	336	47.46	708	99.72	2	0.28	710	0.99
Denham	No	84	24.00	266	76.00	350	98.04	7	1.96	357	0.50
Derby	No	496	42.28	677	57.72	1173	99.24	9	0.76	1182	1.65
Esperance	No	794	31.87	1697	68.13	2491	99.20	20	0.80	2511	3.51
Exmouth	No	429	45.25	519	54.75	948	99.06	9	0.94	957	1.34
Fitzroy Crossing	No	137	35.68	247	64.32	384	97.22	11	2.78	395
	0.55
Gascoyne Junction	No	9	18.37	40	81.63	49	100.00	0	0.00	49
	0.07
Gibson	No	33	19.88	133	80.12	166	100.00	0	0.00	166
	0.23
Grass Patch	No	35	30.97	78	69.03	113	100.00	0	0.00	113
	0.16
Halls Creek	No	145	32.22	305	67.78	450	99.12	4	0.88	454	0.63
Hines Hill	No	12	22.22	42	77.78	54	100.00	0	0.00	54
	0.08
Horrocks	No	16	18.82	69	81.18	85	98.84	1	1.16	86	0.12
Jigalong	No	32	45.07	39	54.93	71	98.61	1	1.39	72	0.10
Kalbarri	No	221	34.05	428	65.95	649	99.54	3	0.46	652	0.91
Kalgoorlie	No	1284	37.67	2125	62.33	3409	98.96	36	1.04	3445	4.81
Kalgoorlie East	No	47	32.87	96	67.13	143	99.31	1	0.69	144
	0.20
Kalgoorlie Eastern Goldfields	No	195	36.72	336	63.28	531	99.62	2
	0.38	533	0.74
Kalgoorlie Halfway	No	623	36.22	1097	63.78	1720	99.08	16	0.92
	1736	2.42
Kalgoorlie Hannans	No	364	47.40	404	52.60	768	99.87	1	0.13
	769	1.07
Kalgoorlie North	No	644	38.91	1011	61.09	1655	99.22	13	0.78	1668
	2.33
Kalgoorlie Regional Hospital	No	212	41.57	298	58.43	510	98.65	7
	1.35	517	0.72
Kalgoorlie Wallace Park	No	205	41.92	284	58.08	489	100.00	0
	0.00	489	0.68
Kambalda	No	127	34.60	240	65.40	367	98.39	6	1.61	373	0.52
Kambalda West	No	284	32.38	593	67.62	877	99.66	3	0.34	880
	1.23
Karratha	Yes	690	50.96	664	49.04	1354	99.56	6	0.44	1360	1.90
Karratha West	Yes	1392	50.54	1362	49.46	2754	99.49	14	0.51	2768
	3.87
Kununurra	No	636	38.38	1021	61.62	1657	99.16	14	0.84	1671	2.33
Laverton	No	54	23.28	178	76.72	232	99.15	2	0.85	234	0.33
Leinster	No	137	44.19	173	55.81	310	99.36	2	0.64	312	0.44
Leonora	No	103	29.77	243	70.23	346	100.00	0	0.00	346
	0.48
Looma	No	37	24.67	113	75.33	150	98.68	2	1.32	152	0.21
Marble Bar	No	53	44.54	66	55.46	119	99.17	1	0.83	120	0.17
Marvel Loch	No	47	37.01	80	62.99	127	100.00	0	0.00	127
	0.18
Meekatharra	No	99	25.71	286	74.29	385	100.00	0	0.00	385
	0.54
Menzies	No	14	20.90	53	79.10	67	98.53	1	1.47	68	0.09
Merredin	No	286	30.85	641	69.15	927	98.93	10	1.07	937	1.31
Merredin District Hospital	No	93	33.70	183	66.30	276	98.57	4
	1.43	280	0.39
Merredin South	No	116	25.61	337	74.39	453	98.05	9	1.95	462
	0.65
Moorine Rock	No	17	17.17	82	82.83	99	100.00	0	0.00	99
	0.14
Mount Magnet	No	100	31.75	215	68.25	315	99.68	1	0.32	316
	0.44
Mowanjum	No	10	10.64	84	89.36	94	98.95	1	1.05	95	0.13
Mullewa	No	104	28.97	255	71.03	359	98.90	4	1.10	363	0.51
Munglinup (Kalgoorlie)	No	11	20.00	44	80.00	55	100.00	0
	0.00	55	0.08
Muntadgin	No	10	18.52	44	81.48	54	100.00	0	0.00	54
	0.08
Nabawa	No	33	18.33	147	81.67	180	100.00	0	0.00	180
	0.25
Newman	No	341	44.17	431	55.83	772	98.85	9	1.15	781	1.09
Newman North	No	324	43.55	420	56.45	744	98.94	8	1.06	752
	1.05
Noonkanbah	No	24	26.09	68	73.91	92	100.00	0	0.00	92
	0.13
Norseman	No	144	27.12	387	72.88	531	99.44	3	0.56	534	0.75
Northampton	No	198	23.97	628	76.03	826	99.28	6	0.72	832	1.16
Nullagine	No	44	44.00	56	56.00	100	99.01	1	0.99	101	0.14
Nulsen	No	354	30.20	818	69.80	1172	99.15	10	0.85	1182	1.65
Onslow	No	82	28.98	201	71.02	283	100.00	0	0.00	283
	0.40
Pannawonica	No	105	35.96	187	64.04	292	98.98	3	1.02	295	0.41
Paraburdoo	No	240	40.13	358	59.87	598	99.01	6	0.99	604	0.84
Perth (Kalgoorlie)	Yes	34	50.00	34	50.00	68	97.14	2	2.86	70
	0.10
Port Hedland	No	485	49.09	503	50.91	988	98.80	12	1.20	1000
	1.40
Roebourne	No	114	31.15	252	68.85	366	98.39	6	1.61	372	0.52
Rottnest (Kalgoorlie)	Yes	7	77.78	2	22.22	9	100.00	0
	0.00	9	0.01
Salmon Gums	No	31	26.05	88	73.95	119	99.17	1	0.83	120	0.17
Sandstone	No	15	37.50	25	62.50	40	100.00	0	0.00	40
	0.06
Scaddan	No	25	30.86	56	69.14	81	100.00	0	0.00	81
	0.11
Southern Cross	No	171	31.03	380	68.97	551	99.64	2	0.36	553
	0.77
South Hedland	No	529	44.42	662	55.58	1191	99.17	10	0.83	1201
	1.68
South Hedland Baler	No	666	44.52	830	55.48	1496	99.40	9	0.60
	1505	2.10
Tardun	No	22	25.88	63	74.12	85	100.00	0	0.00	85
	0.12
Telfer	No	5	25.00	15	75.00	20	100.00	0	0.00	20
	0.03
Tom Price	No	556	44.16	703	55.84	1259	99.37	8	0.63	1267	1.77
Useless Loop	No	27	44.26	34	55.74	61	100.00	0	0.00	61
	0.09
Wangkatjungka	No	21	18.42	93	81.58	114	100.00	0	0.00
	114	0.16
Warmun	No	43	35.83	77	64.17	120	98.36	2	1.64	122	0.17
Westonia	No	19	22.62	65	77.38	84	100.00	0	0.00	84
	0.12
Wickham	No	307	39.87	463	60.13	770	99.48	4	0.52	774	1.08
Wiluna	No	31	28.44	78	71.56	109	100.00	0	0.00	109
	0.15
Wyndham	No	106	28.12	271	71.88	377	99.74	1	0.26	378	0.53
Yalgoo	No	8	17.78	37	82.22	45	100.00	0	0.00	45
	0.06
Yandeyarra	No	37	50.00	37	50.00	74	100.00	0	0.00	74
	0.10
Yuna	No	38	32.48	79	67.52	117	99.15	1	0.85	118	0.16
Special Hospitals	No	60	32.26	126	67.74	186	93.94	12	6.06	198
	0.28
Remote Mobiles	No	893	43.95	1139	56.05	2032	98.98	21	1.02	2053
	2.87
Prison Mobiles	No	24	26.09	68	73.91	92	98.92	1	1.08	93
	0.13
Total Ordinary	No	21892	37.83	35970	62.17	57862	99.18	478	0.82	58340
	81.49
ABSENT	No	2361	38.63	3751	61.37	6112	99.43	35	0.57	6147	8.59
POSTAL	No	666	30.71	1503	69.29	2169	99.31	15	0.69	2184	3.05
PRE_POLL	No	1799	41.15	2573	58.85	4372	99.50	22	0.50	4394	6.14
PROVISIONAL	No	180	34.82	337	65.18	517	98.48	8	1.52	525	0.73
Division Summary	No	26898	37.87	44134	62.13	71032	99.22	558	0.78	71590
	86.65
