Referendum: 6 November 1999									
		
Referendum Results										
	
By Division by Polling Place									
		

"A proposed law for the Alteration of the Constitution, entitled"			
								
   the Constitutional Alteration (Establishment of Republic) 1999			
								
											
											
South Australia											
Hindmarsh (84270)											

		Yes		No		Formal		Informal		Total	
Polling Place		Votes	%	Votes	%	Votes	%	Votes	%	Votes	%
Adelaide (Hindmarsh)	Yes	95	61.69	59	38.31	154	98.09	3	1.91
	157	0.19
Ascot Park South	No	454	43.95	579	56.05	1033	98.57	15	1.43	1048
	1.29
Brooklyn Park	No	893	47.60	983	52.40	1876	98.89	21	1.11	1897
	2.34
Brooklyn Park South	No	505	45.50	605	54.50	1110	98.84	13	1.16
	1123	1.38
Camden Park	No	660	47.55	728	52.45	1388	99.50	7	0.50	1395	1.72
Cowandilla	Yes	1088	59.39	744	40.61	1832	97.92	39	2.08	1871	2.31
Cowandilla West	Yes	321	51.52	302	48.48	623	98.89	7	1.11	630
	0.78
Edwardstown	No	667	43.40	870	56.60	1537	98.91	17	1.09	1554	1.92
Flinders Park	No	1511	49.49	1542	50.51	3053	98.93	33	1.07	3086
	3.81
Forbes	No	1072	44.08	1360	55.92	2432	98.90	27	1.10	2459	3.03
Fulham	No	872	47.31	971	52.69	1843	98.82	22	1.18	1865	2.30
Fulham Gardens	Yes	1896	55.75	1505	44.25	3401	98.29	59	1.71	3460
	4.27
Glandore	Yes	673	52.46	610	47.54	1283	99.23	10	0.77	1293	1.59
Glenelg Central	Yes	850	51.45	802	48.55	1652	99.52	8	0.48	1660
	2.05
Glenelg East	Yes	821	52.66	738	47.34	1559	99.11	14	0.89	1573
	1.94
Glenelg North	No	1039	47.64	1142	52.36	2181	99.00	22	1.00	2203
	2.72
Glenelg South	Yes	962	50.98	925	49.02	1887	99.32	13	0.68	1900
	2.34
Glengowrie	No	803	45.75	952	54.25	1755	99.77	4	0.23	1759	2.17
Grovene	No	645	47.78	705	52.22	1350	99.12	12	0.88	1362	1.68
Henley Beach	Yes	1251	55.43	1006	44.57	2257	98.86	26	1.14	2283
	2.82
Henley South	Yes	829	54.76	685	45.24	1514	99.21	12	0.79	1526
	1.88
Kidman Park	Yes	533	51.95	493	48.05	1026	98.46	16	1.54	1042	1.28
Kidman Park South	Yes	1411	58.21	1013	41.79	2424	98.82	29	1.18	2453
	3.02
Kurralta Park	Yes	725	51.56	681	48.44	1406	99.08	13	0.92	1419
	1.75
Lockleys	No	902	48.73	949	51.27	1851	99.14	16	0.86	1867	2.30
Lockleys North	Yes	644	51.69	602	48.31	1246	98.34	21	1.66	1267
	1.56
Morphettville	No	517	42.14	710	57.86	1227	98.79	15	1.21	1242
	1.53
Netley	No	743	46.18	866	53.82	1609	99.02	16	0.98	1625	2.00
Novar Gardens	No	793	44.35	995	55.65	1788	99.22	14	0.78	1802
	2.22
Park Holme	No	625	39.11	973	60.89	1598	98.82	19	1.18	1617	1.99
Park Holme South	No	727	45.87	858	54.13	1585	98.94	17	1.06	1602
	1.98
Plympton	No	907	46.25	1054	53.75	1961	98.84	23	1.16	1984	2.45
Plympton Park	No	679	47.09	763	52.91	1442	99.04	14	0.96	1456
	1.80
Plympton West	No	675	48.35	721	51.65	1396	98.73	18	1.27	1414
	1.74
Richmond	Yes	914	51.35	866	48.65	1780	98.56	26	1.44	1806	2.23
Somerton Park East	No	618	43.16	814	56.84	1432	99.10	13	0.90
	1445	1.78
South Plympton	No	519	45.85	613	54.15	1132	98.35	19	1.65	1151
	1.42
Torrensville	Yes	1531	61.26	968	38.74	2499	98.35	42	1.65	2541
	3.13
West Beach	Yes	1415	53.06	1252	46.94	2667	99.18	22	0.82	2689	3.32
West Richmond	No	434	47.90	472	52.10	906	98.80	11	1.20	917
	1.13
Special Hospitals	No	164	35.42	299	64.58	463	97.27	13	2.73	476
	0.59
Total Ordinary	No	33383	49.71	33775	50.29	67158	98.88	761	1.12	67919
	83.76
ABSENT	Yes	3561	52.71	3195	47.29	6756	99.21	54	0.79	6810	8.40
POSTAL	No	1010	35.50	1835	64.50	2845	99.58	12	0.42	2857	3.52
PRE_POLL	Yes	1594	50.78	1545	49.22	3139	99.46	17	0.54	3156	3.89
PROVISIONAL	Yes	184	52.72	165	47.28	349	99.71	1	0.29	350	0.43
Division Summary	No	39732	49.51	40515	50.49	80247	98.96	845	1.04	81092
	96.23
