Referendum: 6 November 1999									
		
Referendum Results										
	
By Division by Polling Place									
		

"A proposed law for the Alteration of the Constitution, entitled"			
								
   the Constitutional Alteration (Establishment of Republic) 1999			
								
											
											
New South Wales											
Shortland (80518)											

		Yes		No		Formal		Informal		Total	
Polling Place		Votes	%	Votes	%	Votes	%	Votes	%	Votes	%
Belmont	No	553	36.84	948	63.16	1501	99.08	14	0.92	1515	1.95
Belmont Central	No	669	41.14	957	58.86	1626	99.33	11	0.67	1637
	2.11
Belmont North	No	816	42.99	1082	57.01	1898	99.16	16	0.84	1914
	2.47
Belmont West	No	482	45.82	570	54.18	1052	99.43	6	0.57	1058
	1.36
Blacksmiths	No	495	48.10	534	51.90	1029	99.13	9	0.87	1038	1.34
Budgewoi	No	749	42.63	1008	57.37	1757	99.55	8	0.45	1765	2.28
Budgewoi Central	No	720	43.22	946	56.78	1666	99.34	11	0.66	1677
	2.16
Buff Point	No	683	43.28	895	56.72	1578	99.06	15	0.94	1593	2.05
Catherine Hill Bay	Yes	73	51.41	69	48.59	142	98.61	2	1.39
	144	0.19
Caves Beach	No	1255	49.82	1264	50.18	2519	99.33	17	0.67	2536	3.27
Chain Valley Bay	No	319	41.70	446	58.30	765	99.48	4	0.52	769
	0.99
Charlestown	No	1279	49.67	1296	50.33	2575	98.85	30	1.15	2605	3.36
Charlestown East	No	609	50.00	609	50.00	1218	99.19	10	0.81	1228
	1.58
Charlestown South	No	505	46.63	578	53.37	1083	99.36	7	0.64	1090
	1.41
Dudley	Yes	794	52.10	730	47.90	1524	99.28	11	0.72	1535	1.98
Eleebana	Yes	1794	54.75	1483	45.25	3277	99.03	32	0.97	3309	4.27
Floraville	No	642	46.02	753	53.98	1395	99.57	6	0.43	1401	1.81
Gateshead	No	615	45.32	742	54.68	1357	99.20	11	0.80	1368	1.76
Gateshead West	No	528	41.77	736	58.23	1264	99.22	10	0.78	1274
	1.64
Gwandalan	No	585	41.82	814	58.18	1399	99.29	10	0.71	1409	1.82
Hillsborough (Shortland)	No	495	47.23	553	52.77	1048	99.05	10
	0.95	1058	1.36
Jewells	No	991	49.30	1019	50.70	2010	99.01	20	0.99	2030	2.62
Kahibah	Yes	1005	50.38	990	49.62	1995	99.50	10	0.50	2005	2.58
Lake Munmorah	No	1000	42.21	1369	57.79	2369	99.20	19	0.80	2388
	3.08
Mannering Park	No	584	44.21	737	55.79	1321	99.32	9	0.68	1330
	1.71
Marks Point	No	656	45.87	774	54.13	1430	99.44	8	0.56	1438	1.85
Mount Hutton (Shortland)	No	647	46.75	737	53.25	1384	99.07	13
	0.93	1397	1.80
Norah Head	Yes	454	50.61	443	49.39	897	99.45	5	0.55	902	1.16
Nords Wharf	No	230	45.73	273	54.27	503	99.21	4	0.79	507	0.65
Pelican	No	341	45.77	404	54.23	745	99.60	3	0.40	748	0.96
Redhead	Yes	930	51.35	881	48.65	1811	99.40	11	0.60	1822	2.35
San Remo (Shortland)	No	789	39.91	1188	60.09	1977	99.05	19	0.95
	1996	2.57
Summerland Point	No	446	41.57	627	58.43	1073	99.17	9	0.83	1082
	1.39
Swansea	No	1122	43.54	1455	56.46	2577	99.31	18	0.69	2595	3.35
Swansea North	No	469	48.00	508	52.00	977	99.80	2	0.20	979
	1.26
Sydney (Shortland)	Yes	18	75.00	6	25.00	24	100.00	0
	0.00	24	0.03
Tingira Heights	No	432	48.11	466	51.89	898	99.12	8	0.88	906
	1.17
Toukley	No	676	39.37	1041	60.63	1717	98.91	19	1.09	1736	2.24
Toukley East	No	795	43.11	1049	56.89	1844	98.87	21	1.13	1865
	2.40
Valentine	Yes	1537	52.21	1407	47.79	2944	99.22	23	0.78	2967	3.83
Valentine East	Yes	316	56.23	246	43.77	562	99.47	3	0.53	565
	0.73
Warners Bay Central (Shortland)	No	99	40.74	144	59.26	243	98.78	3
	1.22	246	0.32
Whitebridge	No	584	49.87	587	50.13	1171	99.66	4	0.34	1175	1.51
Windale	No	887	38.17	1437	61.83	2324	98.94	25	1.06	2349	3.03
Special Hospitals	No	148	33.56	293	66.44	441	99.55	2	0.45	443
	0.57
Total Ordinary	No	29816	45.93	35094	54.07	64910	99.22	508	0.78	65418
	84.34
ABSENT	No	2211	45.32	2668	54.68	4879	99.23	38	0.77	4917	6.34
POSTAL	No	891	37.42	1490	62.58	2381	99.71	7	0.29	2388	3.08
PRE_POLL	No	1952	42.44	2647	57.56	4599	99.76	11	0.24	4610	5.94
PROVISIONAL	No	105	45.65	125	54.35	230	98.71	3	1.29	233	0.30
Division Summary	No	34975	45.42	42024	54.58	76999	99.27	567	0.73	77566
	96.33
