Referendum: 6 November 1999									
		
Referendum Results										
	
By Division by Polling Place									
		

"A proposed law for the Alteration of the Constitution, entitled"			
								
   the Constitutional Alteration (Establishment of Republic) 1999			
								
											
											
New South Wales											
Farrer (74884)											

		Yes		No		Formal		Informal		Total	
Polling Place		Votes	%	Votes	%	Votes	%	Votes	%	Votes	%
Albury	No	1084	45.64	1291	54.36	2375	99.04	23	0.96	2398	3.36
Albury East	No	358	37.61	594	62.39	952	98.86	11	1.14	963	1.35
Albury High School	No	1084	48.52	1150	51.48	2234	99.33	15	0.67
	2249	3.15
Albury Mercy Hospital	No	41	35.04	76	64.96	117	100.00	0
	0.00	117	0.16
Albury North	No	641	36.42	1119	63.58	1760	99.15	15	0.85	1775
	2.49
Albury North Central	No	507	33.14	1023	66.86	1530	99.29	11	0.71
	1541	2.16
Albury South	No	640	42.70	859	57.30	1499	99.27	11	0.73	1510
	2.12
Albury West	No	799	44.12	1012	55.88	1811	98.85	21	1.15	1832	2.57
Balldale	No	29	24.79	88	75.21	117	99.15	1	0.85	118	0.17
Balranald	No	315	33.83	616	66.17	931	99.47	5	0.53	936	1.31
Barham	No	283	25.70	818	74.30	1101	99.10	10	0.90	1111	1.56
Barooga	No	310	33.55	614	66.45	924	99.68	3	0.32	927	1.30
Berrigan	No	213	23.05	711	76.95	924	99.46	5	0.54	929	1.30
Blighty	No	34	22.08	120	77.92	154	98.72	2	1.28	156	0.22
Boree Creek	No	25	17.48	118	82.52	143	99.31	1	0.69	144	0.20
Brocklesby	No	28	22.40	97	77.60	125	99.21	1	0.79	126	0.18
Bunnaloo	No	26	22.22	91	77.78	117	99.15	1	0.85	118	0.17
Buronga	No	258	30.60	585	69.40	843	99.53	4	0.47	847	1.19
Burrumbuttock	No	48	22.97	161	77.03	209	99.52	1	0.48	210
	0.29
Caldwell	No	19	48.72	20	51.28	39	100.00	0	0.00	39
	0.05
Carabost	No	13	28.89	32	71.11	45	100.00	0	0.00	45
	0.06
Conargo	No	30	30.93	67	69.07	97	100.00	0	0.00	97
	0.14
Cookardinia	No	11	18.64	48	81.36	59	100.00	0	0.00	59
	0.08
Corowa	No	741	37.41	1240	62.59	1981	99.20	16	0.80	1997	2.80
Corowa Hospital	No	341	34.94	635	65.06	976	99.29	7	0.71	983
	1.38
Corowa South	No	235	37.42	393	62.58	628	99.37	4	0.63	632
	0.89
Culcairn	No	236	27.90	610	72.10	846	99.76	2	0.24	848	1.19
Curlwaa	No	33	23.24	109	76.76	142	98.61	2	1.39	144	0.20
Dareton	No	207	26.50	574	73.50	781	99.11	7	0.89	788	1.10
Daysdale	No	19	16.67	95	83.33	114	99.13	1	0.87	115	0.16
Deniliquin	No	500	34.65	943	65.35	1443	99.11	13	0.89	1456	2.04
Deniliquin Hospital	No	128	34.69	241	65.31	369	100.00	0
	0.00	369	0.52
Deniliquin North	No	309	26.78	845	73.22	1154	98.30	20	1.70	1174
	1.64
Deniliquin South	No	237	32.42	494	67.58	731	98.65	10	1.35	741
	1.04
Deniliquin West	No	444	30.29	1022	69.71	1466	98.85	17	1.15	1483
	2.08
Emery	No	20	14.49	118	85.51	138	100.00	0	0.00	138	0.19
Euston	No	97	23.72	312	76.28	409	97.15	12	2.85	421	0.59
Finley	No	410	24.48	1265	75.52	1675	99.00	17	1.00	1692	2.37
Gerogery	No	93	33.94	181	66.06	274	99.64	1	0.36	275	0.39
Glenroy	No	872	40.02	1307	59.98	2179	99.23	17	0.77	2196	3.08
Gol Gol	No	126	27.57	331	72.43	457	98.92	5	1.08	462	0.65
Hatfield	No	3	10.00	27	90.00	30	100.00	0	0.00	30
	0.04
Henty	No	165	24.81	500	75.19	665	99.70	2	0.30	667	0.93
Holbrook	No	361	29.61	858	70.39	1219	99.27	9	0.73	1228	1.72
Howlong	No	444	34.23	853	65.77	1297	99.23	10	0.77	1307	1.83
Hume	No	575	37.78	947	62.22	1522	99.54	7	0.46	1529	2.14
Jerilderie	No	199	26.60	549	73.40	748	99.07	7	0.93	755	1.06
Jindera	No	295	30.83	662	69.17	957	99.38	6	0.62	963	1.35
Jingellic	No	40	32.79	82	67.21	122	100.00	0	0.00	122
	0.17
Khancoban	No	125	43.10	165	56.90	290	98.64	4	1.36	294	0.41
Koraleigh	No	57	23.36	187	76.64	244	99.19	2	0.81	246	0.34
Kyalite	No	14	21.54	51	78.46	65	97.01	2	2.99	67	0.09
Lavington	No	1107	36.49	1927	63.51	3034	99.15	26	0.85	3060	4.29
Lavington East	No	755	35.70	1360	64.30	2115	98.92	23	1.08	2138
	3.00
Lockhart	No	181	25.46	530	74.54	711	99.72	2	0.28	713	1.00
Logie Brae	No	32	36.78	55	63.22	87	100.00	0	0.00	87
	0.12
Lowesdale	No	28	26.67	77	73.33	105	100.00	0	0.00	105
	0.15
Mathoura	No	165	27.73	430	72.27	595	98.51	9	1.49	604	0.85
Mayrung	No	32	29.09	78	70.91	110	97.35	3	2.65	113	0.16
Moama	No	669	31.29	1469	68.71	2138	99.21	17	0.79	2155	3.02
Morundah	No	13	23.64	42	76.36	55	100.00	0	0.00	55
	0.08
Morven	No	24	30.38	55	69.62	79	100.00	0	0.00	79
	0.11
Moulamein	No	128	29.09	312	70.91	440	98.65	6	1.35	446	0.62
Mullengandra	No	45	35.16	83	64.84	128	99.22	1	0.78	129
	0.18
Mulwala	No	406	33.95	790	66.05	1196	99.75	3	0.25	1199	1.68
Murray Downs	No	70	33.65	138	66.35	208	99.52	1	0.48	209
	0.29
Oaklands	No	62	24.22	194	75.78	256	99.22	2	0.78	258	0.36
Pomona	No	22	23.40	72	76.60	94	98.95	1	1.05	95	0.13
Pooncarie	No	8	9.88	73	90.12	81	100.00	0	0.00	81
	0.11
Pretty Pine	No	30	24.79	91	75.21	121	100.00	0	0.00	121
	0.17
Rand	No	39	21.20	145	78.80	184	100.00	0	0.00	184	0.26
Rennie	No	21	24.71	64	75.29	85	100.00	0	0.00	85
	0.12
Rosewood	No	43	25.60	125	74.40	168	100.00	0	0.00	168
	0.24
Springdale Heights	No	250	39.87	377	60.13	627	99.37	4	0.63
	631	0.88
Sydney (Farrer)	No	10	50.00	10	50.00	20	100.00	0	0.00	20
	0.03
Table Top	No	94	38.37	151	61.63	245	99.19	2	0.81	247	0.35
The Retreat	No	9	11.39	70	88.61	79	100.00	0	0.00	79
	0.11
Thurgoona	No	659	40.16	982	59.84	1641	99.21	13	0.79	1654	2.32
Tocumwal	No	348	27.82	903	72.18	1251	99.44	7	0.56	1258	1.76
Tooleybuc	No	80	32.65	165	67.35	245	100.00	0	0.00	245
	0.34
Tooma	No	27	23.08	90	76.92	117	98.32	2	1.68	119	0.17
Tumbarumba	No	425	32.82	870	67.18	1295	98.93	14	1.07	1309	1.83
Urana	No	99	29.64	235	70.36	334	99.40	2	0.60	336	0.47
Urangeline	No	16	19.75	65	80.25	81	100.00	0	0.00	81
	0.11
Wakool	No	95	27.94	245	72.06	340	100.00	0	0.00	340
	0.48
Walbundrie	No	39	20.86	148	79.14	187	100.00	0	0.00	187
	0.26
Walla Walla	No	120	24.05	379	75.95	499	99.60	2	0.40	501	0.70
Wanganella	No	10	20.83	38	79.17	48	100.00	0	0.00	48
	0.07
Wentworth	No	261	25.02	782	74.98	1043	99.33	7	0.67	1050	1.47
Womboota	No	8	11.43	62	88.57	70	100.00	0	0.00	70
	0.10
Woomargama	No	26	23.01	87	76.99	113	98.26	2	1.74	115	0.16
Special Hospitals	No	0	0.00	0	0.00	0	0.00	0	0.00	0
	0.00
Total Ordinary	No	20578	33.60	40675	66.40	61253	99.21	490	0.79	61743
	86.51
ABSENT	No	705	37.68	1166	62.32	1871	99.68	6	0.32	1877	2.63
POSTAL	No	675	26.24	1897	73.76	2572	99.54	12	0.46	2584	3.62
PRE_POLL	No	1965	40.47	2891	59.53	4856	99.39	30	0.61	4886	6.85
PROVISIONAL	No	85	30.47	194	69.53	279	99.64	1	0.36	280	0.39
Division Summary	No	24008	33.89	46823	66.11	70831	99.24	539	0.76	71370
	95.31
