Referendum: 6 November 1999									
		
Referendum Results										
	
By Division by Polling Place									
		

"A proposed law for the Alteration of the Constitution, entitled"			
								
   the Constitutional Alteration (Preamble) 1999					
						
											
											
Tasmania											
Franklin (65693)											

		Yes		No		Formal		Informal		Total	
Polling Place		                                                             
Votes	%	Votes	%	Votes	%	Votes	%	Votes	%
Adventure Bay	No	55	40.44	81	59.56	136	100.00	0	0.00
	136	0.21
Alonnah	No	79	38.54	126	61.46	205	99.51	1	0.49	206	0.33
Barnes Bay	No	36	30.51	82	69.49	118	98.33	2	1.67	120	0.19
Bellerive	No	1227	42.34	1671	57.66	2898	98.77	36	1.23	2934	4.63
Blackmans Bay	No	1192	43.57	1544	56.43	2736	98.92	30	1.08	2766
	4.36
Bligh	No	273	29.29	659	70.71	932	98.73	12	1.27	944	1.49
Bridgewater	No	569	24.24	1778	75.76	2347	98.49	36	1.51	2383	3.76
Cambridge	No	395	43.89	505	56.11	900	99.34	6	0.66	906	1.43
Clarendon Vale	No	202	27.08	544	72.92	746	98.94	8	1.06	754
	1.19
Cradoc	No	95	38.31	153	61.69	248	98.41	4	1.59	252	0.40
Cygnet	No	534	34.10	1032	65.90	1566	98.86	18	1.14	1584	2.50
Dover	No	157	28.81	388	71.19	545	98.55	8	1.45	553	0.87
Franklin	No	197	38.25	318	61.75	515	98.47	8	1.53	523	0.83
Gagebrook	No	404	25.06	1208	74.94	1612	98.29	28	1.71	1640	2.59
Geeveston	No	191	26.90	519	73.10	710	99.30	5	0.70	715	1.13
Geilston Bay	No	655	40.53	961	59.47	1616	99.20	13	0.80	1629
	2.57
Glen Huon	No	72	29.88	169	70.12	241	98.37	4	1.63	245	0.39
Grove	No	175	32.83	358	67.17	533	99.07	5	0.93	538	0.85
Howden	No	119	46.12	139	53.88	258	98.85	3	1.15	261	0.41
Howrah	No	1167	42.08	1606	57.92	2773	98.89	31	1.11	2804	4.42
Huonville	No	519	34.21	998	65.79	1517	98.63	21	1.37	1538	2.43
Judbury	No	51	22.27	178	77.73	229	100.00	0	0.00	229
	0.36
Kettering	No	193	42.42	262	57.58	455	98.27	8	1.73	463	0.73
Kingston	No	1686	42.87	2247	57.13	3933	98.97	41	1.03	3974	6.27
Kingston Beach	No	1169	45.35	1409	54.65	2578	99.00	26	1.00	2604
	4.11
Lauderdale	No	1058	45.00	1293	55.00	2351	98.86	27	1.14	2378	3.75
Lindisfarne	No	1033	42.83	1379	57.17	2412	99.06	23	0.94	2435	3.84
Loatta Road	No	713	44.26	898	55.74	1611	99.14	14	0.86	1625	2.56
Margate	No	618	40.18	920	59.82	1538	98.46	24	1.54	1562	2.46
Middleton	No	85	32.95	173	67.05	258	99.61	1	0.39	259	0.41
Montagu Bay	No	552	44.84	679	55.16	1231	99.51	6	0.49	1237	1.95
Mornington	No	162	33.54	321	66.46	483	98.37	8	1.63	491	0.77
Opossum Bay	No	72	40.22	107	59.78	179	99.44	1	0.56	180	0.28
Port Huon	No	86	31.27	189	68.73	275	99.28	2	0.72	277	0.44
Ranelagh	No	182	31.65	393	68.35	575	98.63	8	1.37	583	0.92
Risdon Vale	No	448	29.43	1074	70.57	1522	98.83	18	1.17	1540	2.43
Rokeby	No	500	30.30	1150	69.70	1650	98.63	23	1.37	1673	2.64
Sandfly	No	302	39.84	456	60.16	758	98.19	14	1.81	772	1.22
Sandford	No	459	46.41	530	53.59	989	99.20	8	0.80	997	1.57
Seven Mile Beach	No	338	46.05	396	53.95	734	98.79	9	1.21	743
	1.17
Snug	No	310	35.39	566	64.61	876	99.21	7	0.79	883	1.39
South Arm	No	176	36.59	305	63.41	481	99.79	1	0.21	482	0.76
Southport	No	50	34.01	97	65.99	147	99.32	1	0.68	148	0.23
Strathblane	No	36	30.25	83	69.75	119	100.00	0	0.00	119
	0.19
Surges Bay	No	39	26.17	110	73.83	149	98.68	2	1.32	151	0.24
Tranmere	No	823	45.70	978	54.30	1801	99.34	12	0.66	1813	2.86
Warrane	No	500	36.93	854	63.07	1354	98.90	15	1.10	1369	2.16
Wentworth Street	No	481	42.30	656	57.70	1137	99.48	6	0.52	1143
	1.80
Woodbridge	No	110	33.74	216	66.26	326	99.39	2	0.61	328	0.52
Special Hospitals	No	127	33.69	250	66.31	377	96.67	13	3.33	390
	0.62
Total Ordinary	No	20672	38.51	33008	61.49	53680	98.90	599	1.10	54279
	85.65
ABSENT	No	1838	43.80	2358	56.20	4196	99.10	38	0.90	4234	6.68
POSTAL	No	636	31.83	1362	68.17	1998	99.55	9	0.45	2007	3.17
PRE_POLL	No	1159	47.40	1286	52.60	2445	99.23	19	0.77	2464	3.89
PROVISIONAL	No	124	32.21	261	67.79	385	99.74	1	0.26	386	0.61
Division Summary	No	24429	38.96	38275	61.04	62704	98.95	666	1.05	63370
	96.46
