Referendum: 6 November 1999									
		
Referendum Results										
	
By Division by Polling Place									
		

"A proposed law for the Alteration of the Constitution, entitled"			
								
   the Constitutional Alteration (Preamble) 1999					
						
											
											
Queensland											
Lilley (86208)											

		Yes		No		Formal		Informal		Total	
Polling Place		                                                             
Votes	%	Votes	%	Votes	%	Votes	%	Votes	%
Ascot	No	1120	47.46	1240	52.54	2360	99.28	17	0.72	2377	2.91
Aspley (Lilley)	No	498	35.57	902	64.43	1400	99.22	11	0.78	1411
	1.73
Aspley East	No	767	38.27	1237	61.73	2004	99.21	16	0.79	2020	2.47
Banyo	No	506	31.20	1116	68.80	1622	98.66	22	1.34	1644	2.01
Banyo East	No	697	37.21	1176	62.79	1873	98.84	22	1.16	1895	2.32
Boondall	No	1622	37.21	2737	62.79	4359	99.11	39	0.89	4398	5.39
Brighton	No	671	33.65	1323	66.35	1994	98.76	25	1.24	2019	2.47
Brighton South	No	575	30.91	1285	69.09	1860	99.31	13	0.69	1873
	2.29
Brisbane City (Lilley)	No	195	40.46	287	59.54	482	98.57	7	1.43
	489	0.60
Chermside East	No	716	36.09	1268	63.91	1984	99.55	9	0.45	1993
	2.44
Clayfield	No	579	38.73	916	61.27	1495	99.73	4	0.27	1499	1.84
Clayfield West	No	1003	43.48	1304	56.52	2307	99.40	14	0.60	2321
	2.84
Deagon	No	393	30.73	886	69.27	1279	99.38	8	0.62	1287	1.58
Eventide Home	No	209	28.99	512	71.01	721	99.59	3	0.41	724
	0.89
Freemasons Homes	No	91	26.07	258	73.93	349	99.15	3	0.85	352
	0.43
Geebung	No	870	34.35	1663	65.65	2533	98.98	26	1.02	2559	3.14
Gordon Park	No	640	40.10	956	59.90	1596	99.13	14	0.87	1610	1.97
Hamilton	No	985	42.73	1320	57.27	2305	99.44	13	0.56	2318	2.84
Hendra	No	554	38.90	870	61.10	1424	99.51	7	0.49	1431	1.75
Hendra East	No	337	35.70	607	64.30	944	98.95	10	1.05	954	1.17
Kalinga	No	739	45.17	897	54.83	1636	99.21	13	0.79	1649	2.02
Kedron	No	758	41.47	1070	58.53	1828	98.92	20	1.08	1848	2.26
Kedron Heights	No	624	44.10	791	55.90	1415	99.51	7	0.49	1422
	1.74
Lutwyche East	No	267	37.66	442	62.34	709	98.88	8	1.12	717
	0.88
Northgate	No	467	34.36	892	65.64	1359	99.56	6	0.44	1365	1.67
Nudgee	No	301	36.05	534	63.95	835	98.82	10	1.18	845	1.04
Nudgee Beach	No	48	29.63	114	70.37	162	99.39	1	0.61	163
	0.20
Nundah	No	1325	38.22	2142	61.78	3467	98.97	36	1.03	3503	4.29
Nundah North	No	450	44.91	552	55.09	1002	98.82	12	1.18	1014
	1.24
Nundah West	No	579	40.46	852	59.54	1431	99.58	6	0.42	1437	1.76
Pinkenba	No	75	32.05	159	67.95	234	99.15	2	0.85	236	0.29
Sandgate	No	941	35.24	1729	64.76	2670	99.48	14	0.52	2684	3.29
Shorncliffe	No	554	38.99	867	61.01	1421	99.58	6	0.42	1427	1.75
Somerset Hills (Lilley)	No	105	33.76	206	66.24	311	98.73	4	1.27
	315	0.39
Stafford (Lilley)	No	420	36.78	722	63.22	1142	99.13	10	0.87	1152
	1.41
Taigum	No	643	33.90	1254	66.10	1897	99.27	14	0.73	1911	2.34
Virginia	No	747	38.09	1214	61.91	1961	99.19	16	0.81	1977	2.42
Wavell Heights	No	657	37.20	1109	62.80	1766	98.99	18	1.01	1784
	2.19
Whinstanes	No	230	39.38	354	60.62	584	98.65	8	1.35	592	0.73
Wooloowin	No	496	41.40	702	58.60	1198	98.84	14	1.16	1212	1.48
Zillmere	No	979	34.42	1865	65.58	2844	98.85	33	1.15	2877	3.52
Special Hospitals	No	164	38.95	257	61.05	421	96.34	16	3.66	437
	0.54
Total Ordinary	No	24597	37.73	40587	62.27	65184	99.15	557	0.85	65741
	80.54
ABSENT	No	3148	38.82	4962	61.18	8110	99.27	60	0.73	8170	10.01
POSTAL	No	1186	30.94	2647	69.06	3833	98.92	42	1.08	3875	4.75
PRE_POLL	No	1507	44.56	1875	55.44	3382	99.59	14	0.41	3396	4.16
PROVISIONAL	No	176	39.82	266	60.18	442	99.77	1	0.23	443	0.54
Division Summary	No	30614	37.82	50337	62.18	80951	99.17	674	0.83	81625
	94.68
