Referendum: 6 November 1999									
		
Referendum Results										
	
By Division by Polling Place									
		

"A proposed law for the Alteration of the Constitution, entitled"			
								
   the Constitutional Alteration (Establishment of Republic) 1999			
								
											
											
Queensland											
Herbert (85934)											

		Yes		No		Formal		Informal		Total	
Polling Place		Votes	%	Votes	%	Votes	%	Votes	%	Votes	%
Aitkenvale	No	775	36.49	1349	63.51	2124	99.07	20	0.93	2144	2.65
Alice River	No	299	32.08	633	67.92	932	99.79	2	0.21	934	1.16
Annandale	No	1148	36.15	2028	63.85	3176	99.44	18	0.56	3194	3.95
Annandale East	No	337	46.10	394	53.90	731	99.46	4	0.54	735
	0.91
Arcadia	No	212	49.19	219	50.81	431	99.54	2	0.46	433	0.54
Belgian Gardens	No	589	46.93	666	53.07	1255	99.76	3	0.24	1258
	1.56
Bohlevale	No	897	32.69	1847	67.31	2744	99.06	26	0.94	2770	3.43
Brisbane City (Herbert)	Yes	30	57.69	22	42.31	52	100.00	0
	0.00	52	0.06
Condon	No	682	34.92	1271	65.08	1953	99.09	18	0.91	1971	2.44
Cranbrook	No	1043	42.33	1421	57.67	2464	99.23	19	0.77	2483	3.07
Currajong	No	902	34.95	1679	65.05	2581	99.04	25	0.96	2606	3.23
Currajong North	No	243	41.61	341	58.39	584	99.32	4	0.68	588
	0.73
Cutheringa	No	428	40.49	629	59.51	1057	99.06	10	0.94	1067	1.32
Deeragun	No	413	34.56	782	65.44	1195	99.50	6	0.50	1201	1.49
Douglas	No	286	49.57	291	50.43	577	99.48	3	0.52	580	0.72
Garbutt	No	517	35.83	926	64.17	1443	99.11	13	0.89	1456	1.80
Heatley	No	1140	35.79	2045	64.21	3185	99.28	23	0.72	3208	3.97
Hermit Park	No	780	40.48	1147	59.52	1927	99.48	10	0.52	1937	2.40
Hermit Park South	No	611	41.40	865	58.60	1476	99.73	4	0.27	1480
	1.83
Kelso	No	695	33.25	1395	66.75	2090	99.10	19	0.90	2109	2.61
Kirwan	No	1082	37.00	1842	63.00	2924	99.42	17	0.58	2941	3.64
Kirwan South	No	1385	35.80	2484	64.20	3869	99.38	24	0.62	3893
	4.82
Mount Louisa	No	562	35.04	1042	64.96	1604	99.26	12	0.74	1616
	2.00
Mundingburra	No	1239	43.83	1588	56.17	2827	99.19	23	0.81	2850
	3.53
Mundingburra South	No	504	40.88	729	59.12	1233	99.36	8	0.64
	1241	1.54
Nelly Bay	No	248	46.88	281	53.12	529	99.62	2	0.38	531	0.66
Nome	No	395	38.13	641	61.87	1036	99.62	4	0.38	1040	1.29
North Ward	No	1224	48.02	1325	51.98	2549	99.38	16	0.62	2565	3.17
Oonoonba	No	363	37.04	617	62.96	980	99.39	6	0.61	986	1.22
Pallarenda	No	228	45.69	271	54.31	499	100.00	0	0.00	499
	0.62
Palm Island	Yes	381	55.62	304	44.38	685	99.71	2	0.29	687	0.85
Picnic Bay	Yes	120	51.50	113	48.50	233	99.15	2	0.85	235	0.29
Pimlico	No	867	44.21	1094	55.79	1961	99.59	8	0.41	1969	2.44
Railway Estate	No	614	41.71	858	58.29	1472	99.46	8	0.54	1480
	1.83
Rasmussen	No	746	33.07	1510	66.93	2256	99.21	18	0.79	2274	2.81
Stuart	No	229	36.06	406	63.94	635	99.69	2	0.31	637	0.79
The Weir	No	831	36.21	1464	63.79	2295	99.26	17	0.74	2312	2.86
Townsville City	Yes	311	52.98	276	47.02	587	98.82	7	1.18	594
	0.74
Townsville Hospital	No	270	48.04	292	51.96	562	98.94	6	1.06
	568	0.70
Townsville South	No	378	41.22	539	58.78	917	99.14	8	0.86	925
	1.14
Townsville West	No	287	43.75	369	56.25	656	99.54	3	0.46	659
	0.82
Vincent	No	521	30.52	1186	69.48	1707	98.84	20	1.16	1727	2.14
Willows	No	410	40.76	596	59.24	1006	99.51	5	0.49	1011	1.25
Woodstock	No	84	20.84	319	79.16	403	100.00	0	0.00	403
	0.50
Wulguru	No	1109	37.19	1873	62.81	2982	99.50	15	0.50	2997	3.71
Special Hospitals	No	143	38.03	233	61.97	376	98.69	5	1.31	381
	0.47
Total Ordinary	No	26558	38.62	42202	61.38	68760	99.33	467	0.67	69227
	85.68
ABSENT	No	1585	39.31	2447	60.69	4032	99.51	20	0.49	4052	5.01
POSTAL	No	1027	32.03	2179	67.97	3206	99.66	11	0.34	3217	3.98
PRE_POLL	No	1523	41.60	2138	58.40	3661	99.73	10	0.27	3671	4.54
PROVISIONAL	No	245	39.01	383	60.99	628	99.37	4	0.63	632	0.78
Division Summary	No	30938	38.53	49349	61.47	80287	99.37	512	0.63	80799
	94.02
