Referendum: 6 November 1999									
		
Referendum Results										
	
By Division by Polling Place									
		

"A proposed law for the Alteration of the Constitution, entitled"			
								
   the Constitutional Alteration (Establishment of Republic) 1999			
								
											
											
Victoria											
Gippsland (82446)											

		Yes		No		Formal		Informal		Total	
Polling Place		Votes	%	Votes	%	Votes	%	Votes	%	Votes	%
Alberton	No	110	28.35	278	71.65	388	99.49	2	0.51	390	0.49
Arawata	No	38	26.95	103	73.05	141	100.00	0	0.00	141
	0.18
Bairnsdale	No	552	31.83	1182	68.17	1734	98.86	20	1.14	1754	2.22
Bairnsdale East	No	138	26.49	383	73.51	521	99.43	3	0.57	524
	0.66
Bairnsdale West	No	1088	33.24	2185	66.76	3273	99.33	22	0.67	3295
	4.17
Bemm River	No	16	33.33	32	66.67	48	100.00	0	0.00	48
	0.06
Bena	No	58	28.43	146	71.57	204	98.55	3	1.45	207	0.26
Benambra	No	26	18.31	116	81.69	142	99.30	1	0.70	143	0.18
Bendoc	No	19	21.11	71	78.89	90	100.00	0	0.00	90
	0.11
Berrys Creek	No	23	24.47	71	75.53	94	98.95	1	1.05	95
	0.12
Boisdale	No	80	38.65	127	61.35	207	98.57	3	1.43	210	0.27
Bonang	No	16	24.62	49	75.38	65	100.00	0	0.00	65
	0.08
Briagolong	No	205	42.89	273	57.11	478	98.96	5	1.04	483	0.61
Bruthen	No	227	31.57	492	68.43	719	98.63	10	1.37	729	0.92
Buchan	No	70	28.81	173	71.19	243	99.59	1	0.41	244	0.31
Bundalaguah	No	63	26.92	171	73.08	234	99.57	1	0.43	235	0.30
Cann River	No	92	39.32	142	60.68	234	100.00	0	0.00	234
	0.30
Cape Paterson	Yes	199	51.82	185	48.18	384	98.97	4	1.03	388
	0.49
Carrajung South	No	36	32.73	74	67.27	110	100.00	0	0.00
	110	0.14
Cobains	No	59	29.80	139	70.20	198	100.00	0	0.00	198
	0.25
Coongulla	No	59	47.58	65	52.42	124	99.20	1	0.80	125	0.16
Cowwarr	No	79	31.85	169	68.15	248	98.41	4	1.59	252	0.32
Dargo	No	26	23.01	87	76.99	113	100.00	0	0.00	113	0.14
Denison	No	60	28.57	150	71.43	210	100.00	0	0.00	210
	0.27
Devon North	No	87	36.71	150	63.29	237	99.58	1	0.42	238	0.30
Dudley	No	64	34.59	121	65.41	185	99.46	1	0.54	186	0.24
Dumbalk	No	91	25.42	267	74.58	358	99.72	1	0.28	359	0.45
Eagle Point	No	182	38.24	294	61.76	476	99.79	1	0.21	477	0.60
Ellaswood	No	52	28.42	131	71.58	183	98.92	2	1.08	185	0.23
Ensay	No	47	30.92	105	69.08	152	99.35	1	0.65	153	0.19
Fernbank	No	10	13.70	63	86.30	73	100.00	0	0.00	73
	0.09
Fish Creek	No	233	38.20	377	61.80	610	98.87	7	1.13	617	0.78
Foster	No	593	45.20	719	54.80	1312	99.24	10	0.76	1322	1.67
Genoa	No	30	32.97	61	67.03	91	100.00	0	0.00	91	0.12
Glengarry	No	199	27.64	521	72.36	720	98.50	11	1.50	731	0.93
Glenmaggie	No	38	35.85	68	64.15	106	99.07	1	0.93	107	0.14
Golden Beach	Yes	137	68.50	63	31.50	200	98.04	4	1.96	204
	0.26
Gormandale	No	106	29.61	252	70.39	358	100.00	0	0.00	358
	0.45
Heyfield	No	400	31.55	868	68.45	1268	98.60	18	1.40	1286	1.63
Inverloch	No	932	42.87	1242	57.13	2174	99.09	20	0.91	2194	2.78
Johnsonville	No	160	29.85	376	70.15	536	99.81	1	0.19	537
	0.68
Kilmany	No	32	25.40	94	74.60	126	100.00	0	0.00	126
	0.16
Kongwak	No	71	29.34	171	70.66	242	97.58	6	2.42	248	0.31
Koonwarra	No	123	41.55	173	58.45	296	99.00	3	1.00	299	0.38
Korumburra	No	842	35.94	1501	64.06	2343	99.41	14	0.59	2357	2.98
Lakes Entrance	No	1077	32.34	2253	67.66	3330	99.28	24	0.72	3354
	4.25
Leongatha	No	1087	33.17	2190	66.83	3277	99.12	29	0.88	3306	4.19
Leongatha South	No	49	28.16	125	71.84	174	99.43	1	0.57	175
	0.22
Lindenow	No	214	26.45	595	73.55	809	99.75	2	0.25	811	1.03
Loch	No	94	34.31	180	65.69	274	99.28	2	0.72	276	0.35
Loch Sport	No	185	35.58	335	64.42	520	99.05	5	0.95	525	0.66
Longford	No	202	34.01	392	65.99	594	99.33	4	0.67	598	0.76
Lucknow	No	349	30.19	807	69.81	1156	99.40	7	0.60	1163	1.47
Maffra	No	901	31.27	1980	68.73	2881	99.41	17	0.59	2898	3.67
Mallacoota	No	291	46.71	332	53.29	623	99.36	4	0.64	627	0.79
Mardan	No	20	18.87	86	81.13	106	100.00	0	0.00	106
	0.13
Marlo	No	120	36.70	207	63.30	327	98.79	4	1.21	331	0.42
Meeniyan	No	262	34.43	499	65.57	761	99.48	4	0.52	765	0.97
Meerlieu	No	44	34.37	84	65.63	128	100.00	0	0.00	128
	0.16
Melbourne (Gippsland)	Yes	50	60.98	32	39.02	82	98.80	1	1.20	83
	0.11
Metung	No	208	37.28	350	62.72	558	100.00	0	0.00	558
	0.71
Mirboo North	No	502	37.21	847	62.79	1349	99.26	10	0.74	1359
	1.72
Mount Eccles	No	38	31.40	83	68.60	121	100.00	0	0.00
	121	0.15
Nambrok	No	59	28.64	147	71.36	206	99.52	1	0.48	207	0.26
Nerrena	No	39	24.84	118	75.16	157	99.37	1	0.63	158	0.20
Newmerella	No	58	21.64	210	78.36	268	100.00	0	0.00	268
	0.34
Newry	No	80	30.19	185	69.81	265	99.62	1	0.38	266	0.34
Nicholson	No	231	36.72	398	63.28	629	99.53	3	0.47	632	0.80
Nowa Nowa	No	74	35.75	133	64.25	207	99.52	1	0.48	208	0.26
Nungurner	No	46	30.67	104	69.33	150	100.00	0	0.00	150
	0.19
Omeo	No	95	29.41	228	70.59	323	99.08	3	0.92	326	0.41
Orbost	No	429	28.93	1054	71.07	1483	98.80	18	1.20	1501	1.90
Paynesville	No	761	35.58	1378	64.42	2139	99.53	10	0.47	2149	2.72
Poowong	No	170	33.14	343	66.86	513	99.61	2	0.39	515	0.65
Port Albert	No	64	29.09	156	70.91	220	100.00	0	0.00	220
	0.28
Port Franklin	No	47	37.30	79	62.70	126	100.00	0	0.00
	126	0.16
Rosedale	No	258	26.60	712	73.40	970	99.28	7	0.72	977	1.24
Sale	No	1424	39.60	2172	60.40	3596	99.34	24	0.66	3620	4.58
Sale East	No	791	39.24	1225	60.76	2016	99.51	10	0.49	2026	2.56
Sale North	No	689	32.45	1434	67.55	2123	99.25	16	0.75	2139	2.71
Seaspray	No	97	36.60	168	63.40	265	98.88	3	1.12	268	0.34
Staceys Bridge	No	33	26.61	91	73.39	124	99.20	1	0.80	125
	0.16
Stradbroke	No	42	33.33	84	66.67	126	98.44	2	1.56	128	0.16
Stratford	No	450	32.30	943	67.70	1393	99.00	14	1.00	1407	1.78
Swifts Creek	No	74	26.62	204	73.38	278	98.23	5	1.77	283
	0.36
Tarwin Lower	No	243	38.03	396	61.97	639	99.53	3	0.47	642
	0.81
Tinamba	No	61	25.85	175	74.15	236	99.16	2	0.84	238	0.30
Toongabbie	No	176	37.93	288	62.07	464	100.00	0	0.00	464
	0.59
Toora	No	205	34.28	393	65.72	598	99.50	3	0.50	601	0.76
Toorloo Arm	No	170	35.71	306	64.29	476	99.37	3	0.63	479	0.61
Valencia Creek	No	42	35.59	76	64.41	118	100.00	0	0.00
	118	0.15
Welshpool	No	138	26.34	386	73.66	524	99.43	3	0.57	527	0.67
Wonthaggi	No	901	39.88	1358	60.12	2259	99.04	22	0.96	2281	2.89
Wonthaggi North	No	575	35.83	1030	64.17	1605	98.71	21	1.29	1626
	2.06
Won Wron	No	48	42.11	66	57.89	114	100.00	0	0.00	114
	0.14
Woodside	No	111	31.44	242	68.56	353	99.44	2	0.56	355	0.45
Wurruk	No	92	31.40	201	68.60	293	98.65	4	1.35	297	0.38
Wy Yung	No	205	30.01	478	69.99	683	98.56	10	1.44	693	0.88
Yanakie	No	67	38.07	109	61.93	176	99.44	1	0.56	177	0.22
Yarram	No	475	31.27	1044	68.73	1519	99.80	3	0.20	1522	1.93
Special Hospitals	No	145	27.15	389	72.85	534	98.34	9	1.66	543
	0.69
Total Ordinary	No	23126	34.27	44360	65.73	67486	99.26	505	0.74	67991
	86.08
ABSENT	No	2007	44.44	2509	55.56	4516	99.43	26	0.57	4542	5.75
POSTAL	No	719	28.26	1825	71.74	2544	99.49	13	0.51	2557	3.24
PRE_POLL	No	1406	38.10	2284	61.90	3690	99.57	16	0.43	3706	4.69
PROVISIONAL	No	77	40.31	114	59.69	191	98.45	3	1.55	194	0.25
Division Summary	No	27335	34.85	51092	65.15	78427	99.29	563	0.71	78990
	95.81
