Referendum: 6 November 1999									
		
Referendum Results										
	
By Division by Polling Place									
		

"A proposed law for the Alteration of the Constitution, entitled"			
								
   the Constitutional Alteration (Preamble) 1999					
						
											
											
Victoria											
Lalor (84586)											

		Yes		No		Formal		Informal		Total	
Polling Place		                                                             
Votes	%	Votes	%	Votes	%	Votes	%	Votes	%
Altona	No	1288	39.89	1941	60.11	3229	98.63	45	1.37	3274	4.03
Altona Bay	Yes	2164	50.99	2080	49.01	4244	97.99	87	2.01	4331	5.33
Altona Meadows	No	1666	44.57	2072	55.43	3738	98.24	67	1.76	3805
	4.68
Altona West	No	819	42.48	1109	57.52	1928	98.67	26	1.33	1954	2.41
Ardeer East (Lalor)	Yes	86	53.42	75	46.58	161	99.38	1	0.62
	162	0.20
Ardeer South	Yes	1485	60.37	975	39.63	2460	98.99	25	1.01	2485
	3.06
Bellbridge	No	1798	44.35	2256	55.65	4054	99.05	39	0.95	4093	5.04
Cambridge	No	1313	47.15	1472	52.85	2785	99.04	27	0.96	2812	3.46
Derrimut Heath	No	956	46.93	1081	53.07	2037	98.64	28	1.36	2065
	2.54
Exford	No	51	33.12	103	66.88	154	98.72	2	1.28	156	0.19
Galvin Park	No	1315	39.45	2018	60.55	3333	98.58	48	1.42	3381	4.16
Glengala (Lalor)	Yes	1357	56.68	1037	43.32	2394	97.71	56	2.29	2450
	3.02
Glengala South	No	837	47.13	939	52.87	1776	98.72	23	1.28	1799
	2.21
Glenorden	No	990	39.90	1491	60.10	2481	99.08	23	0.92	2504	3.08
Iramoo	No	1228	36.74	2114	63.26	3342	98.58	48	1.42	3390	4.17
Laverton	No	516	40.53	757	59.47	1273	98.38	21	1.62	1294	1.59
Laverton North	No	718	34.64	1355	65.36	2073	98.95	22	1.05	2095
	2.58
Little River	No	147	36.21	259	63.79	406	99.27	3	0.73	409
	0.50
Manorvale	No	1009	40.10	1507	59.90	2516	99.17	21	0.83	2537	3.12
Melbourne (Lalor)	No	51	45.54	61	54.46	112	100.00	0	0.00
	112	0.14
Mossfiel	No	1794	42.12	2465	57.88	4259	98.47	66	1.53	4325	5.32
Point Cook	No	56	43.08	74	56.92	130	99.24	1	0.76	131	0.16
Seabrook	No	1173	45.61	1399	54.39	2572	98.73	33	1.27	2605	3.21
Seaholme	No	1020	40.98	1469	59.02	2489	98.89	28	1.11	2517	3.10
The Grange	No	811	42.86	1081	57.14	1892	99.11	17	0.89	1909	2.35
Thomas Chirnside	No	610	39.95	917	60.05	1527	99.03	15	0.97	1542
	1.90
Werribee	No	1301	43.88	1664	56.12	2965	98.67	40	1.33	3005	3.70
Werribee Central	No	993	42.17	1362	57.83	2355	98.99	24	1.01	2379
	2.93
Werribee South	No	321	36.31	563	63.69	884	98.77	11	1.23	895
	1.10
Westgrove	No	695	41.79	968	58.21	1663	99.17	14	0.83	1677	2.06
Woodville	No	1367	42.84	1824	57.16	3191	99.19	26	0.81	3217	3.96
Special Hospitals	No	11	32.35	23	67.65	34	94.44	2	5.56	36
	0.04
Total Ordinary	No	29946	43.74	38511	56.26	68457	98.72	889	1.28	69346
	85.35
ABSENT	No	1877	44.57	2334	55.43	4211	99.13	37	0.87	4248	5.23
POSTAL	No	659	36.37	1153	63.63	1812	99.02	18	0.98	1830	2.25
PRE_POLL	No	2169	39.78	3283	60.22	5452	99.53	26	0.47	5478	6.74
PROVISIONAL	No	143	42.43	194	57.57	337	97.97	7	2.03	344	0.42
Division Summary	No	34794	43.35	45475	56.65	80269	98.80	977	1.20	81246
	96.05
