Referendum: 6 November 1999									
		
Referendum Results										
	
By Division by Polling Place									
		

"A proposed law for the Alteration of the Constitution, entitled"			
								
   the Constitutional Alteration (Preamble) 1999					
						
											
											
Victoria											
Deakin (84759)											

		Yes		No		Formal		Informal		Total	
Polling Place		                                                             
Votes	%	Votes	%	Votes	%	Votes	%	Votes	%
Antonio Park	No	719	47.36	799	52.64	1518	99.28	11	0.72	1529
	1.88
Bedford Road	No	511	39.25	791	60.75	1302	99.01	13	0.99	1315
	1.62
Blackburn	No	629	44.33	790	55.67	1419	99.23	11	0.77	1430	1.76
Blackburn Lake	No	1084	48.26	1162	51.74	2246	99.29	16	0.71	2262
	2.79
Blackburn North	No	694	44.18	877	55.82	1571	98.68	21	1.32	1592
	1.96
Blackburn South	No	1536	44.94	1882	55.06	3418	99.19	28	0.81	3446
	4.25
Blackburn West	No	2117	47.28	2361	52.72	4478	98.98	46	1.02	4524
	5.57
Burwood Heights	No	1681	47.33	1871	52.67	3552	98.91	39	1.09	3591
	4.42
Cheong Park	No	233	37.28	392	62.72	625	99.05	6	0.95	631	0.78
Croydon South	No	899	36.56	1560	63.44	2459	98.95	26	1.05	2485
	3.06
Croydon Town	No	382	34.05	740	65.95	1122	99.47	6	0.53	1128
	1.39
Eastwood	No	879	40.32	1301	59.68	2180	98.69	29	1.31	2209	2.72
Eley Park	Yes	1133	51.13	1083	48.87	2216	99.11	20	0.89	2236	2.75
Forest Hill	No	600	45.11	730	54.89	1330	99.33	9	0.67	1339	1.65
Glen Park	No	205	31.06	455	68.94	660	98.95	7	1.05	667	0.82
Heatherdale	No	668	43.43	870	56.57	1538	99.29	11	0.71	1549	1.91
Heathmont	No	510	42.15	700	57.85	1210	98.86	14	1.14	1224	1.51
Inala Village	No	158	38.54	252	61.46	410	98.09	8	1.91	418
	0.51
Kalinda	No	736	41.94	1019	58.06	1755	99.15	15	0.85	1770	2.18
Laburnum	No	787	46.93	890	53.07	1677	99.23	13	0.77	1690	2.08
Melbourne (Deakin)	Yes	54	56.84	41	43.16	95	100.00	0
	0.00	95	0.12
Mitcham	No	570	40.83	826	59.17	1396	99.22	11	0.78	1407	1.73
Mitcham North	No	971	45.16	1179	54.84	2150	99.31	15	0.69	2165
	2.67
Mullum	No	837	42.21	1146	57.79	1983	98.66	27	1.34	2010	2.48
Norwood	Yes	822	52.93	731	47.07	1553	99.55	7	0.45	1560	1.92
Nunawading	No	945	49.50	964	50.50	1909	99.12	17	0.88	1926	2.37
Nunawading South	No	1184	44.15	1498	55.85	2682	99.19	22	0.81	2704
	3.33
Parkwood	No	484	43.88	619	56.12	1103	99.10	10	0.90	1113	1.37
Rangeview	No	915	47.46	1013	52.54	1928	99.48	10	0.52	1938	2.39
Ringwood	No	628	39.03	981	60.97	1609	99.08	15	0.92	1624	2.00
Ringwood East	No	746	40.06	1116	59.94	1862	99.25	14	0.75	1876
	2.31
Ringwood Heights	No	703	43.16	926	56.84	1629	99.57	7	0.43	1636
	2.02
Ringwood South	No	1290	42.79	1725	57.21	3015	99.01	30	0.99	3045
	3.75
Springview	No	957	43.94	1221	56.06	2178	99.00	22	1.00	2200	2.71
Tally Ho (Deakin)	No	802	49.60	815	50.40	1617	98.78	20	1.22	1637
	2.02
Tinternvale	No	605	37.12	1025	62.88	1630	99.33	11	0.67	1641	2.02
Vermont North	No	522	45.04	637	54.96	1159	99.57	5	0.43	1164
	1.43
Special Hospitals	No	92	32.17	194	67.83	286	97.61	7	2.39	293
	0.36
Total Ordinary	No	29288	44.06	37182	55.94	66470	99.11	599	0.89	67069
	82.63
ABSENT	No	3092	44.95	3787	55.05	6879	99.24	53	0.76	6932	8.54
POSTAL	No	994	34.04	1926	65.96	2920	99.39	18	0.61	2938	3.62
PRE_POLL	No	1632	41.56	2295	58.44	3927	99.47	21	0.53	3948	4.86
PROVISIONAL	Yes	150	53.76	129	46.24	279	98.59	4	1.41	283	0.35
Division Summary	No	35156	43.69	45319	56.31	80475	99.14	695	0.86	81170
	95.77
