Referendum: 6 November 1999									
		
Referendum Results										
	
By Division by Polling Place									
		

"A proposed law for the Alteration of the Constitution, entitled"			
								
   the Constitutional Alteration (Establishment of Republic) 1999			
								
											
											
Western Australia											
Pearce (84031)											

		Yes		No		Formal		Informal		Total	
Polling Place		Votes	%	Votes	%	Votes	%	Votes	%	Votes	%
Bakers Hill	No	167	28.16	426	71.84	593	99.66	2	0.34	595	0.74
Bellevue (Pearce)	No	51	36.69	88	63.31	139	97.89	3	2.11	142
	0.18
Beverley	No	193	23.68	622	76.32	815	99.27	6	0.73	821	1.02
Bindoon	No	220	29.65	522	70.35	742	99.33	5	0.67	747	0.93
Bullsbrook	No	500	31.27	1099	68.73	1599	99.26	12	0.74	1611	2.01
Carmel	No	153	46.50	176	53.50	329	99.40	2	0.60	331	0.41
Chidlow	No	286	33.33	572	66.67	858	98.28	15	1.72	873	1.09
Dale	No	17	18.68	74	81.32	91	100.00	0	0.00	91	0.11
Darlington	Yes	1030	50.17	1023	49.83	2053	99.56	9	0.44	2062	2.57
Ellenbrook	No	626	36.33	1097	63.67	1723	99.37	11	0.63	1734	2.16
Forrestfield	No	961	34.28	1842	65.72	2803	99.01	28	0.99	2831
	3.52
Forrestfield North	No	1169	34.77	2193	65.23	3362	99.06	32	0.94
	3394	4.23
Gidgegannup	No	383	37.11	649	62.89	1032	99.14	9	0.86	1041	1.30
Gingin	No	175	27.65	458	72.35	633	99.06	6	0.94	639	0.80
Glen Forrest	No	721	45.23	873	54.77	1594	98.94	17	1.06	1611
	2.01
Gooseberry Hill	No	610	44.40	764	55.60	1374	99.28	10	0.72	1384
	1.72
Grass Valley	No	29	20.28	114	79.72	143	97.95	3	2.05	146
	0.18
Greenhills	No	5	8.20	56	91.80	61	100.00	0	0.00	61
	0.08
Greenmount	No	697	41.46	984	58.54	1681	99.47	9	0.53	1690	2.10
Guilderton	No	83	39.90	125	60.10	208	99.05	2	0.95	210	0.26
Helena Valley	No	568	40.63	830	59.37	1398	99.22	11	0.78	1409
	1.75
Henley Brook	No	362	37.71	598	62.29	960	99.59	4	0.41	964
	1.20
Herne Hill	No	544	46.46	627	53.54	1171	98.24	21	1.76	1192	1.48
Kalamunda	No	1612	40.49	2369	59.51	3981	98.88	45	1.12	4026	5.01
Kalamunda North	No	581	42.22	795	57.78	1376	99.35	9	0.65	1385
	1.72
Karragullen	No	90	40.36	133	59.64	223	98.67	3	1.33	226	0.28
Koongamia	No	218	33.28	437	66.72	655	98.20	12	1.80	667	0.83
Lancelin	No	198	34.55	375	65.45	573	99.65	2	0.35	575	0.72
Ledge Point	No	38	34.86	71	65.14	109	100.00	0	0.00	109
	0.14
Lesmurdie	No	1279	41.15	1829	58.85	3108	99.04	30	0.96	3138	3.91
Lower Chittering	No	77	36.67	133	63.33	210	100.00	0	0.00
	210	0.26
Mahogany Creek	No	266	43.25	349	56.75	615	98.87	7	1.13	622
	0.77
Maida Vale	No	834	37.74	1376	62.26	2210	99.28	16	0.72	2226	2.77
Midland (Pearce)	No	223	38.51	356	61.49	579	98.81	7	1.19	586
	0.73
Mount Helena	No	478	36.08	847	63.92	1325	99.62	5	0.38	1330
	1.66
Muchea	No	74	23.12	246	76.88	320	99.38	2	0.62	322	0.40
Mundaring	No	811	37.55	1349	62.45	2160	99.26	16	0.74	2176	2.71
Northam	No	640	30.26	1475	69.74	2115	98.69	28	1.31	2143	2.67
Northam East	No	227	26.24	638	73.76	865	99.77	2	0.23	867
	1.08
Northam North	No	143	25.04	428	74.96	571	98.79	7	1.21	578
	0.72
Parkerville	No	351	42.09	483	57.91	834	99.29	6	0.71	840	1.05
Perth (Pearce)	No	52	44.44	65	55.56	117	97.50	3	2.50	120
	0.15
Pickering Brook	No	135	40.18	201	59.82	336	98.82	4	1.18	340
	0.42
Roleystone	No	1313	44.25	1654	55.75	2967	99.36	19	0.64	2986	3.72
Rottnest (Pearce)	No	32	49.23	33	50.77	65	98.48	1	1.52	66
	0.08
Sawyers Valley	No	153	38.54	244	61.46	397	99.25	3	0.75	400
	0.50
Seabird	No	25	33.33	50	66.67	75	100.00	0	0.00	75
	0.09
Stoneville	No	351	37.82	577	62.18	928	99.25	7	0.75	935	1.16
Stratton	No	641	32.02	1361	67.98	2002	99.50	10	0.50	2012	2.50
Swan View (Pearce)	No	1593	37.29	2679	62.71	4272	99.19	35	0.81
	4307	5.36
Toodyay	No	459	31.55	996	68.45	1455	99.25	11	0.75	1466	1.83
Upper Swan	No	646	41.36	916	58.64	1562	98.80	19	1.20	1581	1.97
Walliston	No	585	39.26	905	60.74	1490	99.14	13	0.86	1503	1.87
Wattle Grove	No	252	41.72	352	58.28	604	99.02	6	0.98	610
	0.76
Woodridge	No	118	31.72	254	68.28	372	97.89	8	2.11	380	0.47
Wooroloo	No	126	34.90	235	65.10	361	99.45	2	0.55	363	0.45
Wundowie	No	160	27.78	416	72.22	576	100.00	0	0.00	576
	0.72
York	No	422	27.49	1113	72.51	1535	99.16	13	0.84	1548	1.93
Special Hospitals	No	62	27.56	163	72.44	225	97.83	5	2.17	230
	0.29
Total Ordinary	No	24815	37.30	41715	62.70	66530	99.15	573	0.85	67103
	83.54
ABSENT	No	2755	37.74	4544	62.26	7299	99.18	60	0.82	7359	9.16
POSTAL	No	511	28.89	1258	71.11	1769	99.61	7	0.39	1776	2.21
PRE_POLL	No	1374	37.82	2259	62.18	3633	99.37	23	0.63	3656	4.55
PROVISIONAL	No	151	35.28	277	64.72	428	99.53	2	0.47	430	0.54
Division Summary	No	29606	37.17	50053	62.83	79659	99.17	665	0.83	80324
	95.59
