Referendum: 6 November 1999									
		
Referendum Results										
	
By Division by Polling Place									
		

"A proposed law for the Alteration of the Constitution, entitled"			
								
   the Constitutional Alteration (Preamble) 1999					
						
											
											
Victoria											
Burke (84099)											

		Yes		No		Formal		Informal		Total	
Polling Place		                                                             
Votes	%	Votes	%	Votes	%	Votes	%	Votes	%
Bacchus Marsh	No	1693	38.65	2687	61.35	4380	98.74	56	1.26	4436
	5.51
Bolinda	No	68	31.48	148	68.52	216	99.08	2	0.92	218	0.27
Bullengarook	No	142	41.89	197	58.11	339	99.71	1	0.29	340
	0.42
Clarkefield	No	62	36.90	106	63.10	168	99.41	1	0.59	169	0.21
Coburn	No	1250	36.28	2195	63.72	3445	98.94	37	1.06	3482	4.33
Darley	No	1114	37.79	1834	62.21	2948	98.89	33	1.11	2981	3.71
Darraweit Guim	No	67	41.10	96	58.90	163	99.39	1	0.61	164
	0.20
Deer Park	No	324	49.92	325	50.08	649	99.24	5	0.76	654	0.81
Deer Park Central	No	1228	49.24	1266	50.76	2494	98.46	39	1.54	2533
	3.15
Deer Park West	No	1996	47.16	2236	52.84	4232	98.67	57	1.33	4289
	5.33
Gisborne	No	1351	40.93	1950	59.07	3301	99.25	25	0.75	3326	4.13
Killara	No	333	41.83	463	58.17	796	99.25	6	0.75	802	1.00
Kurunjang	No	705	37.28	1186	62.72	1891	98.34	32	1.66	1923	2.39
Kyneton	No	1156	32.16	2439	67.84	3595	99.25	27	0.75	3622	4.50
Lancefield	No	417	33.02	846	66.98	1263	99.29	9	0.71	1272	1.58
Macedon	No	446	41.80	621	58.20	1067	99.35	7	0.65	1074	1.33
Malmsbury	No	139	40.29	206	59.71	345	99.14	3	0.86	348	0.43
Melbourne (Burke)	No	39	41.94	54	58.06	93	98.94	1	1.06	94
	0.12
Melton	No	1403	35.28	2574	64.72	3977	98.42	64	1.58	4041	5.02
Melton Central	No	113	34.77	212	65.23	325	97.60	8	2.40	333
	0.41
Melton South	No	1120	35.90	2000	64.10	3120	98.42	50	1.58	3170
	3.94
Mount Macedon	No	250	41.32	355	58.68	605	99.34	4	0.66	609
	0.76
Myrniong	No	76	38.38	122	61.62	198	100.00	0	0.00	198
	0.25
New Gisborne	No	443	40.57	649	59.43	1092	99.91	1	0.09	1093
	1.36
Newham	No	112	33.14	226	66.86	338	98.54	5	1.46	343	0.43
Riddell	No	635	38.21	1027	61.79	1662	98.81	20	1.19	1682	2.09
Rockbank	No	407	40.95	587	59.05	994	98.71	13	1.29	1007	1.25
Romsey	No	642	32.87	1311	67.13	1953	99.14	17	0.86	1970	2.45
Rowsley	No	37	27.82	96	72.18	133	99.25	1	0.75	134	0.17
Sunbury	No	911	39.34	1405	60.66	2316	98.64	32	1.36	2348	2.92
Sunbury East	No	641	36.17	1131	63.83	1772	99.11	16	0.89	1788
	2.22
Sunbury Heights	No	849	37.95	1388	62.05	2237	98.72	29	1.28	2266
	2.82
Sunbury North	No	790	43.24	1037	56.76	1827	99.51	9	0.49	1836
	2.28
Sunbury West	No	1787	37.52	2976	62.48	4763	99.11	43	0.89	4806
	5.97
Toolern	No	140	41.92	194	58.08	334	99.70	1	0.30	335	0.42
Trentham	No	193	29.56	460	70.44	653	98.94	7	1.06	660	0.82
Tylden	No	144	38.81	227	61.19	371	99.20	3	0.80	374	0.46
Wedge Park	No	603	38.26	973	61.74	1576	98.81	19	1.19	1595	1.98
Westmelton	No	1175	36.36	2057	63.64	3232	98.90	36	1.10	3268	4.06
Woodend	No	1151	38.94	1805	61.06	2956	99.09	27	0.91	2983	3.71
Special Hospitals	No	13	35.14	24	64.86	37	94.87	2	5.13	39
	0.05
Total Ordinary	No	26165	38.56	41691	61.44	67856	98.91	749	1.09	68605
	85.27
ABSENT	No	2390	41.16	3416	58.84	5806	99.43	33	0.57	5839	7.26
POSTAL	No	667	31.21	1470	68.79	2137	99.49	11	0.51	2148	2.67
PRE_POLL	No	1416	39.90	2133	60.10	3549	99.58	15	0.42	3564	4.43
PROVISIONAL	No	141	47.16	158	52.84	299	99.01	3	0.99	302	0.38
Division Summary	No	30779	38.64	48868	61.36	79647	98.99	811	1.01	80458
	95.67
