Referendum: 6 November 1999									
		
Referendum Results										
	
By Division by Polling Place									
		

"A proposed law for the Alteration of the Constitution, entitled"			
								
   the Constitutional Alteration (Establishment of Republic) 1999			
								
											
											
New South Wales											
Calare (79082)											

		Yes		No		Formal		Informal		Total	
Polling Place		Votes	%	Votes	%	Votes	%	Votes	%	Votes	%
Barry	No	34	31.19	75	68.81	109	100.00	0	0.00	109	0.14
Bathurst	No	1210	44.72	1496	55.28	2706	98.98	28	1.02	2734	3.58
Bathurst Central	No	292	46.72	333	53.28	625	99.21	5	0.79	630
	0.83
Bathurst City	No	873	43.58	1130	56.42	2003	99.01	20	0.99	2023
	2.65
Bathurst High	No	461	44.84	567	55.16	1028	99.42	6	0.58	1034
	1.35
Bathurst Hospital	No	340	42.55	459	57.45	799	99.63	3	0.37	802
	1.05
Bathurst St Vincents	No	90	34.75	169	65.25	259	99.23	2	0.77
	261	0.34
Bathurst South	No	489	38.47	782	61.53	1271	98.99	13	1.01	1284
	1.68
Bathurst West	No	1022	44.17	1292	55.83	2314	98.97	24	1.03	2338
	3.06
Black Springs	No	78	32.50	162	67.50	240	100.00	0	0.00
	240	0.31
Blayney	No	555	31.53	1205	68.47	1760	99.10	16	0.90	1776	2.33
Bletchington	No	968	35.33	1772	64.67	2740	99.13	24	0.87	2764
	3.62
Bloomfield Hospital	No	45	33.33	90	66.67	135	100.00	0
	0.00	135	0.18
Borenore	No	81	30.34	186	69.66	267	99.63	1	0.37	268	0.35
Bowen	No	770	32.29	1615	67.71	2385	99.13	21	0.87	2406	3.15
Bowenfels South	No	66	45.52	79	54.48	145	99.32	1	0.68	146
	0.19
Burraga	No	22	27.85	57	72.15	79	98.75	1	1.25	80	0.10
Bylong	No	12	16.44	61	83.56	73	100.00	0	0.00	73
	0.10
Calare School	No	751	41.26	1069	58.74	1820	99.45	10	0.55	1830
	2.40
Canobolas	No	52	33.99	101	66.01	153	99.35	1	0.65	154	0.20
Canowindra	No	323	25.55	941	74.45	1264	98.60	18	1.40	1282	1.68
Capertee	No	32	25.40	94	74.60	126	99.21	1	0.79	127	0.17
Carcoar	No	64	32.16	135	67.84	199	99.50	1	0.50	200	0.26
Cargo	No	67	25.67	194	74.33	261	99.62	1	0.38	262	0.34
Cooerwull	No	912	40.57	1336	59.43	2248	99.51	11	0.49	2259	2.96
Cudal	No	124	27.31	330	72.69	454	99.56	2	0.44	456	0.60
Cullen Bullen	No	46	27.88	119	72.12	165	100.00	0	0.00
	165	0.22
Cumnock	No	86	25.98	245	74.02	331	99.70	1	0.30	332	0.43
Eglinton	No	484	34.75	909	65.25	1393	99.57	6	0.43	1399	1.83
Errowanbang	No	9	14.29	54	85.71	63	100.00	0	0.00	63
	0.08
Euchareena	No	22	19.30	92	80.70	114	99.13	1	0.87	115	0.15
Eugowra	No	118	23.65	381	76.35	499	99.80	1	0.20	500	0.66
Glen Alice	No	10	15.87	53	84.13	63	98.44	1	1.56	64	0.08
Glenroi	No	593	32.48	1233	67.52	1826	99.24	14	0.76	1840	2.41
Hampton	No	35	28.69	87	71.31	122	100.00	0	0.00	122
	0.16
Hartley	No	107	35.08	198	64.92	305	98.71	4	1.29	309	0.40
Hermitage	No	248	39.49	380	60.51	628	99.05	6	0.95	634	0.83
Hill End	No	28	33.73	55	66.27	83	100.00	0	0.00	83
	0.11
Ilford	No	55	28.80	136	71.20	191	99.48	1	0.52	192	0.25
Jenolan Caves	No	9	30.00	21	70.00	30	100.00	0	0.00	30
	0.04
Kandos	No	362	34.61	684	65.39	1046	99.05	10	0.95	1056	1.38
Kelso	No	1033	40.73	1503	59.27	2536	99.22	20	0.78	2556	3.35
Kirkconnell	No	61	45.52	73	54.48	134	98.53	2	1.47	136	0.18
Lithgow	No	706	41.92	978	58.08	1684	98.83	20	1.17	1704	2.23
Lithgow Hospital	No	62	50.00	62	50.00	124	100.00	0	0.00
	124	0.16
Littleton	No	285	43.45	371	56.55	656	99.24	5	0.76	661	0.87
Lucknow	No	70	34.31	134	65.69	204	100.00	0	0.00	204
	0.27
Lyndhurst	No	44	19.82	178	80.18	222	99.55	1	0.45	223	0.29
Mandurama	No	49	23.44	160	76.56	209	99.52	1	0.48	210	0.28
Manildra	No	142	26.69	390	73.31	532	99.25	4	0.75	536	0.70
March	No	36	20.22	142	79.78	178	100.00	0	0.00	178	0.23
Meadow Flat	No	51	31.29	112	68.71	163	99.39	1	0.61	164	0.21
Millthorpe	No	237	34.75	445	65.25	682	99.27	5	0.73	687	0.90
Mitchell Campus	Yes	79	61.24	50	38.76	129	100.00	0	0.00
	129	0.17
Molong	No	386	29.13	939	70.87	1325	98.81	16	1.19	1341	1.76
Morts Estate	No	173	40.90	250	59.10	423	99.53	2	0.47	425
	0.56
Mullion Creek	No	92	34.59	174	65.41	266	99.63	1	0.37	267
	0.35
Mumbil	No	28	17.50	132	82.50	160	99.38	1	0.62	161	0.21
Nashdale	No	105	35.59	190	64.41	295	99.33	2	0.67	297	0.39
Neurea	No	17	38.64	27	61.36	44	100.00	0	0.00	44
	0.06
Neville	No	29	23.77	93	76.23	122	100.00	0	0.00	122
	0.16
Newbridge	No	52	40.00	78	60.00	130	100.00	0	0.00	130
	0.17
O'Connell	No	95	40.43	140	59.57	235	99.58	1	0.42	236	0.31
Oakey Park	No	92	42.40	125	57.60	217	97.75	5	2.25	222	0.29
Oberon	No	609	31.55	1321	68.45	1930	98.42	31	1.58	1961	2.57
Orange	No	910	39.86	1373	60.14	2283	98.87	26	1.13	2309	3.02
Orange East	No	707	38.09	1149	61.91	1856	99.15	16	0.85	1872	2.45
Orange Hospital	No	172	34.75	323	65.25	495	98.80	6	1.20	501
	0.66
Orange North	No	166	33.95	323	66.05	489	99.19	4	0.81	493
	0.65
Orange South	No	625	36.34	1095	63.66	1720	99.08	16	0.92	1736
	2.27
Orange West	No	1339	40.16	1995	59.84	3334	99.08	31	0.92	3365	4.41
Peel	No	41	44.09	52	55.91	93	97.89	2	2.11	95	0.12
Perthville	No	169	34.07	327	65.93	496	98.41	8	1.59	504	0.66
Portland	No	434	34.69	817	65.31	1251	99.05	12	0.95	1263	1.65
Raglan	No	288	36.18	508	63.82	796	99.87	1	0.13	797	1.04
Rockley	No	66	26.83	180	73.17	246	100.00	0	0.00	246
	0.32
Rydal	No	27	27.00	73	73.00	100	100.00	0	0.00	100	0.13
Rylstone	No	272	36.27	478	63.73	750	99.73	2	0.27	752	0.99
Sofala	No	27	30.68	61	69.32	88	100.00	0	0.00	88
	0.12
Spring Hill	No	67	30.18	155	69.82	222	99.55	1	0.45	223	0.29
Spring Terrace	No	59	31.55	128	68.45	187	100.00	0	0.00
	187	0.24
Stuart Town	No	66	34.55	125	65.45	191	99.48	1	0.52	192	0.25
Sydney (Calare)	No	22	42.31	30	57.69	52	100.00	0	0.00	52
	0.07
Tarana	No	22	27.85	57	72.15	79	100.00	0	0.00	79
	0.10
The Lagoon	No	17	16.04	89	83.96	106	99.07	1	0.93	107	0.14
Trunkey Creek	No	33	23.40	108	76.60	141	100.00	0	0.00
	141	0.18
Tweed Mills	No	161	29.76	380	70.24	541	99.45	3	0.55	544	0.71
Vale Of Clwydd	No	247	39.65	376	60.35	623	99.36	4	0.64	627
	0.82
Wallerawang	No	427	34.44	813	65.56	1240	99.12	11	0.88	1251	1.64
Wattle Flat	No	73	31.47	159	68.53	232	99.57	1	0.43	233	0.31
Yeoval	No	114	23.65	368	76.35	482	99.59	2	0.41	484	0.63
Special Hospitals	No	127	27.97	327	72.03	454	95.58	21	4.42	475
	0.62
Prison Mobiles	No	3	50.00	3	50.00	6	100.00	0	0.00	6
	0.01
Total Ordinary	No	23159	36.49	40316	63.51	63475	99.15	542	0.85	64017
	83.87
ABSENT	No	1993	43.11	2630	56.89	4623	99.50	23	0.50	4646	6.09
POSTAL	No	728	31.79	1562	68.21	2290	99.44	13	0.56	2303	3.02
PRE_POLL	No	1892	38.58	3012	61.42	4904	99.43	28	0.57	4932	6.46
PROVISIONAL	No	166	38.25	268	61.75	434	100.00	0	0.00	434
	0.57
Division Summary	No	27938	36.89	47788	63.11	75726	99.21	606	0.79	76332
	96.52
