Referendum: 6 November 1999									
		
Referendum Results										
	
By Division by Polling Place									
		

"A proposed law for the Alteration of the Constitution, entitled"			
								
   the Constitutional Alteration (Establishment of Republic) 1999			
								
											
											
Victoria											
Mallee (81578)											

		Yes		No		Formal		Informal		Total	
Polling Place		Votes	%	Votes	%	Votes	%	Votes	%	Votes	%
Antwerp	No	21	19.09	89	80.91	110	99.10	1	0.90	111	0.14
Apsley	No	94	26.18	265	73.82	359	100.00	0	0.00	359
	0.46
Berriwillock	No	36	23.68	116	76.32	152	99.35	1	0.65	153
	0.20
Beulah	No	90	28.57	225	71.43	315	100.00	0	0.00	315
	0.40
Beverford	No	105	32.31	220	67.69	325	99.39	2	0.61	327	0.42
Birchip	No	153	22.53	526	77.47	679	99.71	2	0.29	681	0.87
Boundary Bend	No	26	22.41	90	77.59	116	100.00	0	0.00
	116	0.15
Brim	No	23	12.37	163	87.63	186	100.00	0	0.00	186	0.24
Brimpaen	No	11	17.46	52	82.54	63	100.00	0	0.00	63
	0.08
Cabarita	No	161	33.13	325	66.87	486	98.58	7	1.42	493	0.63
Cardross	No	172	36.60	298	63.40	470	99.79	1	0.21	471	0.60
Charlton	No	237	26.07	672	73.93	909	99.34	6	0.66	915	1.17
Culgoa	No	33	26.40	92	73.60	125	100.00	0	0.00	125
	0.16
Cullulleraine	No	24	27.91	62	72.09	86	97.73	2	2.27	88
	0.11
Dadswells Bridge	No	24	26.09	68	73.91	92	100.00	0	0.00	92
	0.12
Dimboola	No	307	26.53	850	73.47	1157	99.14	10	0.86	1167	1.49
Donald	No	275	23.25	908	76.75	1183	99.75	3	0.25	1186	1.51
Dooen	No	26	17.45	123	82.55	149	100.00	0	0.00	149	0.19
Douglas	No	11	16.42	56	83.58	67	100.00	0	0.00	67
	0.09
Edenhope	No	188	22.57	645	77.43	833	99.64	3	0.36	836	1.07
Gerang Gerung	No	18	18.56	79	81.44	97	100.00	0	0.00	97
	0.12
Goroke	No	57	16.01	299	83.99	356	98.61	5	1.39	361	0.46
Harrow	No	55	28.50	138	71.50	193	99.48	1	0.52	194	0.25
Haven	No	131	23.60	424	76.40	555	99.28	4	0.72	559	0.71
Hopetoun	No	158	25.61	459	74.39	617	99.04	6	0.96	623	0.79
Horsham	No	1012	26.32	2833	73.68	3845	99.33	26	0.67	3871	4.94
Horsham North	No	337	22.44	1165	77.56	1502	99.01	15	0.99	1517
	1.93
Horsham West	No	494	26.28	1386	73.72	1880	99.58	8	0.42	1888
	2.41
Irymple	No	652	31.90	1392	68.10	2044	98.89	23	1.11	2067	2.64
Jeparit	No	85	21.57	309	78.43	394	99.75	1	0.25	395	0.50
Jung	No	28	30.43	64	69.57	92	100.00	0	0.00	92	0.12
Kaniva	No	134	17.99	611	82.01	745	99.33	5	0.67	750	0.96
Koorlong	No	94	30.42	215	69.58	309	99.04	3	0.96	312	0.40
Laharum	No	66	44.30	83	55.70	149	100.00	0	0.00	149
	0.19
Lake Boga	No	220	29.77	519	70.23	739	99.06	7	0.94	746	0.95
Lascelles	No	14	23.33	46	76.67	60	100.00	0	0.00	60
	0.08
Litchfield	No	19	23.46	62	76.54	81	97.59	2	2.41	83	0.11
Manangatang	No	77	22.71	262	77.29	339	99.12	3	0.88	342	0.44
Melbourne (Mallee)	Yes	36	61.02	23	38.98	59	100.00	0
	0.00	59	0.08
Merbein	No	521	28.74	1292	71.26	1813	99.23	14	0.77	1827	2.33
Merbein South	No	54	30.86	121	69.14	175	99.43	1	0.57	176
	0.22
Merbein West	No	48	24.12	151	75.88	199	98.51	3	1.49	202
	0.26
Meringur	No	20	25.97	57	74.03	77	100.00	0	0.00	77
	0.10
Mildura	No	1438	30.76	3237	69.24	4675	98.82	56	1.18	4731	6.03
Mildura Base Hospital	No	103	36.92	176	63.08	279	99.64	1	0.36
	280	0.36
Mildura City Central	No	405	29.63	962	70.37	1367	98.91	15	1.09
	1382	1.76
Mildura Deakin	No	1065	34.45	2026	65.55	3091	99.07	29	0.93	3120
	3.98
Mildura South	No	762	37.21	1286	62.79	2048	99.22	16	0.78	2064
	2.63
Mildura West	No	1033	36.35	1809	63.65	2842	99.13	25	0.87	2867
	3.66
Minimay	No	22	20.37	86	79.63	108	100.00	0	0.00	108
	0.14
Minyip	No	86	16.83	425	83.17	511	100.00	0	0.00	511
	0.65
Murra Warra	No	19	18.45	84	81.55	103	99.04	1	0.96	104	0.13
Murrayville	No	64	18.99	273	81.01	337	99.70	1	0.30	338	0.43
Murtoa	No	216	31.17	477	68.83	693	99.00	7	1.00	700	0.89
Nandaly	No	20	25.97	57	74.03	77	100.00	0	0.00	77
	0.10
Nangiloc	No	115	34.23	221	65.77	336	99.41	2	0.59	338	0.43
Natimuk	No	119	23.61	385	76.39	504	99.02	5	0.98	509	0.65
Netherby	No	23	21.90	82	78.10	105	100.00	0	0.00	105
	0.13
Nhill	No	346	22.19	1213	77.81	1559	98.80	19	1.20	1578	2.01
Nichols Point	No	317	39.04	495	60.96	812	98.90	9	1.10	821
	1.05
Noradjuha	No	16	16.00	84	84.00	100	99.01	1	0.99	101	0.13
Nullawil	No	35	33.98	68	66.02	103	99.04	1	0.96	104	0.13
Nyah	No	97	23.21	321	76.79	418	98.82	5	1.18	423	0.54
Nyah West	No	115	23.19	381	76.81	496	99.40	3	0.60	499	0.64
Ouyen	No	208	23.85	664	76.15	872	99.20	7	0.80	879	1.12
Patchewollock	No	28	22.58	96	77.42	124	99.20	1	0.80	125
	0.16
Piangil	No	75	23.22	248	76.78	323	99.08	3	0.92	326	0.42
Pimpinio	No	25	19.38	104	80.62	129	100.00	0	0.00	129
	0.16
Quantong	No	42	21.65	152	78.35	194	100.00	0	0.00	194
	0.25
Rainbow	No	116	20.90	439	79.10	555	99.82	1	0.18	556	0.71
Red Cliffs	No	777	29.61	1847	70.39	2624	99.28	19	0.72	2643	3.37
Riverside	No	35	20.23	138	79.77	173	100.00	0	0.00	173
	0.22
Robinvale	No	527	31.00	1173	69.00	1700	98.67	23	1.33	1723	2.20
Rupanyup	No	81	20.98	305	79.02	386	99.23	3	0.77	389	0.50
St Arnaud	No	567	28.99	1389	71.01	1956	99.24	15	0.76	1971	2.51
Sea Lake	No	137	25.05	410	74.95	547	99.09	5	0.91	552	0.70
Serviceton	No	23	18.70	100	81.30	123	98.40	2	1.60	125	0.16
Speed	No	26	15.57	141	84.43	167	98.82	2	1.18	169	0.22
Stuart Mill	No	14	17.28	67	82.72	81	100.00	0	0.00	81
	0.10
Sunnycliffs	No	47	29.01	115	70.99	162	100.00	0	0.00	162
	0.21
Swan Hill	No	914	28.45	2299	71.55	3213	99.14	28	0.86	3241	4.13
Swan Hill South	No	380	34.08	735	65.92	1115	99.55	5	0.45	1120
	1.43
Swan Hill West	No	420	27.87	1087	72.13	1507	99.21	12	0.79	1519
	1.94
Toolondo	No	38	27.94	98	72.06	136	100.00	0	0.00	136
	0.17
Ultima	No	33	19.64	135	80.36	168	99.41	1	0.59	169	0.22
Underbool	No	50	20.75	191	79.25	241	98.77	3	1.23	244	0.31
Walpeup	No	57	37.01	97	62.99	154	98.09	3	1.91	157	0.20
Warracknabeal	No	360	19.54	1482	80.46	1842	99.46	10	0.54	1852
	2.36
Watchem	No	27	18.37	120	81.63	147	100.00	0	0.00	147
	0.19
Wemen	No	20	19.80	81	80.20	101	99.02	1	0.98	102	0.13
Werrimull	No	37	28.68	92	71.32	129	98.47	2	1.53	131	0.17
Wimmera Base Hospital	No	149	31.91	318	68.09	467	99.57	2	0.43
	469	0.60
Wonwondah North	No	16	17.20	77	82.80	93	100.00	0	0.00	93
	0.12
Woomelang	No	51	20.00	204	80.00	255	99.61	1	0.39	256	0.33
Woorinen	No	87	22.96	292	77.04	379	98.19	7	1.81	386	0.49
Wycheproof	No	159	26.07	451	73.93	610	99.03	6	0.97	616	0.79
Yaapeet	No	11	15.28	61	84.72	72	100.00	0	0.00	72
	0.09
Yanac	No	10	10.20	88	89.80	98	100.00	0	0.00	98	0.13
Special Hospitals	No	126	22.07	445	77.93	571	97.77	13	2.23	584
	0.74
Total Ordinary	No	18436	27.87	47724	72.13	66160	99.20	536	0.80	66696
	85.07
ABSENT	No	1570	42.64	2112	57.36	3682	99.68	12	0.32	3694	4.71
POSTAL	No	536	24.42	1659	75.58	2195	99.59	9	0.41	2204	2.81
PRE_POLL	No	1804	31.81	3867	68.19	5671	99.65	20	0.35	5691	7.26
PROVISIONAL	No	49	43.36	64	56.64	113	100.00	0	0.00	113
	0.14
Division Summary	No	22395	28.78	55426	71.22	77821	99.26	577	0.74	78398
	96.10
