Referendum: 6 November 1999									
		
Referendum Results										
	
By Division by Polling Place									
		

"A proposed law for the Alteration of the Constitution, entitled"			
								
   the Constitutional Alteration (Establishment of Republic) 1999			
								
											
											
New South Wales											
Cowper (80698)											

		Yes		No		Formal		Informal		Total	
Polling Place		Votes	%	Votes	%	Votes	%	Votes	%	Votes	%
Aldavilla	No	391	32.13	826	67.87	1217	99.27	9	0.73	1226	1.59
Argents Hill	Yes	55	61.11	35	38.89	90	98.90	1	1.10	91
	0.12
Bayldon	No	882	40.55	1293	59.45	2175	99.27	16	0.73	2191	2.85
Beechwood	No	262	36.54	455	63.46	717	99.31	5	0.69	722	0.94
Bellbrook	No	53	28.34	134	71.66	187	99.47	1	0.53	188	0.24
Bellimbopinni	No	39	33.05	79	66.95	118	98.33	2	1.67	120
	0.16
Bellingen	No	1068	49.31	1098	50.69	2166	99.36	14	0.64	2180	2.83
Bellingen Hospital	Yes	62	50.82	60	49.18	122	97.60	3	2.40
	125	0.16
Boambee	No	480	42.55	648	57.45	1128	99.47	6	0.53	1134	1.47
Bonville	No	313	39.52	479	60.48	792	99.50	4	0.50	796	1.03
Bostobrick	No	33	33.33	66	66.67	99	100.00	0	0.00	99
	0.13
Bowraville	No	397	38.36	638	61.64	1035	99.04	10	0.96	1045	1.36
Coffs Harbour	No	704	41.58	989	58.42	1693	99.18	14	0.82	1707
	2.22
Coffs Harbour East	No	721	41.08	1034	58.92	1755	99.21	14	0.79
	1769	2.30
Coffs Harbour Hospital	No	108	45.57	129	54.43	237	99.16	2	0.84
	239	0.31
Coffs Harbour Jetty	No	548	47.32	610	52.68	1158	98.97	12	1.03
	1170	1.52
Coffs Harbour Narranga	No	671	36.27	1179	63.73	1850	99.20	15	0.80
	1865	2.42
Coffs Harbour St Augustines	No	795	41.36	1127	58.64	1922	99.23	15
	0.77	1937	2.52
Coffs Harbour South	No	438	41.40	620	58.60	1058	98.79	13	1.21
	1071	1.39
Coffs Harbour West	No	1225	39.39	1885	60.61	3110	98.98	32	1.02
	3142	4.08
Coramba	No	143	40.06	214	59.94	357	99.44	2	0.56	359	0.47
Crescent Head	Yes	393	50.13	391	49.87	784	99.49	4	0.51	788
	1.02
Deervale	No	21	27.27	56	72.73	77	100.00	0	0.00	77
	0.10
Dorrigo	No	333	29.06	813	70.94	1146	99.74	3	0.26	1149	1.49
Eungai Creek	No	128	39.63	195	60.37	323	99.08	3	0.92	326
	0.42
Frederickton	No	244	30.20	564	69.80	808	98.90	9	1.10	817
	1.06
Gladstone	No	160	28.32	405	71.68	565	99.47	3	0.53	568	0.74
Gleniffer	Yes	76	52.41	69	47.59	145	98.64	2	1.36	147	0.19
Hat Head	No	94	41.59	132	58.41	226	99.12	2	0.88	228	0.30
Hollisdale	No	32	35.56	58	64.44	90	100.00	0	0.00	90
	0.12
Karangi	No	187	48.45	199	51.55	386	100.00	0	0.00	386
	0.50
Kempsey	No	367	30.74	827	69.26	1194	98.84	14	1.16	1208	1.57
Kempsey East	No	283	29.82	666	70.18	949	99.06	9	0.94	958
	1.25
Kempsey High	No	430	28.51	1078	71.49	1508	99.93	1	0.07	1509
	1.96
Kempsey Hospital	No	62	30.54	141	69.46	203	98.07	4	1.93	207
	0.27
Kempsey South	No	330	32.51	685	67.49	1015	99.61	4	0.39	1019
	1.32
Kempsey West	No	311	32.50	646	67.50	957	99.69	3	0.31	960
	1.25
Kinchela	No	23	22.12	81	77.88	104	100.00	0	0.00	104
	0.14
Korora	No	708	49.89	711	50.11	1419	99.30	10	0.70	1429	1.86
Kundabung	No	67	33.84	131	66.16	198	100.00	0	0.00	198
	0.26
Lowanna	No	47	33.57	93	66.43	140	100.00	0	0.00	140
	0.18
Macksville	No	703	29.88	1650	70.12	2353	99.37	15	0.63	2368	3.08
Medlow	No	75	38.27	121	61.73	196	99.49	1	0.51	197	0.26
Missabotti	No	54	46.96	61	53.04	115	100.00	0	0.00	115
	0.15
Moonee Beach	No	384	44.86	472	55.14	856	99.88	1	0.12	857
	1.11
Mullaway	No	543	45.59	648	54.41	1191	99.08	11	0.92	1202	1.56
Mylestom	No	172	41.85	239	58.15	411	98.33	7	1.67	418	0.54
Nambucca Heads	No	1183	40.07	1769	59.93	2952	99.33	20	0.67	2972
	3.86
Nana Glen	No	213	37.11	361	62.89	574	98.80	7	1.20	581	0.76
Newville	No	300	37.08	509	62.92	809	99.51	4	0.49	813	1.06
Pembrooke	No	38	25.00	114	75.00	152	99.35	1	0.65	153	0.20
Port Macquarie North Shore	No	136	42.37	185	57.63	321	98.77	4
	1.23	325	0.42
Raleigh	No	122	35.16	225	64.84	347	99.14	3	0.86	350	0.45
Repton	Yes	116	56.04	91	43.96	207	99.04	2	0.96	209	0.27
Rollands Plains	No	54	33.96	105	66.04	159	98.76	2	1.24	161
	0.21
Sandy Beach	No	751	48.17	808	51.83	1559	99.36	10	0.64	1569	2.04
Sawtell	No	823	41.69	1151	58.31	1974	99.50	10	0.50	1984	2.58
Scotts Head	Yes	255	51.10	244	48.90	499	99.60	2	0.40	501	0.65
Smithtown	No	150	31.12	332	68.88	482	99.79	1	0.21	483	0.63
South West Rocks	No	744	40.22	1106	59.78	1850	99.25	14	0.75	1864
	2.42
South West Rocks South	No	230	40.14	343	59.86	573	99.65	2	0.35
	575	0.75
Stuarts Point	No	336	39.95	505	60.05	841	99.29	6	0.71	847
	1.10
Sydney (Cowper)	No	12	37.50	20	62.50	32	100.00	0	0.00	32
	0.04
Telegraph Point	No	187	33.57	370	66.43	557	99.29	4	0.71	561
	0.73
Thora	Yes	113	53.05	100	46.95	213	99.07	2	0.93	215	0.28
Toormina	No	983	38.13	1595	61.87	2578	99.31	18	0.69	2596	3.37
Ulong	No	42	37.17	71	62.83	113	99.12	1	0.88	114	0.15
Upper Orara	No	104	37.96	170	62.04	274	98.92	3	1.08	277	0.36
Urunga	No	742	38.43	1189	61.57	1931	99.38	12	0.62	1943	2.53
Utungun	No	48	29.45	115	70.55	163	100.00	0	0.00	163
	0.21
Valla Beach	No	343	46.99	387	53.01	730	99.32	5	0.68	735	0.96
Warrell Creek	No	36	16.59	181	83.41	217	100.00	0	0.00
	217	0.28
Willawarrin	No	139	28.96	341	71.04	480	98.97	5	1.03	485	0.63
Woolgoolga	No	1050	42.22	1437	57.78	2487	99.12	22	0.88	2509	3.26
Yarras	No	23	26.44	64	73.56	87	100.00	0	0.00	87
	0.11
Special Hospitals	No	132	29.20	320	70.80	452	99.34	3	0.66	455
	0.59
Total Ordinary	No	25020	39.12	38938	60.88	63958	99.29	459	0.71	64417
	83.72
ABSENT	No	2109	44.94	2584	55.06	4693	99.28	34	0.72	4727	6.14
POSTAL	No	739	34.07	1430	65.93	2169	99.72	6	0.28	2175	2.83
PRE_POLL	No	2090	39.79	3162	60.21	5252	99.58	22	0.42	5274	6.85
PROVISIONAL	No	142	40.92	205	59.08	347	99.43	2	0.57	349	0.45
Division Summary	No	30100	39.39	46319	60.61	76419	99.32	523	0.68	76942
	95.35
