Referendum: 6 November 1999									
		
Referendum Results										
	
By Division by Polling Place									
		

"A proposed law for the Alteration of the Constitution, entitled"			
								
   the Constitutional Alteration (Establishment of Republic) 1999			
								
											
											
New South Wales											
Richmond (90466)											

		Yes		No		Formal		Informal		Total	
Polling Place		Votes	%	Votes	%	Votes	%	Votes	%	Votes	%
Alstonville	No	1398	42.78	1870	57.22	3268	99.51	16	0.49	3284	3.83
Ballina	No	1838	41.89	2550	58.11	4388	98.83	52	1.17	4440	5.18
Ballina East	Yes	1226	51.28	1165	48.72	2391	99.42	14	0.58	2405
	2.81
Ballina Hospital	No	665	41.67	931	58.33	1596	99.50	8	0.50	1604
	1.87
Ballina West	No	459	36.49	799	63.51	1258	99.29	9	0.71	1267
	1.48
Bangalow	Yes	670	58.93	467	41.07	1137	99.30	8	0.70	1145	1.34
Banora Point	No	1199	43.15	1580	56.85	2779	99.29	20	0.71	2799
	3.27
Banora Point South	No	945	41.41	1337	58.59	2282	99.48	12	0.52
	2294	2.68
Banora Point West	No	664	40.79	964	59.21	1628	99.03	16	0.97	1644
	1.92
Bilambil	No	621	45.07	757	54.93	1378	99.57	6	0.43	1384	1.61
Billinudgel	No	234	45.53	280	54.47	514	99.23	4	0.77	518	0.60
Bray Park	No	362	38.19	586	61.81	948	98.96	10	1.04	958	1.12
Brunswick Heads	No	758	49.54	772	50.46	1530	98.65	21	1.35	1551
	1.81
Burringbar	No	286	49.23	295	50.77	581	99.49	3	0.51	584	0.68
Byron Bay	Yes	1630	65.12	873	34.88	2503	97.93	53	2.07	2556	2.98
Byron Bay South	Yes	1094	62.48	657	37.52	1751	97.88	38	2.12	1789
	2.09
Cabarita Beach	Yes	835	52.06	769	47.94	1604	99.13	14	0.87	1618
	1.89
Carool	Yes	46	52.87	41	47.13	87	98.86	1	1.14	88	0.10
Chillingham	No	115	40.78	167	59.22	282	99.30	2	0.70	284	0.33
Chinderah	No	336	37.92	550	62.08	886	98.88	10	1.12	896	1.05
Condong	No	375	45.79	444	54.21	819	99.27	6	0.73	825	0.96
Coorabell	Yes	63	55.75	50	44.25	113	99.12	1	0.88	114	0.13
Crabbes Creek	Yes	54	52.94	48	47.06	102	100.00	0	0.00
	102	0.12
Crystal Creek	No	109	39.64	166	60.36	275	100.00	0	0.00
	275	0.32
Cudgen	No	225	46.49	259	53.51	484	98.78	6	1.22	490	0.57
Dungay	No	81	36.65	140	63.35	221	99.55	1	0.45	222	0.26
Duranbah	No	68	48.92	71	51.08	139	100.00	0	0.00	139
	0.16
Durrumbul	No	54	48.65	57	51.35	111	99.11	1	0.89	112	0.13
Empire Vale	No	100	44.84	123	55.16	223	98.24	4	1.76	227	0.26
Eureka	No	75	45.18	91	54.82	166	100.00	0	0.00	166
	0.19
Ewingsdale	Yes	139	52.85	124	47.15	263	99.25	2	0.75	265	0.31
Federal	Yes	257	65.39	136	34.61	393	98.00	8	2.00	401	0.47
Fernleigh	Yes	120	51.95	111	48.05	231	99.14	2	0.86	233	0.27
Fingal Head	No	117	43.82	150	56.18	267	98.52	4	1.48	271	0.32
Goonengerry	Yes	81	67.50	39	32.50	120	98.36	2	1.64	122	0.14
Hastings Point	No	118	38.94	185	61.06	303	99.34	2	0.66	305
	0.36
Kingscliff	No	1255	46.95	1418	53.05	2673	99.40	16	0.60	2689	3.14
Kunghur	No	79	47.31	88	52.69	167	99.40	1	0.60	168	0.20
Lennox Head	Yes	1289	53.09	1139	46.91	2428	99.47	13	0.53	2441	2.85
Mcleans Ridges	No	21	35.00	39	65.00	60	100.00	0	0.00	60
	0.07
Main Arm Upper	Yes	69	76.67	21	23.33	90	97.83	2	2.17	92
	0.11
Meerschaum Vale	No	93	40.61	136	59.39	229	99.57	1	0.43	230
	0.27
Mooball	No	62	36.90	106	63.10	168	99.41	1	0.59	169	0.20
Mullumbimby	Yes	1442	54.39	1209	45.61	2651	97.75	61	2.25	2712	3.16
Murwillumbah	No	1331	43.37	1738	56.63	3069	99.22	24	0.78	3093
	3.61
Murwillumbah South	No	409	38.58	651	61.42	1060	98.88	12	1.12
	1072	1.25
Newrybar	Yes	249	54.73	206	45.27	455	99.13	4	0.87	459	0.54
Ocean Shores	Yes	1131	58.15	814	41.85	1945	98.58	28	1.42	1973
	2.30
Piggabeen	No	237	40.79	344	59.21	581	99.49	3	0.51	584	0.68
Pimlico	No	44	33.33	88	66.67	132	97.78	3	2.22	135	0.16
Pottsville Beach	No	736	48.55	780	51.45	1516	99.41	9	0.59	1525
	1.78
Rous	No	164	39.23	254	60.77	418	100.00	0	0.00	418	0.49
Stokers Siding	Yes	123	54.91	101	45.09	224	99.56	1	0.44	225
	0.26
Sydney (Richmond)	Yes	20	68.97	9	31.03	29	96.67	1	3.33	30
	0.03
Terranora	No	490	42.42	665	57.58	1155	99.74	3	0.26	1158	1.35
Tintenbar	No	187	47.34	208	52.66	395	99.75	1	0.25	396	0.46
Tumbulgum	No	181	46.89	205	53.11	386	99.48	2	0.52	388	0.45
Tweed Heads	No	1394	41.21	1989	58.79	3383	99.09	31	0.91	3414	3.98
Tweed Heads Central	No	916	41.08	1314	58.92	2230	99.42	13	0.58
	2243	2.62
Tweed Heads South	No	1235	40.20	1837	59.80	3072	99.19	25	0.81	3097
	3.61
Tyalgum	No	168	38.53	268	61.47	436	99.54	2	0.46	438	0.51
Uki	Yes	390	54.78	322	45.22	712	99.03	7	0.97	719	0.84
Wardell	No	214	37.61	355	62.39	569	99.30	4	0.70	573	0.67
Wilsons Creek	Yes	95	76.00	30	24.00	125	96.90	4	3.10	129
	0.15
Wollongbar	No	551	40.25	818	59.75	1369	99.27	10	0.73	1379	1.61
Special Hospitals	No	178	39.73	270	60.27	448	98.03	9	1.97	457
	0.53
Total Ordinary	No	32170	46.49	37026	53.51	69196	99.07	647	0.93	69843
	81.47
ABSENT	Yes	1754	53.94	1498	46.06	3252	98.88	37	1.12	3289	3.84
POSTAL	No	1096	35.05	2031	64.95	3127	99.71	9	0.29	3136	3.66
PRE_POLL	No	3954	44.25	4982	55.75	8936	99.65	31	0.35	8967	10.46
PROVISIONAL	No	234	48.05	253	51.95	487	99.19	4	0.81	491	0.57
Division Summary	No	39208	46.13	45790	53.87	84998	99.15	728	0.85	85726
	94.76
