Referendum: 6 November 1999									
		
Referendum Results										
	
By Division by Polling Place									
		

"A proposed law for the Alteration of the Constitution, entitled"			
								
   the Constitutional Alteration (Preamble) 1999					
						
											
											
Western Australia											
Canning (81907)											

		Yes		No		Formal		Informal		Total	
Polling Place		                                                             
Votes	%	Votes	%	Votes	%	Votes	%	Votes	%
Armadale	No	804	23.43	2628	76.57	3432	98.99	35	1.01	3467	4.45
Armadale East	No	681	30.09	1582	69.91	2263	99.21	18	0.79	2281
	2.93
Armadale North	No	293	23.65	946	76.35	1239	99.36	8	0.64	1247
	1.60
Armadale South	No	104	14.21	628	85.79	732	99.46	4	0.54	736
	0.94
Armadale West	No	484	22.98	1622	77.02	2106	98.73	27	1.27	2133
	2.74
Barragup	No	318	25.52	928	74.48	1246	99.52	6	0.48	1252	1.61
Bedfordale	No	119	28.40	300	71.60	419	98.82	5	1.18	424	0.54
Brookdale	No	243	25.13	724	74.87	967	99.59	4	0.41	971	1.25
Byford	No	585	25.12	1744	74.88	2329	99.19	19	0.81	2348	3.01
Carcoola	No	107	24.71	326	75.29	433	97.96	9	2.04	442	0.57
Coolup	No	78	29.21	189	70.79	267	100.00	0	0.00	267
	0.34
Dawesville	No	327	31.96	696	68.04	1023	99.32	7	0.68	1030	1.32
Dwellingup	No	104	25.81	299	74.19	403	99.02	4	0.98	407	0.52
Falcon	No	743	32.80	1522	67.20	2265	99.34	15	0.66	2280	2.93
Forrestdale	No	229	24.81	694	75.19	923	98.09	18	1.91	941	1.21
Gosnells	No	499	26.68	1371	73.32	1870	99.15	16	0.85	1886	2.42
Gosnells Central	No	658	27.38	1745	72.62	2403	98.93	26	1.07	2429
	3.12
Gosnells South	No	780	26.65	2147	73.35	2927	98.45	46	1.55	2973
	3.82
Gosnells West	No	744	27.10	2001	72.90	2745	98.99	28	1.01	2773
	3.56
Huntingdale	No	937	28.81	2315	71.19	3252	99.06	31	0.94	3283	4.21
Jarrahdale	No	116	29.15	282	70.85	398	98.76	5	1.24	403	0.52
Kelmscott	No	560	28.31	1418	71.69	1978	99.30	14	0.70	1992	2.56
Kelmscott East	No	706	32.85	1443	67.15	2149	98.85	25	1.15	2174
	2.79
Kelmscott North	No	403	27.19	1079	72.81	1482	99.46	8	0.54	1490
	1.91
Kenwick	No	671	29.02	1641	70.98	2312	98.38	38	1.62	2350	3.02
Maddington	No	757	25.84	2172	74.16	2929	98.49	45	1.51	2974	3.82
Maddington East	No	210	24.19	658	75.81	868	98.52	13	1.48	881
	1.13
Maddington North	No	208	29.67	493	70.33	701	98.73	9	1.27	710
	0.91
Mundijong	No	200	22.78	678	77.22	878	99.32	6	0.68	884	1.13
North Dandalup	No	92	26.59	254	73.41	346	99.14	3	0.86	349
	0.45
Oakford	No	209	31.10	463	68.90	672	99.56	3	0.44	675	0.87
Perth (Canning)	No	32	33.68	63	66.32	95	100.00	0	0.00	95
	0.12
Pinjarra	No	369	22.60	1264	77.40	1633	99.45	9	0.55	1642	2.11
Rottnest (Canning)	No	14	43.75	18	56.25	32	100.00	0
	0.00	32	0.04
Serpentine	No	305	29.81	718	70.19	1023	98.84	12	1.16	1035	1.33
Strawberry Fields	No	520	24.75	1581	75.25	2101	99.24	16	0.76	2117
	2.72
Thornlie (Canning)	No	1084	31.73	2332	68.27	3416	99.16	29	0.84
	3445	4.42
Thornlie East	No	883	29.96	2064	70.04	2947	98.99	30	1.01	2977
	3.82
Thornlie South (Canning)	No	71	25.72	205	74.28	276	99.28	2
	0.72	278	0.36
Thornlie West (Canning)	No	383	29.99	894	70.01	1277	99.07	12	0.93
	1289	1.65
Westfield	No	372	27.58	977	72.42	1349	99.34	9	0.66	1358	1.74
Westfield South	No	469	26.42	1306	73.58	1775	99.16	15	0.84	1790
	2.30
Yunderup	No	202	25.38	594	74.62	796	99.50	4	0.50	800	1.03
Yunderup North	No	86	28.86	212	71.14	298	99.00	3	1.00	301
	0.39
Special Hospitals	No	153	37.59	254	62.41	407	96.22	16	3.78	423
	0.54
Total Ordinary	No	17912	27.40	47470	72.60	65382	99.01	652	0.99	66034
	84.75
ABSENT	No	2034	30.54	4627	69.46	6661	99.39	41	0.61	6702	8.60
POSTAL	No	390	23.49	1270	76.51	1660	99.64	6	0.36	1666	2.14
PRE_POLL	No	863	30.99	1922	69.01	2785	99.54	13	0.46	2798	3.59
PROVISIONAL	No	181	25.56	527	74.44	708	99.44	4	0.56	712	0.91
Division Summary	No	21380	27.70	55816	72.30	77196	99.08	716	0.92	77912
	95.12
