Referendum: 6 November 1999									
		
Referendum Results										
	
By Division by Polling Place									
		

"A proposed law for the Alteration of the Constitution, entitled"			
								
   the Constitutional Alteration (Preamble) 1999					
						
											
											
New South Wales											
Farrer (74884)											

		Yes		No		Formal		Informal		Total	
Polling Place		                                                             
Votes	%	Votes	%	Votes	%	Votes	%	Votes	%
Albury	No	911	38.44	1459	61.56	2370	98.83	28	1.17	2398	3.36
Albury East	No	335	35.12	619	64.88	954	99.07	9	0.93	963	1.35
Albury High School	No	927	41.48	1308	58.52	2235	99.38	14	0.62
	2249	3.15
Albury Mercy Hospital	No	38	32.76	78	67.24	116	99.15	1	0.85
	117	0.16
Albury North	No	605	34.49	1149	65.51	1754	98.82	21	1.18	1775
	2.49
Albury North Central	No	438	28.72	1087	71.28	1525	98.96	16	1.04
	1541	2.16
Albury South	No	549	36.67	948	63.33	1497	99.14	13	0.86	1510
	2.12
Albury West	No	775	42.75	1038	57.25	1813	98.96	19	1.04	1832	2.57
Balldale	No	32	27.59	84	72.41	116	98.31	2	1.69	118	0.17
Balranald	No	266	28.60	664	71.40	930	99.36	6	0.64	936	1.31
Barham	No	296	26.98	801	73.02	1097	98.74	14	1.26	1111	1.56
Barooga	No	314	34.02	609	65.98	923	99.57	4	0.43	927	1.30
Berrigan	No	205	22.19	719	77.81	924	99.46	5	0.54	929	1.30
Blighty	No	44	28.57	110	71.43	154	98.72	2	1.28	156	0.22
Boree Creek	No	36	25.17	107	74.83	143	99.31	1	0.69	144	0.20
Brocklesby	No	50	40.00	75	60.00	125	99.21	1	0.79	126	0.18
Bunnaloo	No	35	29.66	83	70.34	118	100.00	0	0.00	118
	0.17
Buronga	No	213	25.24	631	74.76	844	99.65	3	0.35	847	1.19
Burrumbuttock	No	46	22.01	163	77.99	209	99.52	1	0.48	210
	0.29
Caldwell	No	14	35.90	25	64.10	39	100.00	0	0.00	39
	0.05
Carabost	No	13	28.89	32	71.11	45	100.00	0	0.00	45
	0.06
Conargo	No	28	28.87	69	71.13	97	100.00	0	0.00	97
	0.14
Cookardinia	No	16	27.12	43	72.88	59	100.00	0	0.00	59
	0.08
Corowa	No	700	35.28	1284	64.72	1984	99.35	13	0.65	1997	2.80
Corowa Hospital	No	339	34.66	639	65.34	978	99.49	5	0.51	983
	1.38
Corowa South	No	206	32.80	422	67.20	628	99.37	4	0.63	632
	0.89
Culcairn	No	255	30.18	590	69.82	845	99.65	3	0.35	848	1.19
Curlwaa	No	28	19.72	114	80.28	142	98.61	2	1.39	144	0.20
Dareton	No	200	25.51	584	74.49	784	99.49	4	0.51	788	1.10
Daysdale	No	22	19.30	92	80.70	114	99.13	1	0.87	115	0.16
Deniliquin	No	504	34.93	939	65.07	1443	99.18	12	0.82	1455	2.04
Deniliquin Hospital	No	117	31.71	252	68.29	369	100.00	0
	0.00	369	0.52
Deniliquin North	No	299	25.80	860	74.20	1159	98.72	15	1.28	1174
	1.64
Deniliquin South	No	220	30.22	508	69.78	728	98.25	13	1.75	741
	1.04
Deniliquin West	No	416	28.34	1052	71.66	1468	98.99	15	1.01	1483
	2.08
Emery	No	30	21.90	107	78.10	137	99.28	1	0.72	138	0.19
Euston	No	88	21.36	324	78.64	412	97.86	9	2.14	421	0.59
Finley	No	417	24.90	1258	75.10	1675	99.00	17	1.00	1692	2.37
Gerogery	No	85	31.14	188	68.86	273	99.27	2	0.73	275	0.39
Glenroy	No	781	35.91	1394	64.09	2175	99.09	20	0.91	2195	3.08
Gol Gol	No	132	28.70	328	71.30	460	99.35	3	0.65	463	0.65
Hatfield	No	6	20.00	24	80.00	30	100.00	0	0.00	30
	0.04
Henty	No	187	28.08	479	71.92	666	99.85	1	0.15	667	0.93
Holbrook	No	394	32.32	825	67.68	1219	99.27	9	0.73	1228	1.72
Howlong	No	414	31.92	883	68.08	1297	99.23	10	0.77	1307	1.83
Hume	No	541	35.59	979	64.41	1520	99.41	9	0.59	1529	2.14
Jerilderie	No	179	23.96	568	76.04	747	98.94	8	1.06	755	1.06
Jindera	No	311	32.46	647	67.54	958	99.48	5	0.52	963	1.35
Jingellic	No	31	25.41	91	74.59	122	100.00	0	0.00	122
	0.17
Khancoban	No	103	35.40	188	64.60	291	98.98	3	1.02	294	0.41
Koraleigh	No	49	19.92	197	80.08	246	100.00	0	0.00	246
	0.34
Kyalite	No	21	31.34	46	68.66	67	100.00	0	0.00	67
	0.09
Lavington	No	996	32.80	2041	67.20	3037	99.25	23	0.75	3060	4.29
Lavington East	No	703	33.35	1405	66.65	2108	98.69	28	1.31	2136
	2.99
Lockhart	No	199	27.99	512	72.01	711	99.72	2	0.28	713	1.00
Logie Brae	No	25	28.74	62	71.26	87	100.00	0	0.00	87
	0.12
Lowesdale	No	27	25.71	78	74.29	105	100.00	0	0.00	105
	0.15
Mathoura	No	153	25.54	446	74.46	599	99.17	5	0.83	604	0.85
Mayrung	No	41	36.94	70	63.06	111	98.23	2	1.77	113	0.16
Moama	No	635	29.63	1508	70.37	2143	99.35	14	0.65	2157	3.02
Morundah	No	17	30.91	38	69.09	55	100.00	0	0.00	55
	0.08
Morven	No	24	30.38	55	69.62	79	100.00	0	0.00	79
	0.11
Moulamein	No	136	30.77	306	69.23	442	98.88	5	1.12	447	0.63
Mullengandra	No	57	44.53	71	55.47	128	99.22	1	0.78	129
	0.18
Mulwala	No	361	30.18	835	69.82	1196	99.67	4	0.33	1200	1.68
Murray Downs	No	66	31.73	142	68.27	208	99.52	1	0.48	209
	0.29
Oaklands	No	62	24.22	194	75.78	256	99.22	2	0.78	258	0.36
Pomona	No	15	15.79	80	84.21	95	100.00	0	0.00	95
	0.13
Pooncarie	No	13	16.05	68	83.95	81	100.00	0	0.00	81
	0.11
Pretty Pine	No	32	26.45	89	73.55	121	100.00	0	0.00	121
	0.17
Rand	No	44	23.91	140	76.09	184	100.00	0	0.00	184	0.26
Rennie	No	24	28.24	61	71.76	85	100.00	0	0.00	85
	0.12
Rosewood	No	52	30.95	116	69.05	168	100.00	0	0.00	168
	0.24
Springdale Heights	No	237	37.92	388	62.08	625	99.05	6	0.95
	631	0.88
Sydney (Farrer)	No	8	40.00	12	60.00	20	100.00	0	0.00	20
	0.03
Table Top	No	94	38.52	150	61.48	244	98.79	3	1.21	247	0.35
The Retreat	No	13	16.46	66	83.54	79	100.00	0	0.00	79
	0.11
Thurgoona	No	615	37.57	1022	62.43	1637	98.97	17	1.03	1654	2.32
Tocumwal	No	327	26.14	924	73.86	1251	99.44	7	0.56	1258	1.76
Tooleybuc	No	73	29.92	171	70.08	244	99.59	1	0.41	245	0.34
Tooma	No	35	29.91	82	70.09	117	98.32	2	1.68	119	0.17
Tumbarumba	No	386	29.88	906	70.12	1292	98.78	16	1.22	1308	1.83
Urana	No	96	28.74	238	71.26	334	99.40	2	0.60	336	0.47
Urangeline	No	22	27.16	59	72.84	81	100.00	0	0.00	81
	0.11
Wakool	No	109	32.06	231	67.94	340	100.00	0	0.00	340
	0.48
Walbundrie	No	56	29.95	131	70.05	187	100.00	0	0.00	187
	0.26
Walla Walla	No	140	28.00	360	72.00	500	99.80	1	0.20	501	0.70
Wanganella	No	13	27.08	35	72.92	48	100.00	0	0.00	48
	0.07
Wentworth	No	215	20.61	828	79.39	1043	99.33	7	0.67	1050	1.47
Womboota	No	10	14.29	60	85.71	70	100.00	0	0.00	70
	0.10
Woomargama	No	21	18.42	93	81.58	114	99.13	1	0.87	115	0.16
Special Hospitals	No	0	0.00	0	0.00	0	0.00	0	0.00	0
	0.00
Total Ordinary	No	19413	31.70	41836	68.30	61249	99.20	494	0.80	61743
	86.51
ABSENT	No	656	35.10	1213	64.90	1869	99.68	6	0.32	1875	2.63
POSTAL	No	711	27.58	1867	72.42	2578	99.54	12	0.46	2590	3.63
PRE_POLL	No	1792	36.93	3060	63.07	4852	99.32	33	0.68	4885	6.84
PROVISIONAL	No	89	31.90	190	68.10	279	99.64	1	0.36	280	0.39
Division Summary	No	22661	31.99	48166	68.01	70827	99.24	546	0.76	71373
	95.31
