Referendum: 6 November 1999									
		
Referendum Results										
	
By Division by Polling Place									
		

"A proposed law for the Alteration of the Constitution, entitled"			
								
   the Constitutional Alteration (Establishment of Republic) 1999			
								
											
											
New South Wales											
Lowe (84056)											

		Yes		No		Formal		Informal		Total	
Polling Place		Votes	%	Votes	%	Votes	%	Votes	%	Votes	%
Abbotsford	Yes	1867	57.03	1407	42.97	3274	99.36	21	0.64	3295	4.14
Burwood	Yes	2490	65.70	1300	34.30	3790	98.70	50	1.30	3840	4.83
Burwood East	Yes	1677	60.54	1093	39.46	2770	98.79	34	1.21	2804
	3.53
Burwood North	No	167	48.83	175	51.17	342	99.42	2	0.58	344
	0.43
Burwood Park	Yes	535	59.31	367	40.69	902	99.01	9	0.99	911
	1.15
Canada Bay	Yes	352	50.87	340	49.13	692	98.58	10	1.42	702	0.88
Chiswick	Yes	857	56.94	648	43.06	1505	99.14	13	0.86	1518	1.91
Chullora South	No	163	43.12	215	56.88	378	98.95	4	1.05	382
	0.48
Concord	Yes	627	54.47	524	45.53	1151	99.14	10	0.86	1161	1.46
Concord Central	Yes	526	54.62	437	45.38	963	99.18	8	0.82	971
	1.22
Concord East	Yes	1279	55.61	1021	44.39	2300	98.92	25	1.08	2325
	2.92
Concord North	Yes	548	55.02	448	44.98	996	99.50	5	0.50	1001
	1.26
Concord Repatriation Hospital	No	83	45.11	101	54.89	184	98.92	2
	1.08	186	0.23
Concord West	Yes	864	56.80	657	43.20	1521	99.02	15	0.98	1536
	1.93
Croydon	Yes	554	59.76	373	40.24	927	98.62	13	1.38	940	1.18
Croydon Park	Yes	1050	53.71	905	46.29	1955	98.94	21	1.06	1976
	2.49
Croydon South	Yes	516	57.72	378	42.28	894	98.24	16	1.76	910
	1.14
Dobroyd Point	Yes	901	61.75	558	38.25	1459	98.78	18	1.22	1477
	1.86
Drummoyne	Yes	1378	63.01	809	36.99	2187	98.69	29	1.31	2216	2.79
Drummoyne East	Yes	641	56.18	500	43.82	1141	99.39	7	0.61	1148
	1.44
Drummoyne North	Yes	1434	56.30	1113	43.70	2547	99.03	25	0.97	2572
	3.23
Enfield	Yes	987	55.26	799	44.74	1786	98.46	28	1.54	1814	2.28
Enfield South	Yes	842	53.84	722	46.16	1564	98.43	25	1.57	1589
	2.00
Enfield West	No	773	49.84	778	50.16	1551	98.79	19	1.21	1570
	1.97
Five Dock	Yes	1114	57.19	834	42.81	1948	98.63	27	1.37	1975	2.48
Five Dock Central	Yes	1338	61.77	828	38.23	2166	98.95	23	1.05	2189
	2.75
Flemington	Yes	660	57.44	489	42.56	1149	99.14	10	0.86	1159	1.46
Haberfield	Yes	980	62.14	597	37.86	1577	98.26	28	1.74	1605	2.02
Haberfield West	Yes	618	61.13	393	38.87	1011	98.44	16	1.56	1027
	1.29
Homebush	Yes	1266	54.66	1050	45.34	2316	99.10	21	0.90	2337	2.94
Homebush North	Yes	306	56.98	231	43.02	537	98.35	9	1.65	546
	0.69
Homebush South	Yes	398	56.21	310	43.79	708	99.16	6	0.84	714
	0.90
Malvern Hill	Yes	946	60.52	617	39.48	1563	99.62	6	0.38	1569
	1.97
Mortlake	Yes	1076	52.85	960	47.15	2036	99.46	11	0.54	2047	2.57
Rhodes	No	130	45.30	157	54.70	287	99.65	1	0.35	288	0.36
Russell Lea	Yes	745	57.48	551	42.52	1296	98.86	15	1.14	1311	1.65
Strathfield	Yes	738	54.26	622	45.74	1360	98.55	20	1.45	1380	1.74
Strathfield Central	Yes	1218	56.28	946	43.72	2164	99.36	14	0.64
	2178	2.74
Strathfield City	Yes	373	55.10	304	44.90	677	99.41	4	0.59	681
	0.86
Strathfield North	Yes	1486	56.12	1162	43.88	2648	98.95	28	1.05	2676
	3.37
Strathfield South	Yes	981	57.27	732	42.73	1713	98.96	18	1.04	1731
	2.18
Strathfield West	No	423	45.58	505	54.42	928	99.04	9	0.96	937
	1.18
Sydney (Lowe)	Yes	169	61.45	106	38.55	275	97.86	6	2.14	281
	0.35
Wareemba	Yes	733	55.07	598	44.93	1331	98.89	15	1.11	1346	1.69
Wellbank	Yes	726	54.34	610	45.66	1336	99.33	9	0.67	1345	1.69
Special Hospitals	No	84	33.33	168	66.67	252	96.92	8	3.08	260
	0.33
Total Ordinary	Yes	37619	56.95	28438	43.05	66057	98.93	713	1.07	66770
	83.98
ABSENT	Yes	3389	57.30	2526	42.70	5915	99.38	37	0.62	5952	7.49
POSTAL	No	994	39.92	1496	60.08	2490	99.64	9	0.36	2499	3.14
PRE_POLL	Yes	2224	60.32	1463	39.68	3687	99.51	18	0.49	3705	4.66
PROVISIONAL	Yes	325	56.23	253	43.77	578	99.48	3	0.52	581	0.73
Division Summary	Yes	44551	56.59	34176	43.41	78727	99.02	780	0.98	79507
	94.59
