Referendum: 6 November 1999									
		
Referendum Results										
	
By Division by Polling Place									
		

"A proposed law for the Alteration of the Constitution, entitled"			
								
   the Constitutional Alteration (Establishment of Republic) 1999			
								
											
											
Tasmania											
Bass (65178)											

		Yes		No		Formal		Informal		Total	
Polling Place		Votes	%	Votes	%	Votes	%	Votes	%	Votes	%
Alanvale	No	997	35.17	1838	64.83	2835	98.92	31	1.08	2866	4.58
Blessington Upper	No	8	10.00	72	90.00	80	98.77	1	1.23	81
	0.13
Branxholm	No	60	25.75	173	74.25	233	100.00	0	0.00	233
	0.37
Bridport	No	366	33.36	731	66.64	1097	98.92	12	1.08	1109	1.77
Cape Barren Island	No	8	27.59	21	72.41	29	96.67	1	3.33	30
	0.05
Cosgrove Park	No	104	30.95	232	69.05	336	98.82	4	1.18	340
	0.54
Derby	No	40	27.03	108	72.97	148	98.67	2	1.33	150	0.24
Dilston	No	296	44.18	374	55.82	670	99.41	4	0.59	674	1.08
Elphin	No	208	38.95	326	61.05	534	99.26	4	0.74	538	0.86
Emita	No	23	47.92	25	52.08	48	97.96	1	2.04	49	0.08
Franklin Village	No	64	31.53	139	68.47	203	98.54	3	1.46	206
	0.33
General Hospital	No	191	43.12	252	56.88	443	99.33	3	0.67	446
	0.71
George Town	No	631	29.57	1503	70.43	2134	98.61	30	1.39	2164	3.46
George Town South	No	269	31.28	591	68.72	860	98.51	13	1.49	873
	1.39
Gladstone	No	30	23.44	98	76.56	128	99.22	1	0.78	129	0.21
Hillwood	No	133	32.28	279	67.72	412	99.52	2	0.48	414	0.66
Inveresk	No	358	36.09	634	63.91	992	98.32	17	1.68	1009	1.61
Invermay	No	492	38.02	802	61.98	1294	98.78	16	1.22	1310	2.09
Karoola	No	69	26.64	190	73.36	259	98.85	3	1.15	262	0.42
Kings Meadows	No	581	34.32	1112	65.68	1693	98.32	29	1.68	1722
	2.75
Lady Barron	No	52	34.67	98	65.33	150	99.34	1	0.66	151	0.24
Launceston	Yes	362	55.95	285	44.05	647	99.39	4	0.61	651	1.04
Launceston Central	No	421	45.66	501	54.34	922	99.14	8	0.86
	930	1.49
Launceston East	Yes	798	54.85	657	45.15	1455	99.32	10	0.68	1465
	2.34
Launceston South	No	634	36.35	1110	63.65	1744	98.75	22	1.25	1766
	2.82
Launceston West	No	837	46.84	950	53.16	1787	99.22	14	0.78	1801
	2.88
Lebrina	No	68	28.94	167	71.06	235	99.16	2	0.84	237	0.38
Legana (Bass)	No	544	41.94	753	58.06	1297	99.39	8	0.61	1305
	2.09
Lilydale	No	241	35.81	432	64.19	673	98.97	7	1.03	680	1.09
Mowbray	No	432	29.21	1047	70.79	1479	98.67	20	1.33	1499	2.40
Myrtle Park	No	14	24.14	44	75.86	58	100.00	0	0.00	58
	0.09
Nabowla	No	11	16.18	57	83.82	68	98.55	1	1.45	69	0.11
Newstead	No	665	38.33	1070	61.67	1735	99.31	12	0.69	1747	2.79
Norwood	No	1017	41.11	1457	58.89	2474	99.56	11	0.44	2485	3.97
Nunamara	No	83	34.73	156	65.27	239	98.76	3	1.24	242	0.39
Ockerby Gardens	No	436	42.50	590	57.50	1026	99.03	10	0.97	1036
	1.66
Pioneer	No	7	9.86	64	90.14	71	100.00	0	0.00	71
	0.11
Pipers River	No	86	31.39	188	68.61	274	98.92	3	1.08	277
	0.44
Prospect	No	598	36.31	1049	63.69	1647	99.16	14	0.84	1661	2.65
Prospect Vale	No	378	36.95	645	63.05	1023	99.22	8	0.78	1031
	1.65
Ravenswood	No	570	24.21	1784	75.79	2354	98.74	30	1.26	2384	3.81
Ringarooma	No	101	21.67	365	78.33	466	99.36	3	0.64	469	0.75
Riverside	No	1177	43.74	1514	56.26	2691	99.30	19	0.70	2710	4.33
Riverside West	No	523	49.39	536	50.61	1059	99.81	2	0.19	1061
	1.70
Rocherlea	No	322	24.36	1000	75.64	1322	98.22	24	1.78	1346	2.15
St Leonards	No	349	30.09	811	69.91	1160	99.32	8	0.68	1168	1.87
Scottsdale	No	571	29.52	1363	70.48	1934	98.72	25	1.28	1959	3.13
Summerhill	No	1326	38.01	2163	61.99	3489	98.92	38	1.08	3527	5.64
Trevallyn	No	973	49.22	1004	50.78	1977	99.10	18	0.90	1995	3.19
Waverley	No	227	23.89	723	76.11	950	98.24	17	1.76	967	1.55
Weymouth	No	51	40.48	75	59.52	126	99.21	1	0.79	127	0.20
Whitemark	No	129	41.48	182	58.52	311	98.11	6	1.89	317	0.51
Windmill Hill	Yes	274	51.41	259	48.59	533	99.81	1	0.19	534
	0.85
Winnaleah	No	42	18.42	186	81.58	228	99.13	2	0.87	230	0.37
Young Town	No	559	38.31	900	61.69	1459	98.98	15	1.02	1474	2.36
Special Hospitals	No	164	23.03	548	76.97	712	98.48	11	1.52	723
	1.16
Total Ordinary	No	19970	36.84	34233	63.16	54203	98.99	555	1.01	54758
	87.50
ABSENT	No	1077	43.66	1390	56.34	2467	99.40	15	0.60	2482	3.97
POSTAL	No	525	28.81	1297	71.19	1822	99.29	13	0.71	1835	2.93
PRE_POLL	No	1297	44.91	1591	55.09	2888	99.55	13	0.45	2901	4.64
PROVISIONAL	No	161	26.88	438	73.12	599	99.01	6	0.99	605	0.97
Division Summary	No	23030	37.16	38949	62.84	61979	99.04	602	0.96	62581
	96.02
