Referendum: 6 November 1999									
		
Referendum Results										
	
By Division by Polling Place									
		

"A proposed law for the Alteration of the Constitution, entitled"			
								
   the Constitutional Alteration (Establishment of Republic) 1999			
								
											
											
New South Wales											
Robertson (82618)											

		Yes		No		Formal		Informal		Total	
Polling Place		Votes	%	Votes	%	Votes	%	Votes	%	Votes	%
Avoca Beach	Yes	1038	53.75	893	46.25	1931	99.23	15	0.77	1946	2.46
Booker Bay	No	251	40.68	366	59.32	617	98.88	7	1.12	624	0.79
Copacabana	Yes	742	58.33	530	41.67	1272	99.30	9	0.70	1281	1.62
Davistown	No	588	39.89	886	60.11	1474	99.26	11	0.74	1485	1.88
Empire Bay	No	1210	45.56	1446	54.44	2656	99.07	25	0.93	2681	3.39
Erina	No	1610	44.27	2027	55.73	3637	99.15	31	0.85	3668	4.64
Erina Heights (Robertson)	No	273	44.46	341	55.54	614	99.68	2
	0.32	616	0.78
Erina South	No	465	44.58	578	55.42	1043	99.81	2	0.19	1045	1.32
Ettalong	No	1325	39.01	2072	60.99	3397	99.10	31	0.90	3428	4.33
Ettalong South	No	274	47.16	307	52.84	581	98.47	9	1.53	590
	0.75
Ettalong West	No	1040	42.02	1435	57.98	2475	98.76	31	1.24	2506
	3.17
Gosford	No	449	42.84	599	57.16	1048	98.68	14	1.32	1062	1.34
Gosford East	No	1217	44.68	1507	55.32	2724	99.16	23	0.84	2747
	3.47
Gosford West	No	536	42.74	718	57.26	1254	99.29	9	0.71	1263
	1.60
Green Point	No	347	42.01	479	57.99	826	99.52	4	0.48	830	1.05
Hardys Bay	Yes	165	55.56	132	44.44	297	99.66	1	0.34	298	0.38
Henry Kendall	No	273	43.82	350	56.18	623	99.84	1	0.16	624
	0.79
Kariong	No	1235	42.91	1643	57.09	2878	99.48	15	0.52	2893	3.66
Kincumber	No	1151	45.46	1381	54.54	2532	99.26	19	0.74	2551	3.22
Kincumber Central	No	577	45.90	680	54.10	1257	99.68	4	0.32	1261
	1.59
Macmasters Beach	Yes	280	55.89	221	44.11	501	99.80	1	0.20	502
	0.63
Mangrove Mountain	No	183	37.12	310	62.88	493	98.60	7	1.40	500
	0.63
Mooney Mooney	No	131	48.52	139	51.48	270	97.12	8	2.88	278
	0.35
Mount White	Yes	56	53.33	49	46.67	105	99.06	1	0.94	106	0.13
Narara South	No	732	47.13	821	52.87	1553	99.36	10	0.64	1563
	1.98
Niagara Park (Robertson)	No	164	45.68	195	54.32	359	99.45	2
	0.55	361	0.46
Ocean Beach	No	1135	43.64	1466	56.36	2601	99.54	12	0.46	2613	3.30
Patonga	No	77	43.75	99	56.25	176	100.00	0	0.00	176
	0.22
Pearl Beach	Yes	187	56.84	142	43.16	329	99.10	3	0.90	332	0.42
Peats Ridge	No	105	40.86	152	59.14	257	100.00	0	0.00	257
	0.32
Point Clare	No	1133	45.58	1353	54.42	2486	99.32	17	0.68	2503	3.16
Pretty Beach	Yes	360	54.63	299	45.37	659	99.10	6	0.90	665
	0.84
Saratoga	No	818	44.22	1032	55.78	1850	99.20	15	0.80	1865	2.36
Scaysbrook	No	259	30.40	593	69.60	852	99.53	4	0.47	856	1.08
Somersby	No	231	44.08	293	55.92	524	97.76	12	2.24	536	0.68
Spencer	No	69	37.30	116	62.70	185	97.88	4	2.12	189	0.24
Springfield	No	711	42.57	959	57.43	1670	99.11	15	0.89	1685	2.13
Sydney (Robertson)	Yes	56	60.22	37	39.78	93	100.00	0
	0.00	93	0.12
Terrigal (Robertson)	Yes	1293	54.51	1079	45.49	2372	99.25	18	0.75
	2390	3.02
Terrigal Central	No	329	45.44	395	54.56	724	99.72	2	0.28	726
	0.92
Terrigal West	No	364	45.96	428	54.04	792	99.62	3	0.38	795
	1.00
Umina Bullion St.	No	748	41.21	1067	58.79	1815	98.96	19	1.04	1834
	2.32
Umina Central	No	940	42.77	1258	57.23	2198	98.79	27	1.21	2225
	2.81
Umina Mall	No	755	39.00	1181	61.00	1936	98.93	21	1.07	1957	2.47
Woy Woy	No	1246	39.73	1890	60.27	3136	99.21	25	0.79	3161	3.99
Woy Woy Bay	Yes	132	50.77	128	49.23	260	100.00	0	0.00	260
	0.33
Woy Woy South	No	478	41.07	686	58.93	1164	99.32	8	0.68	1172
	1.48
Wyoming (Robertson)	No	625	45.55	747	54.45	1372	99.28	10	0.72
	1382	1.75
Special Hospitals	No	203	36.19	358	63.81	561	99.29	4	0.71	565
	0.71
Total Ordinary	No	28566	44.34	35863	55.66	64429	99.20	517	0.80	64946
	82.08
ABSENT	No	2662	49.17	2752	50.83	5414	99.23	42	0.77	5456	6.90
POSTAL	No	1064	34.65	2007	65.35	3071	99.61	12	0.39	3083	3.90
PRE_POLL	No	2095	39.69	3183	60.31	5278	99.49	27	0.51	5305	6.70
PROVISIONAL	No	146	43.98	186	56.02	332	98.81	4	1.19	336	0.42
Division Summary	No	34533	43.98	43991	56.02	78524	99.24	602	0.76	79126
	95.77
