Referendum: 6 November 1999									
		
Referendum Results										
	
By Division by Polling Place									
		

"A proposed law for the Alteration of the Constitution, entitled"			
								
   the Constitutional Alteration (Preamble) 1999					
						
											
											
Australian Capital Territory									
		
Canberra (106199)											

		Yes		No		Formal		Informal		Total	
Polling Place		                                                             
Votes	%	Votes	%	Votes	%	Votes	%	Votes	%
Bonython	No	804	44.42	1006	55.58	1810	98.91	20	1.09	1830	1.80
Calwell	No	1234	42.52	1668	57.48	2902	99.08	27	0.92	2929	2.88
Canberra Hospital	No	394	44.47	492	55.53	886	99.22	7	0.78	893
	0.88
Chapman	No	973	41.40	1377	58.60	2350	99.11	21	0.89	2371	2.34
Chifley	No	585	39.05	913	60.95	1498	99.01	15	0.99	1513	1.49
Chisholm	No	834	41.78	1162	58.22	1996	99.20	16	0.80	2012	1.98
Conder	No	1116	41.66	1563	58.34	2679	98.89	30	1.11	2709	2.67
Curtin	No	1286	42.94	1709	57.06	2995	98.81	36	1.19	3031	2.99
Deakin	No	649	43.44	845	56.56	1494	99.67	5	0.33	1499	1.48
Duffy	No	801	39.32	1236	60.68	2037	99.22	16	0.78	2053	2.02
Fadden	No	1045	46.59	1198	53.41	2243	99.29	16	0.71	2259	2.22
Farrer	No	1287	45.40	1548	54.60	2835	99.26	21	0.74	2856	2.81
Gilmore	No	921	40.66	1344	59.34	2265	99.21	18	0.79	2283	2.25
Gordon	No	1692	43.57	2191	56.43	3883	98.90	43	1.10	3926	3.87
Gowrie	No	822	42.00	1135	58.00	1957	98.94	21	1.06	1978	1.95
Holder	No	685	41.64	960	58.36	1645	98.56	24	1.44	1669	1.64
Hughes	No	1197	42.58	1614	57.42	2811	99.19	23	0.81	2834	2.79
Isabella Plains	No	1057	41.52	1489	58.48	2546	99.07	24	0.93	2570
	2.53
Kambah East	Yes	1119	58.80	784	41.20	1903	99.27	14	0.73	1917	1.89
Kambah North	No	696	41.88	966	58.12	1662	98.99	17	1.01	1679
	1.65
Kambah South	No	599	37.14	1014	62.86	1613	99.14	14	0.86	1627
	1.60
Kambah West	No	1454	40.87	2104	59.13	3558	99.27	26	0.73	3584	3.53
Lyons	No	651	43.03	862	56.97	1513	99.21	12	0.79	1525	1.50
Mawson	No	1334	44.89	1638	55.11	2972	99.17	25	0.83	2997	2.95
Monash	No	1323	44.41	1656	55.59	2979	98.68	40	1.32	3019	2.97
Oaks Estate	No	64	38.32	103	61.68	167	99.40	1	0.60	168	0.17
Pearce	Yes	1348	56.71	1029	43.29	2377	99.08	22	0.92	2399	2.36
Red Hill	Yes	1008	56.53	775	43.47	1783	99.44	10	0.56	1793	1.77
Richardson	No	639	38.66	1014	61.34	1653	98.86	19	1.14	1672	1.65
Rivett	No	811	40.84	1175	59.16	1986	99.45	11	0.55	1997	1.97
Tharwa	No	38	35.85	68	64.15	106	99.07	1	0.93	107	0.11
Theodore	No	713	45.04	870	54.96	1583	99.06	15	0.94	1598	1.57
Wanniassa	No	1287	43.38	1680	56.62	2967	99.30	21	0.70	2988	2.94
Wanniassa Hills	No	1211	42.82	1617	57.18	2828	99.02	28	0.98	2856
	2.81
Waramanga	No	1464	42.69	1965	57.31	3429	99.22	27	0.78	3456	3.40
Weston	No	820	42.38	1115	57.62	1935	99.13	17	0.87	1952	1.92
Yarralumla	No	727	42.56	981	57.44	1708	99.53	8	0.47	1716	1.69
Special Hospitals	No	294	43.75	378	56.25	672	98.68	9	1.32	681
	0.67
Total Ordinary	No	34982	43.60	45244	56.40	80226	99.11	720	0.89	80946
	79.72
ABSENT	No	1235	43.39	1611	56.61	2846	99.51	14	0.49	2860	2.82
POSTAL	No	1000	41.48	1411	58.52	2411	99.34	16	0.66	2427	2.39
PRE_POLL	No	6873	46.69	7849	53.31	14722	99.39	90	0.61	14812	14.59
PROVISIONAL	No	221	45.57	264	54.43	485	99.18	4	0.82	489	0.48
Division Summary	No	44311	44.01	56379	55.99	100690	99.17	844	0.83
	101534	95.61
