Referendum: 6 November 1999									
		
Referendum Results										
	
By Division by Polling Place									
		

"A proposed law for the Alteration of the Constitution, entitled"			
								
   the Constitutional Alteration (Preamble) 1999					
						
											
											
Tasmania											
Bass (65178)											

		Yes		No		Formal		Informal		Total	
Polling Place		                                                             
Votes	%	Votes	%	Votes	%	Votes	%	Votes	%
Alanvale	No	928	32.79	1902	67.21	2830	98.74	36	1.26	2866	4.58
Blessington Upper	No	14	17.50	66	82.50	80	98.77	1	1.23	81
	0.13
Branxholm	No	68	29.31	164	70.69	232	99.57	1	0.43	233	0.37
Bridport	No	333	30.27	767	69.73	1100	99.19	9	0.81	1109	1.77
Cape Barren Island	No	6	20.69	23	79.31	29	96.67	1	3.33	30
	0.05
Cosgrove Park	No	87	26.05	247	73.95	334	98.24	6	1.76	340
	0.54
Derby	No	40	27.03	108	72.97	148	98.67	2	1.33	150	0.24
Dilston	No	266	39.94	400	60.06	666	98.81	8	1.19	674	1.08
Elphin	No	192	36.02	341	63.98	533	99.07	5	0.93	538	0.86
Emita	No	22	46.81	25	53.19	47	95.92	2	4.08	49	0.08
Franklin Village	No	65	32.02	138	67.98	203	98.54	3	1.46	206
	0.33
General Hospital	No	172	38.83	271	61.17	443	99.33	3	0.67	446
	0.71
George Town	No	595	27.93	1535	72.07	2130	98.52	32	1.48	2162	3.45
George Town South	No	256	29.77	604	70.23	860	98.40	14	1.60	874
	1.40
Gladstone	No	15	11.72	113	88.28	128	99.22	1	0.78	129	0.21
Hillwood	No	129	31.31	283	68.69	412	99.52	2	0.48	414	0.66
Inveresk	No	313	31.55	679	68.45	992	98.22	18	1.78	1010	1.61
Invermay	No	437	33.88	853	66.12	1290	98.62	18	1.38	1308	2.09
Karoola	No	77	29.73	182	70.27	259	99.23	2	0.77	261	0.42
Kings Meadows	No	489	28.82	1208	71.18	1697	98.55	25	1.45	1722
	2.75
Lady Barron	No	59	39.86	89	60.14	148	98.01	3	1.99	151	0.24
Launceston	No	308	47.75	337	52.25	645	99.08	6	0.92	651	1.04
Launceston Central	No	370	40.13	552	59.87	922	99.14	8	0.86
	930	1.49
Launceston East	No	657	45.15	798	54.85	1455	99.25	11	0.75	1466
	2.34
Launceston South	No	568	32.72	1168	67.28	1736	98.41	28	1.59	1764
	2.82
Launceston West	No	750	42.06	1033	57.94	1783	99.11	16	0.89	1799
	2.87
Lebrina	No	68	28.81	168	71.19	236	99.58	1	0.42	237	0.38
Legana (Bass)	No	522	40.37	771	59.63	1293	99.08	12	0.92	1305
	2.09
Lilydale	No	224	33.28	449	66.72	673	98.97	7	1.03	680	1.09
Mowbray	No	429	29.03	1049	70.97	1478	98.53	22	1.47	1500	2.40
Myrtle Park	No	17	29.31	41	70.69	58	100.00	0	0.00	58
	0.09
Nabowla	No	14	20.59	54	79.41	68	98.55	1	1.45	69	0.11
Newstead	No	628	36.24	1105	63.76	1733	99.20	14	0.80	1747	2.79
Norwood	No	954	38.58	1519	61.42	2473	99.44	14	0.56	2487	3.97
Nunamara	No	88	36.82	151	63.18	239	98.76	3	1.24	242	0.39
Ockerby Gardens	No	389	37.99	635	62.01	1024	98.84	12	1.16	1036
	1.66
Pioneer	No	12	16.90	59	83.10	71	100.00	0	0.00	71
	0.11
Pipers River	No	83	30.29	191	69.71	274	98.92	3	1.08	277
	0.44
Prospect	No	595	36.26	1046	63.74	1641	98.80	20	1.20	1661	2.65
Prospect Vale	No	364	35.69	656	64.31	1020	98.84	12	1.16	1032
	1.65
Ravenswood	No	544	23.13	1808	76.87	2352	98.66	32	1.34	2384	3.81
Ringarooma	No	99	21.20	368	78.80	467	99.57	2	0.43	469	0.75
Riverside	No	1098	40.85	1590	59.15	2688	99.19	22	0.81	2710	4.33
Riverside West	No	439	41.65	615	58.35	1054	99.34	7	0.66	1061
	1.70
Rocherlea	No	347	26.15	980	73.85	1327	98.59	19	1.41	1346	2.15
St Leonards	No	362	31.31	794	68.69	1156	98.97	12	1.03	1168	1.87
Scottsdale	No	606	31.32	1329	68.68	1935	98.83	23	1.17	1958	3.13
Summerhill	No	1214	34.86	2269	65.14	3483	98.84	41	1.16	3524	5.63
Trevallyn	No	819	41.55	1152	58.45	1971	98.65	27	1.35	1998	3.19
Waverley	No	214	22.65	731	77.35	945	97.72	22	2.28	967	1.55
Weymouth	No	56	44.44	70	55.56	126	99.21	1	0.79	127	0.20
Whitemark	No	125	39.94	188	60.06	313	98.74	4	1.26	317	0.51
Windmill Hill	No	216	40.68	315	59.32	531	99.44	3	0.56	534
	0.85
Winnaleah	No	38	16.67	190	83.33	228	99.13	2	0.87	230	0.37
Young Town	No	533	36.63	922	63.37	1455	98.71	19	1.29	1474	2.36
Special Hospitals	No	209	29.69	495	70.31	704	97.37	19	2.63	723
	1.16
Total Ordinary	No	18522	34.23	35596	65.77	54118	98.84	637	1.16	54755
	87.49
ABSENT	No	929	37.79	1529	62.21	2458	98.99	25	1.01	2483	3.97
POSTAL	No	526	28.89	1295	71.11	1821	99.02	18	0.98	1839	2.94
PRE_POLL	No	1147	39.77	1737	60.23	2884	99.38	18	0.62	2902	4.64
PROVISIONAL	No	166	27.71	433	72.29	599	99.01	6	0.99	605	0.97
Division Summary	No	21290	34.41	40590	65.59	61880	98.88	704	1.12	62584
	96.02
