Referendum: 6 November 1999									
		
Referendum Results										
	
By Division by Polling Place									
		

"A proposed law for the Alteration of the Constitution, entitled"			
								
   the Constitutional Alteration (Preamble) 1999					
						
											
											
Victoria											
Wannon (82147)											

		Yes		No		Formal		Informal		Total	
Polling Place		                                                             
Votes	%	Votes	%	Votes	%	Votes	%	Votes	%
Allansford	No	229	29.43	549	70.57	778	99.23	6	0.77	784	0.99
Ararat	No	929	29.43	2228	70.57	3157	99.18	26	0.82	3183	4.01
Ararat West	No	544	33.81	1065	66.19	1609	99.38	10	0.62	1619	2.04
Balmoral	No	118	36.87	202	63.13	320	100.00	0	0.00	320
	0.40
Beaufort	No	369	29.98	862	70.02	1231	98.72	16	1.28	1247	1.57
Bolwarra	No	128	36.47	223	63.53	351	99.72	1	0.28	352	0.44
Branxholme	No	46	18.55	202	81.45	248	99.60	1	0.40	249	0.31
Buangor	No	44	30.56	100	69.44	144	99.31	1	0.69	145	0.18
Byaduk	No	46	26.44	128	73.56	174	100.00	0	0.00	174
	0.22
Camperdown	No	842	31.10	1865	68.90	2707	99.41	16	0.59	2723	3.43
Cape Clear	No	80	33.61	158	66.39	238	98.76	3	1.24	241	0.30
Caramut	No	64	28.19	163	71.81	227	100.00	0	0.00	227
	0.29
Carpendeit	No	37	23.12	123	76.88	160	98.77	2	1.23	162	0.20
Casterton	No	427	25.09	1275	74.91	1702	99.71	5	0.29	1707	2.15
Cavendish	No	114	31.23	251	68.77	365	100.00	0	0.00	365
	0.46
Cobden	No	389	25.78	1120	74.22	1509	99.28	11	0.72	1520	1.91
Coleraine	No	292	26.57	807	73.43	1099	98.83	13	1.17	1112	1.40
Condah	No	52	24.64	159	75.36	211	99.06	2	0.94	213	0.27
Dartmoor	No	96	25.33	283	74.67	379	99.21	3	0.79	382	0.48
Dergholm	No	24	21.24	89	78.76	113	98.26	2	1.74	115	0.14
Derrinallum	No	153	32.90	312	67.10	465	99.36	3	0.64	468	0.59
Dunkeld	No	158	30.50	360	69.50	518	99.23	4	0.77	522	0.66
Ecklin South	No	72	31.17	159	68.83	231	99.57	1	0.43	232
	0.29
Elmhurst	No	45	31.25	99	68.75	144	100.00	0	0.00	144
	0.18
Glenthompson	No	59	26.58	163	73.42	222	98.67	3	1.33	225
	0.28
Hamilton	No	1008	33.66	1987	66.34	2995	99.40	18	0.60	3013	3.79
Hamilton Central	No	403	29.14	980	70.86	1383	99.42	8	0.58	1391
	1.75
Hamilton East	No	106	34.53	201	65.47	307	100.00	0	0.00
	307	0.39
Hamilton North	No	60	20.83	228	79.17	288	99.65	1	0.35	289
	0.36
Hawkesdale	No	127	34.32	243	65.68	370	99.73	1	0.27	371	0.47
Heywood	No	325	26.62	896	73.38	1221	98.55	18	1.45	1239	1.56
Kennedy Street	No	455	30.95	1015	69.05	1470	98.86	17	1.14	1487
	1.87
Kings College	No	425	34.92	792	65.08	1217	99.19	10	0.81	1227
	1.54
Koroit	No	453	32.73	931	67.27	1384	98.86	16	1.14	1400	1.76
Lake Bolac	No	102	29.39	245	70.61	347	98.30	6	1.70	353	0.44
Linton	No	121	30.63	274	69.37	395	99.00	4	1.00	399	0.50
Lismore	No	112	25.28	331	74.72	443	99.77	1	0.23	444	0.56
Lyndoch	No	68	35.79	122	64.21	190	99.48	1	0.52	191	0.24
Macarthur	No	121	27.19	324	72.81	445	99.55	2	0.45	447	0.56
Mailors Flat	No	125	28.47	314	71.53	439	98.87	5	1.13	444
	0.56
Melbourne (Wannon)	No	35	50.00	35	50.00	70	100.00	0
	0.00	70	0.09
Merino	No	87	24.37	270	75.63	357	99.17	3	0.83	360	0.45
Merrivale	No	163	28.90	401	71.10	564	98.26	10	1.74	574	0.72
Mortlake	No	338	30.40	774	69.60	1112	99.29	8	0.71	1120	1.41
Moyston	No	55	24.23	172	75.77	227	100.00	0	0.00	227
	0.29
Naringal	No	59	32.07	125	67.93	184	99.46	1	0.54	185	0.23
Narrawong	No	74	32.03	157	67.97	231	99.14	2	0.86	233	0.29
Nelson	No	46	28.57	115	71.43	161	99.38	1	0.62	162	0.20
Noorat	No	136	28.63	339	71.37	475	99.79	1	0.21	476	0.60
Nullawarre	No	132	31.81	283	68.19	415	98.34	7	1.66	422	0.53
Orford	No	22	17.74	102	82.26	124	100.00	0	0.00	124
	0.16
Panmure	No	102	24.70	311	75.30	413	99.04	4	0.96	417	0.52
Patterson Park	No	393	30.28	905	69.72	1298	99.46	7	0.54	1305
	1.64
Penshurst	No	165	29.84	388	70.16	553	99.82	1	0.18	554	0.70
Peterborough	No	38	23.90	121	76.10	159	99.37	1	0.63	160
	0.20
Pirron Yallock (Wannon)	No	43	32.82	88	67.18	131	100.00	0
	0.00	131	0.16
Pomonal	No	61	30.05	142	69.95	203	96.67	7	3.33	210	0.26
Port Campbell	No	93	33.70	183	66.30	276	98.92	3	1.08	279
	0.35
Port Fairy	No	651	33.25	1307	66.75	1958	99.39	12	0.61	1970	2.48
Portland Central	No	811	35.31	1486	64.69	2297	99.18	19	0.82	2316
	2.92
Portland North	No	77	38.50	123	61.50	200	99.50	1	0.50	201
	0.25
Portland South	No	514	37.01	875	62.99	1389	99.29	10	0.71	1399
	1.76
Purnim	No	94	31.97	200	68.03	294	98.99	3	1.01	297	0.37
Scotts Creek	No	55	28.95	135	71.05	190	100.00	0	0.00
	190	0.24
Simpson (Wannon)	No	89	21.71	321	78.29	410	99.03	4	0.97	414
	0.52
Skipton	No	128	26.67	352	73.33	480	98.77	6	1.23	486	0.61
Smythesdale	No	250	31.89	534	68.11	784	99.24	6	0.76	790	0.99
Snake Valley	No	138	27.17	370	72.83	508	98.83	6	1.17	514
	0.65
Streatham	No	51	23.08	170	76.92	221	99.55	1	0.45	222	0.28
Tarrington	No	60	25.10	179	74.90	239	99.17	2	0.83	241	0.30
Tatyoon	No	44	30.34	101	69.66	145	100.00	0	0.00	145
	0.18
Terang	No	452	28.27	1147	71.73	1599	98.95	17	1.05	1616	2.03
Timboon	No	304	28.82	751	71.18	1055	99.15	9	0.85	1064	1.34
Tower Square	No	309	37.09	524	62.91	833	99.28	6	0.72	839
	1.06
Tyrendarra	No	52	30.23	120	69.77	172	99.42	1	0.58	173	0.22
Wangoom	No	86	38.91	135	61.09	221	99.55	1	0.45	222	0.28
Warrnambool	No	1682	35.45	3063	64.55	4745	99.14	41	0.86	4786	6.02
Warrnambool Base Hospital	No	131	39.94	197	60.06	328	99.70	1
	0.30	329	0.41
Warrnambool East	No	727	35.26	1335	64.74	2062	99.23	16	0.77	2078
	2.62
Warrnambool Education Centre	No	448	35.50	814	64.50	1262	99.53	6
	0.47	1268	1.60
Warrnambool North	No	462	38.92	725	61.08	1187	99.25	9	0.75	1196
	1.51
Warrnambool South	No	139	34.84	260	65.16	399	99.01	4	0.99	403
	0.51
Warrnambool West	No	794	33.03	1610	66.97	2404	98.81	29	1.19	2433
	3.06
Willaura	No	98	28.16	250	71.84	348	98.86	4	1.14	352	0.44
Wiridjil (Wannon)	No	38	30.40	87	69.60	125	100.00	0	0.00
	125	0.16
Woodford	No	131	34.56	248	65.44	379	99.48	2	0.52	381	0.48
Woolsthorpe	No	111	32.36	232	67.64	343	99.42	2	0.58	345	0.43
Woorndoo	No	13	36.11	23	63.89	36	100.00	0	0.00	36
	0.05
Yambuk	No	56	27.59	147	72.41	203	96.67	7	3.33	210	0.26
Special Hospitals	No	89	32.25	187	67.75	276	96.84	9	3.16	285
	0.36
Total Ordinary	No	20494	31.41	44747	68.59	65241	99.20	527	0.80	65768
	82.79
ABSENT	No	1585	37.43	2650	62.57	4235	99.25	32	0.75	4267	5.37
POSTAL	No	712	25.19	2114	74.81	2826	99.54	13	0.46	2839	3.57
PRE_POLL	No	2046	32.51	4247	67.49	6293	99.48	33	0.52	6326	7.96
PROVISIONAL	No	80	33.47	159	66.53	239	99.58	1	0.42	240	0.30
Division Summary	No	24917	31.61	53917	68.39	78834	99.24	606	0.76	79440
	96.70
