Referendum: 6 November 1999									
		
Referendum Results										
	
By Division by Polling Place									
		

"A proposed law for the Alteration of the Constitution, entitled"			
								
   the Constitutional Alteration (Establishment of Republic) 1999			
								
											
											
Victoria											
Flinders (86381)											

		Yes		No		Formal		Informal		Total	
Polling Place		Votes	%	Votes	%	Votes	%	Votes	%	Votes	%
Balnarring	Yes	754	52.47	683	47.53	1437	99.38	9	0.62	1446	1.74
Bass	No	89	30.69	201	69.31	290	98.31	5	1.69	295	0.36
Baxter	No	670	37.77	1104	62.23	1774	99.11	16	0.89	1790	2.16
Bayles	No	96	27.83	249	72.17	345	99.14	3	0.86	348	0.42
Bittern	No	523	43.58	677	56.42	1200	99.01	12	0.99	1212	1.46
Blairgowrie	No	671	43.68	865	56.32	1536	99.29	11	0.71	1547	1.86
Boneo	No	237	45.49	284	54.51	521	97.93	11	2.07	532	0.64
Cardinia	No	96	36.23	169	63.77	265	98.88	3	1.12	268	0.32
Catani	No	34	25.00	102	75.00	136	99.27	1	0.73	137	0.17
Clyde	No	199	35.54	361	64.46	560	98.77	7	1.23	567	0.68
Corinella	No	264	35.39	482	64.61	746	98.29	13	1.71	759	0.91
Cowes	No	1069	40.94	1542	59.06	2611	99.01	26	0.99	2637	3.18
Cranbourne (Flinders)	No	198	38.60	315	61.40	513	98.65	7	1.35
	520	0.63
Cranbourne South	No	444	45.40	534	54.60	978	99.49	5	0.51	983
	1.18
Crib Point	No	413	36.20	728	63.80	1141	99.22	9	0.78	1150	1.39
Dalyston	No	105	31.53	228	68.47	333	99.40	2	0.60	335	0.40
Devon Meadows	No	582	38.21	941	61.79	1523	99.28	11	0.72	1534
	1.85
Dromana	No	1282	43.78	1646	56.22	2928	99.39	18	0.61	2946	3.55
Dromana Beach	No	225	39.82	340	60.18	565	99.12	5	0.88	570
	0.69
Flinders	No	264	50.00	264	50.00	528	99.25	4	0.75	532	0.64
Glen Alvie	No	24	36.92	41	63.08	65	100.00	0	0.00	65
	0.08
Grantville	No	209	34.49	397	65.51	606	98.22	11	1.78	617	0.74
Hastings	No	1148	40.00	1722	60.00	2870	99.17	24	0.83	2894	3.49
Kernot	No	23	21.10	86	78.90	109	99.09	1	0.91	110	0.13
Kilcunda	No	70	36.27	123	63.73	193	98.47	3	1.53	196	0.24
Kooweerup	No	304	29.01	744	70.99	1048	98.77	13	1.23	1061	1.28
Lang Lang	No	331	31.98	704	68.02	1035	99.52	5	0.48	1040	1.25
McCrae	No	346	43.85	443	56.15	789	99.62	3	0.38	792	0.95
Main Ridge	No	82	45.56	98	54.44	180	99.45	1	0.55	181	0.22
Melbourne (Flinders)	Yes	27	57.45	20	42.55	47	97.92	1	2.08	48
	0.06
Merricks North	Yes	134	64.11	75	35.89	209	99.05	2	0.95	211
	0.25
Moorooduc	No	224	43.66	289	56.34	513	98.28	9	1.72	522	0.63
Mt Erin (Flinders)	No	381	48.97	397	51.03	778	98.98	8	1.02
	786	0.95
Mt Martha	Yes	1764	54.09	1497	45.91	3261	99.36	21	0.64	3282	3.96
Mt Martha North	No	1051	46.53	1208	53.47	2259	98.99	23	1.01	2282
	2.75
Newhaven	No	363	43.68	468	56.32	831	98.93	9	1.07	840	1.01
Nyora	No	172	31.22	379	68.78	551	99.28	4	0.72	555	0.67
Pearcedale	No	851	42.36	1158	57.64	2009	99.16	17	0.84	2026	2.44
Portsea	No	97	44.09	123	55.91	220	99.55	1	0.45	221	0.27
Red Hill	Yes	745	58.48	529	41.52	1274	99.30	9	0.70	1283	1.55
Rhyll	No	175	37.63	290	62.37	465	99.15	4	0.85	469	0.57
Rosebud	No	523	39.68	795	60.32	1318	99.02	13	0.98	1331	1.60
Rosebud East	No	821	41.32	1166	58.68	1987	98.90	22	1.10	2009
	2.42
Rosebud South	No	944	43.14	1244	56.86	2188	98.87	25	1.13	2213
	2.67
Rosebud West	No	864	39.49	1324	60.51	2188	98.83	26	1.17	2214
	2.67
Rye	No	1761	46.10	2059	53.90	3820	98.96	40	1.04	3860	4.65
Rye South	Yes	227	57.47	168	42.53	395	97.05	12	2.95	407	0.49
Safety Beach	No	477	41.99	659	58.01	1136	99.21	9	0.79	1145
	1.38
San Remo	No	252	41.86	350	58.14	602	99.18	5	0.82	607	0.73
Shoreham	Yes	210	59.66	142	40.34	352	99.44	2	0.56	354	0.43
Somers	Yes	397	57.04	299	42.96	696	98.86	8	1.14	704	0.85
Somerville East	No	1012	42.22	1385	57.78	2397	99.25	18	0.75	2415
	2.91
Somerville West	No	1179	43.36	1540	56.64	2719	98.94	29	1.06	2748
	3.31
Sorrento	No	573	43.08	757	56.92	1330	99.48	7	0.52	1337	1.61
Tooradin	No	442	35.99	786	64.01	1228	98.79	15	1.21	1243	1.50
Tootgarook	No	538	37.75	887	62.25	1425	98.41	23	1.59	1448	1.74
Tyabb	No	586	39.28	906	60.72	1492	99.20	12	0.80	1504	1.81
West Park	No	243	34.71	457	65.29	700	99.15	6	0.85	706	0.85
Special Hospitals	No	492	28.44	1238	71.56	1730	98.91	19	1.09	1749
	2.11
Total Ordinary	No	28277	42.24	38668	57.76	66945	99.06	638	0.94	67583
	81.44
ABSENT	No	2622	47.87	2855	52.13	5477	99.11	49	0.89	5526	6.66
POSTAL	No	700	31.46	1525	68.54	2225	99.64	8	0.36	2233	2.69
PRE_POLL	No	2734	37.50	4557	62.50	7291	99.48	38	0.52	7329	8.83
PROVISIONAL	No	132	43.14	174	56.86	306	98.71	4	1.29	310	0.37
Division Summary	No	34465	41.91	47779	58.09	82244	99.11	737	0.89	82981
	96.06
