Referendum: 6 November 1999									
		
Referendum Results										
	
By Division by Polling Place									
		

"A proposed law for the Alteration of the Constitution, entitled"			
								
   the Constitutional Alteration (Establishment of Republic) 1999			
								
											
											
Queensland											
Longman (78098)											

		Yes		No		Formal		Informal		Total	
Polling Place		Votes	%	Votes	%	Votes	%	Votes	%	Votes	%
Banksia Beach	No	833	36.79	1431	63.21	2264	99.30	16	0.70	2280
	3.06
Beachmere	No	500	28.87	1232	71.13	1732	99.37	11	0.63	1743	2.34
Beerburrum	No	84	32.81	172	67.19	256	99.22	2	0.78	258	0.35
Beerwah	No	598	31.02	1330	68.98	1928	99.23	15	0.77	1943	2.61
Bellara	No	1002	36.40	1751	63.60	2753	99.42	16	0.58	2769	3.72
Bongaree	No	971	37.19	1640	62.81	2611	99.43	15	0.57	2626	3.52
Brisbane City (Longman)	Yes	60	57.69	44	42.31	104	99.05	1	0.95
	105	0.14
Burpengary	No	1030	34.81	1929	65.19	2959	99.36	19	0.64	2978	4.00
Burpengary East	No	386	31.31	847	68.69	1233	99.44	7	0.56	1240
	1.66
Burpengary South	No	347	34.84	649	65.16	996	99.10	9	0.90	1005
	1.35
Burpengary West	No	1074	36.42	1875	63.58	2949	99.26	22	0.74	2971
	3.99
Caboolture	No	1567	31.31	3438	68.69	5005	99.15	43	0.85	5048	6.77
Caboolture East	No	774	33.13	1562	66.87	2336	98.52	35	1.48	2371
	3.18
Caboolture West	No	808	33.03	1638	66.97	2446	99.43	14	0.57	2460
	3.30
Conondale	No	166	43.80	213	56.20	379	98.96	4	1.04	383	0.51
Deception Bay	No	382	28.21	972	71.79	1354	98.98	14	1.02	1368
	1.84
Deception Bay North	No	813	27.84	2107	72.16	2920	99.18	24	0.82
	2944	3.95
Deception Bay South (Longman)	No	239	27.99	615	72.01	854	99.42	5
	0.58	859	1.15
Donnybrook	No	157	34.89	293	65.11	450	99.56	2	0.44	452	0.61
Elimbah	No	347	30.47	792	69.53	1139	99.04	11	0.96	1150	1.54
Glass House Mountains	No	572	33.43	1139	66.57	1711	98.84	20	1.16
	1731	2.32
Jinibara	No	199	42.98	264	57.02	463	99.57	2	0.43	465	0.62
Landsborough	No	552	33.52	1095	66.48	1647	99.28	12	0.72	1659
	2.23
Maleny	No	1219	42.76	1632	57.24	2851	98.92	31	1.08	2882	3.87
Morayfield	No	1430	32.50	2970	67.50	4400	99.19	36	0.81	4436	5.95
Morayfield East	No	642	32.89	1310	67.11	1952	99.29	14	0.71	1966
	2.64
Morayfield West	No	693	32.58	1434	67.42	2127	99.35	14	0.65	2141
	2.87
Mount Mee	No	56	27.18	150	72.82	206	100.00	0	0.00	206
	0.28
Narangba	No	1068	36.94	1823	63.06	2891	99.35	19	0.65	2910	3.90
Ningi	No	663	32.37	1385	67.63	2048	98.84	24	1.16	2072	2.78
Peachester	No	194	34.89	362	65.11	556	99.46	3	0.54	559	0.75
Toorbul	No	106	21.99	376	78.01	482	99.79	1	0.21	483	0.65
Wamuran	No	356	30.66	805	69.34	1161	99.83	2	0.17	1163	1.56
Woodford	No	515	26.34	1440	73.66	1955	99.04	19	0.96	1974	2.65
Woorim	No	377	37.62	625	62.38	1002	99.11	9	0.89	1011	1.36
Special Hospitals	No	149	28.88	367	71.12	516	99.23	4	0.77	520
	0.70
Total Ordinary	No	20929	33.41	41707	66.59	62636	99.22	495	0.78	63131
	84.71
ABSENT	No	1882	34.27	3610	65.73	5492	99.33	37	0.67	5529	7.42
POSTAL	No	669	29.95	1565	70.05	2234	99.78	5	0.22	2239	3.00
PRE_POLL	No	1150	35.64	2077	64.36	3227	99.69	10	0.31	3237	4.34
PROVISIONAL	No	120	31.09	266	68.91	386	98.47	6	1.53	392	0.53
Division Summary	No	24750	33.46	49225	66.54	73975	99.26	553	0.74	74528
	95.43
