Referendum: 6 November 1999									
		
Referendum Results										
	
By Division by Polling Place									
		

"A proposed law for the Alteration of the Constitution, entitled"			
								
   the Constitutional Alteration (Establishment of Republic) 1999			
								
											
											
New South Wales											
Cook (81397)											

		Yes		No		Formal		Informal		Total	
Polling Place		Votes	%	Votes	%	Votes	%	Votes	%	Votes	%
Burraneer Bay	No	1642	49.06	1705	50.94	3347	99.41	20	0.59	3367
	4.33
Caringbah	No	1733	47.19	1939	52.81	3672	99.49	19	0.51	3691	4.74
Caringbah Central	No	406	44.03	516	55.97	922	99.35	6	0.65	928
	1.19
Caringbah North	No	1345	45.86	1588	54.14	2933	98.99	30	1.01	2963
	3.81
Caringbah West	No	1004	48.29	1075	51.71	2079	99.66	7	0.34	2086
	2.68
Cronulla	No	1107	46.93	1252	53.07	2359	99.24	18	0.76	2377	3.05
Cronulla Central	No	802	45.39	965	54.61	1767	99.38	11	0.62	1778
	2.28
Cronulla North	Yes	844	51.49	795	48.51	1639	98.91	18	1.09	1657
	2.13
Cronulla South	No	1258	49.04	1307	50.96	2565	99.38	16	0.62	2581
	3.32
Dolans Bay	Yes	482	54.65	400	45.35	882	99.66	3	0.34	885	1.14
Grays Point	Yes	859	54.61	714	45.39	1573	99.49	8	0.51	1581	2.03
Gymea	No	1406	48.70	1481	51.30	2887	99.07	27	0.93	2914	3.74
Gymea North	No	485	44.87	596	55.13	1081	99.17	9	0.83	1090	1.40
Gymea South	Yes	1786	50.04	1783	49.96	3569	99.53	17	0.47	3586	4.61
Kareela	Yes	1178	50.95	1134	49.05	2312	98.93	25	1.07	2337	3.00
Kirrawee	No	772	42.94	1026	57.06	1798	99.34	12	0.66	1810	2.33
Kirrawee South	Yes	786	51.07	753	48.93	1539	99.61	6	0.39	1545
	1.99
Kurnell	No	403	34.04	781	65.96	1184	98.91	13	1.09	1197	1.54
Lilli Pilli	Yes	684	50.93	659	49.07	1343	99.56	6	0.44	1349	1.73
Miranda	No	1158	48.59	1225	51.41	2383	99.25	18	0.75	2401	3.09
Miranda Central	No	612	44.97	749	55.03	1361	98.91	15	1.09	1376
	1.77
Miranda North	No	891	43.68	1149	56.32	2040	99.13	18	0.87	2058
	2.64
Sutherland East	No	341	49.85	343	50.15	684	99.13	6	0.87	690
	0.89
Sutherland Hospital	No	392	45.69	466	54.31	858	99.54	4	0.46
	862	1.11
Sutherland North (Cook)	No	770	48.09	831	51.91	1601	99.01	16	0.99
	1617	2.08
Sydney (Cook)	Yes	68	53.54	59	46.46	127	98.45	2	1.55	129
	0.17
Sylvania	No	598	45.75	709	54.25	1307	99.32	9	0.68	1316	1.69
Sylvania Central	No	301	41.63	422	58.37	723	99.59	3	0.41	726
	0.93
Sylvania Heights	No	1793	47.12	2012	52.88	3805	99.22	30	0.78	3835
	4.93
Sylvania South	No	505	40.21	751	59.79	1256	99.45	7	0.55	1263
	1.62
Sylvania Waters	No	618	43.80	793	56.20	1411	99.44	8	0.56	1419
	1.82
Taren Point	No	433	43.34	566	56.66	999	99.50	5	0.50	1004	1.29
Wanda Beach	Yes	532	51.85	494	48.15	1026	99.23	8	0.77	1034	1.33
Woolooware	No	937	44.90	1150	55.10	2087	99.24	16	0.76	2103	2.70
Yowie Bay	No	1199	46.93	1356	53.07	2555	99.49	13	0.51	2568	3.30
Special Hospitals	No	98	31.41	214	68.59	312	99.05	3	0.95	315
	0.40
Total Ordinary	No	30228	47.24	33758	52.76	63986	99.30	452	0.70	64438
	82.81
ABSENT	Yes	2609	52.10	2399	47.90	5008	99.09	46	0.91	5054	6.49
POSTAL	No	924	35.03	1714	64.97	2638	99.70	8	0.30	2646	3.40
PRE_POLL	No	2493	46.71	2844	53.29	5337	99.52	26	0.48	5363	6.89
PROVISIONAL	Yes	166	53.04	147	46.96	313	99.05	3	0.95	316	0.41
Division Summary	No	36420	47.13	40862	52.87	77282	99.31	535	0.69	77817
	95.60
