Referendum: 6 November 1999									
		
Referendum Results										
	
By Division by Polling Place									
		

"A proposed law for the Alteration of the Constitution, entitled"			
								
   the Constitutional Alteration (Establishment of Republic) 1999			
								
											
											
Victoria											
McEwen (84849)											

		Yes		No		Formal		Informal		Total	
Polling Place		Votes	%	Votes	%	Votes	%	Votes	%	Votes	%
Alexandra	No	734	43.43	956	56.57	1690	98.71	22	1.29	1712	2.10
Arthurs Creek	No	148	45.82	175	54.18	323	99.38	2	0.62	325
	0.40
Avenel	No	206	35.15	380	64.85	586	99.32	4	0.68	590	0.72
Badger Creek	No	518	41.05	744	58.95	1262	98.90	14	1.10	1276
	1.57
Beveridge	No	108	43.37	141	56.63	249	97.65	6	2.35	255	0.31
Bonnie Doon	No	110	33.13	222	66.87	332	99.10	3	0.90	335	0.41
Broadford	No	723	34.91	1348	65.09	2071	99.23	16	0.77	2087	2.56
Buxton	No	74	32.89	151	67.11	225	99.12	2	0.88	227	0.28
Christmas Hills	Yes	35	72.92	13	27.08	48	100.00	0	0.00	48
	0.06
Clonbinane	No	104	41.94	144	58.06	248	98.80	3	1.20	251	0.31
Craigieburn	No	2161	44.69	2674	55.31	4835	99.04	47	0.96	4882	5.99
Craigieburn South	No	1011	45.54	1209	54.46	2220	99.02	22	0.98	2242
	2.75
Diamond Creek	Yes	1547	56.42	1195	43.58	2742	99.17	23	0.83	2765
	3.39
Diamond Creek East	Yes	1379	54.44	1154	45.56	2533	99.33	17	0.67
	2550	3.13
Dixons Creek	No	92	41.82	128	58.18	220	100.00	0	0.00
	220	0.27
Don Valley	No	77	32.91	157	67.09	234	100.00	0	0.00	234
	0.29
Doreen	No	140	41.92	194	58.08	334	99.11	3	0.89	337	0.41
Eden Park	No	218	42.08	300	57.92	518	99.04	5	0.96	523	0.64
Eildon	No	236	38.31	380	61.69	616	99.52	3	0.48	619	0.76
Flowerdale	No	148	40.33	219	59.67	367	98.92	4	1.08	371	0.46
Gladysdale	No	126	37.06	214	62.94	340	99.71	1	0.29	341	0.42
Glenburn	No	82	33.74	161	66.26	243	98.78	3	1.22	246	0.30
Healesville	No	1543	44.84	1898	55.16	3441	99.16	29	0.84	3470	4.26
Hoddles Creek	No	142	43.29	186	56.71	328	99.09	3	0.91	331
	0.41
Hurstbridge	Yes	1244	58.57	880	41.43	2124	99.16	18	0.84	2142	2.63
Jamieson	No	62	28.97	152	71.03	214	99.53	1	0.47	215	0.26
Kalkallo	No	72	38.50	115	61.50	187	99.47	1	0.53	188	0.23
Kangaroo Ground	Yes	478	63.14	279	36.86	757	99.87	1	0.13	758
	0.93
Kilmore	No	1110	43.91	1418	56.09	2528	99.14	22	0.86	2550	3.13
Kinglake	Yes	378	54.00	322	46.00	700	99.01	7	0.99	707	0.87
Kinglake West	No	411	48.81	431	51.19	842	99.41	5	0.59	847
	1.04
Launching Place	No	441	39.87	665	60.13	1106	98.75	14	1.25	1120
	1.37
Longwood	No	73	36.32	128	63.68	201	98.05	4	1.95	205	0.25
Mansfield	No	925	36.55	1606	63.45	2531	99.22	20	0.78	2551	3.13
Marysville	No	153	41.13	219	58.87	372	99.47	2	0.53	374	0.46
Melbourne (McEwen)	Yes	41	64.06	23	35.94	64	100.00	0
	0.00	64	0.08
Mernda	No	234	38.94	367	61.06	601	97.41	16	2.59	617	0.76
Merrijig	No	107	46.32	124	53.68	231	100.00	0	0.00	231
	0.28
Merton	No	29	28.43	73	71.57	102	99.03	1	0.97	103	0.13
Mickleham	No	244	49.80	246	50.20	490	98.99	5	1.01	495	0.61
Millgrove	No	278	37.93	455	62.07	733	97.86	16	2.14	749	0.92
Molesworth	No	29	34.52	55	65.48	84	100.00	0	0.00	84
	0.10
Mount Buller	No	15	44.12	19	55.88	34	100.00	0	0.00	34
	0.04
Nagambie	No	400	30.44	914	69.56	1314	99.24	10	0.76	1324	1.63
Narbethong	No	50	39.68	76	60.32	126	100.00	0	0.00	126
	0.15
Panton Hill	Yes	384	57.40	285	42.60	669	99.11	6	0.89	675	0.83
Piries-Goughs Bay	No	37	39.78	56	60.22	93	100.00	0	0.00	93
	0.11
Powelltown	No	39	35.45	71	64.55	110	99.10	1	0.90	111	0.14
Puckapunyal	No	173	31.57	375	68.43	548	99.64	2	0.36	550	0.68
Pyalong	No	88	28.76	218	71.24	306	99.67	1	0.33	307	0.38
Research (McEwen)	Yes	1122	65.96	579	34.04	1701	99.42	10	0.58	1711
	2.10
Ruffy	No	29	32.22	61	67.78	90	98.90	1	1.10	91	0.11
St Andrews	Yes	504	62.84	298	37.16	802	99.38	5	0.62	807	0.99
Seymour	No	537	34.58	1016	65.42	1553	99.42	9	0.58	1562	1.92
Seymour East	No	935	33.69	1840	66.31	2775	98.97	29	1.03	2804
	3.44
Strath Creek	No	13	17.11	63	82.89	76	100.00	0	0.00	76
	0.09
Taggerty	No	99	45.62	118	54.38	217	99.54	1	0.46	218	0.27
Tallarook	No	131	37.54	218	62.46	349	99.43	2	0.57	351	0.43
Thornton	No	101	37.27	170	62.73	271	99.63	1	0.37	272	0.33
Tolmie	No	33	33.33	66	66.67	99	99.00	1	1.00	100	0.12
Toolangi	No	118	48.16	127	51.84	245	98.39	4	1.61	249	0.31
Wallan East	No	49	34.03	95	65.97	144	99.31	1	0.69	145	0.18
Wallan Wallan	No	811	42.06	1117	57.94	1928	98.67	26	1.33	1954
	2.40
Wandong	No	391	42.97	519	57.03	910	98.59	13	1.41	923	1.13
Warburton	No	339	38.74	536	61.26	875	97.98	18	2.02	893	1.10
Warburton East	No	193	40.80	280	59.20	473	97.73	11	2.27	484
	0.59
Warrandyte North	Yes	854	69.21	380	30.79	1234	99.60	5	0.40	1239
	1.52
Wattle Glen	Yes	407	58.90	284	41.10	691	99.28	5	0.72	696	0.85
Wesburn	No	270	36.83	463	63.17	733	98.26	13	1.74	746	0.92
Whittlesea	No	732	43.44	953	56.56	1685	99.12	15	0.88	1700	2.09
Wollert	No	52	42.98	69	57.02	121	100.00	0	0.00	121
	0.15
Woori Yallock	No	723	38.31	1164	61.69	1887	99.42	11	0.58	1898
	2.33
Yan Yean	Yes	84	56.76	64	43.24	148	98.67	2	1.33	150	0.18
Yarck	No	59	39.07	92	60.93	151	100.00	0	0.00	151	0.19
Yarra Glen	No	637	48.81	668	51.19	1305	99.16	11	0.84	1316	1.62
Yarra Junction	No	395	37.80	650	62.20	1045	99.05	10	0.95	1055
	1.30
Yarrambat	Yes	400	55.71	318	44.29	718	99.58	3	0.42	721	0.89
Yea	No	395	34.56	748	65.44	1143	99.48	6	0.52	1149	1.41
Special Hospitals	No	28	29.79	66	70.21	94	98.95	1	1.05	95
	0.12
Total Ordinary	No	29598	44.48	36937	55.52	66535	99.11	599	0.89	67134
	82.42
ABSENT	Yes	3732	50.43	3668	49.57	7400	99.28	54	0.72	7454	9.15
POSTAL	No	861	33.70	1694	66.30	2555	99.53	12	0.47	2567	3.15
PRE_POLL	No	1669	41.54	2349	58.46	4018	99.46	22	0.54	4040	4.96
PROVISIONAL	No	97	37.31	163	62.69	260	99.24	2	0.76	262	0.32
Division Summary	No	35957	44.52	44811	55.48	80768	99.15	689	0.85	81457
	96.00
