Referendum: 6 November 1999									
		
Referendum Results										
	
By Division by Polling Place									
		

"A proposed law for the Alteration of the Constitution, entitled"			
								
   the Constitutional Alteration (Establishment of Republic) 1999			
								
											
											
Queensland											
Hinkler (79052)											

		Yes		No		Formal		Informal		Total	
Polling Place		Votes	%	Votes	%	Votes	%	Votes	%	Votes	%
Agnes Water	No	209	31.91	446	68.09	655	99.85	1	0.15	656	0.87
Alloway	No	132	30.34	303	69.66	435	99.32	3	0.68	438	0.58
Ambrose	No	60	28.30	152	71.70	212	100.00	0	0.00	212
	0.28
Apple Tree Creek	No	114	27.60	299	72.40	413	98.80	5	1.20	418
	0.55
Avoca	No	928	30.90	2075	69.10	3003	99.31	21	0.69	3024	4.01
Avondale	No	73	26.45	203	73.55	276	99.64	1	0.36	277	0.37
Bajool	No	60	22.81	203	77.19	263	100.00	0	0.00	263
	0.35
Baree	No	57	22.53	196	77.47	253	100.00	0	0.00	253	0.34
Bargara	No	991	35.61	1792	64.39	2783	99.50	14	0.50	2797	3.70
Benaraby	No	130	27.08	350	72.92	480	97.96	10	2.04	490	0.65
Booyal	No	37	31.62	80	68.38	117	98.32	2	1.68	119	0.16
Bororen	No	101	31.66	218	68.34	319	100.00	0	0.00	319
	0.42
Boyne Island	No	823	37.75	1357	62.25	2180	99.41	13	0.59	2193
	2.90
Bracewell	No	9	15.00	51	85.00	60	100.00	0	0.00	60
	0.08
Branyan	No	205	31.73	441	68.27	646	99.38	4	0.62	650	0.86
Brisbane City (Hinkler)	Yes	42	53.16	37	46.84	79	98.75	1	1.25	80
	0.11
Builyan	No	9	13.43	58	86.57	67	100.00	0	0.00	67
	0.09
Bundaberg	No	502	27.75	1307	72.25	1809	99.23	14	0.77	1823	2.41
Bundaberg Base Hospital	No	122	34.37	233	65.63	355	99.16	3	0.84
	358	0.47
Bundaberg Central	No	138	28.22	351	71.78	489	99.19	4	0.81	493
	0.65
Bundaberg East	No	518	28.40	1306	71.60	1824	99.40	11	0.60	1835
	2.43
Bundaberg North	No	401	31.09	889	68.91	1290	99.38	8	0.62	1298
	1.72
Bundaberg North West	No	320	22.22	1120	77.78	1440	99.52	7	0.48
	1447	1.92
Bundaberg South	No	674	29.73	1593	70.27	2267	99.04	22	0.96	2289
	3.03
Bundaberg West	No	522	26.91	1418	73.09	1940	99.18	16	0.82	1956
	2.59
Burnett Heads	No	348	28.22	885	71.78	1233	99.68	4	0.32	1237
	1.64
Calliope	No	329	22.82	1113	77.18	1442	99.11	13	0.89	1455	1.93
Childers	No	424	24.80	1286	75.20	1710	99.36	11	0.64	1721	2.28
Clinton	No	635	34.10	1227	65.90	1862	98.83	22	1.17	1884	2.50
Clinton St John's	No	668	38.84	1052	61.16	1720	99.83	3	0.17	1723
	2.28
Cordalba	No	95	23.40	311	76.60	406	99.51	2	0.49	408	0.54
Elliott Heads	No	189	31.34	414	68.66	603	99.18	5	0.82	608
	0.81
Givelda	No	54	26.87	147	73.13	201	98.05	4	1.95	205	0.27
Gladstone	No	612	39.33	944	60.67	1556	99.87	2	0.13	1558	2.06
Gladstone South	No	600	28.46	1508	71.54	2108	98.97	22	1.03	2130
	2.82
Gladstone Valley	No	294	37.55	489	62.45	783	99.49	4	0.51	787
	1.04
Gladstone West	No	550	33.15	1109	66.85	1659	99.16	14	0.84	1673
	2.22
Gooburrum	No	156	28.21	397	71.79	553	99.46	3	0.54	556	0.74
Goodwood	No	34	22.22	119	77.78	153	99.35	1	0.65	154	0.20
Kalkie	No	207	30.53	471	69.47	678	98.55	10	1.45	688	0.91
Kepnock	No	375	26.75	1027	73.25	1402	99.50	7	0.50	1409	1.87
Kin Kora	No	794	35.72	1429	64.28	2223	99.51	11	0.49	2234	2.96
Lowmead	No	16	17.20	77	82.80	93	100.00	0	0.00	93
	0.12
Millbank	No	401	28.06	1028	71.94	1429	99.17	12	0.83	1441	1.91
Miriam Vale	No	90	20.32	353	79.68	443	99.55	2	0.45	445	0.59
Moore Park	No	311	37.61	516	62.39	827	99.52	4	0.48	831	1.10
Mount Larcom	No	88	25.51	257	74.49	345	99.71	1	0.29	346
	0.46
Mount Morgan	No	308	22.75	1046	77.25	1354	99.34	9	0.66	1363
	1.81
Norville	No	725	30.72	1635	69.28	2360	98.95	25	1.05	2385	3.16
Oakwood	No	189	29.21	458	70.79	647	100.00	0	0.00	647
	0.86
Rosedale	No	100	26.53	277	73.47	377	98.69	5	1.31	382	0.51
Sharon	No	143	23.99	453	76.01	596	99.50	3	0.50	599	0.79
South Kolan	No	143	23.71	460	76.29	603	99.50	3	0.50	606	0.80
Tannum Sands	No	593	42.72	795	57.28	1388	99.36	9	0.64	1397
	1.85
Thabeban	No	564	28.00	1450	72.00	2014	99.41	12	0.59	2026	2.68
Toolooa	No	148	36.63	256	63.37	404	99.75	1	0.25	405	0.54
Ubobo	No	15	14.85	86	85.15	101	100.00	0	0.00	101	0.13
Walkervale	No	591	27.81	1534	72.19	2125	98.88	24	1.12	2149	2.85
Wartburg	No	82	35.04	152	64.96	234	99.57	1	0.43	235	0.31
Woodgate	No	133	30.16	308	69.84	441	99.32	3	0.68	444	0.59
Woongarra	No	230	29.75	543	70.25	773	99.61	3	0.39	776	1.03
Yandaran	No	95	23.00	318	77.00	413	99.28	3	0.72	416	0.55
Yarroon	No	415	29.20	1006	70.80	1421	99.30	10	0.70	1431	1.90
Yarwun	No	89	27.47	235	72.53	324	99.69	1	0.31	325	0.43
Special Hospitals	No	99	20.20	391	79.80	490	98.59	7	1.41	497
	0.66
Total Ordinary	No	19109	30.26	44040	69.74	63149	99.31	436	0.69	63585
	84.22
ABSENT	No	1599	35.23	2940	64.77	4539	99.45	25	0.55	4564	6.05
POSTAL	No	606	26.49	1682	73.51	2288	99.83	4	0.17	2292	3.04
PRE_POLL	No	1548	33.44	3081	66.56	4629	99.76	11	0.24	4640	6.15
PROVISIONAL	No	127	30.60	288	69.40	415	99.52	2	0.48	417	0.55
Division Summary	No	22989	30.64	52031	69.36	75020	99.37	478	0.63	75498
	95.50
