Referendum: 6 November 1999									
		
Referendum Results										
	
By Division by Polling Place									
		

"A proposed law for the Alteration of the Constitution, entitled"			
								
   the Constitutional Alteration (Preamble) 1999					
						
											
											
Western Australia											
Stirling (86621)											

		Yes		No		Formal		Informal		Total	
Division		                                                             
Votes	%	Votes	%	Votes	%	Votes	%	Votes	%
Balcatta	No	721	45.20	874	54.80	1595	98.09	31	1.91	1626	1.98
Balcatta Central	No	1615	47.24	1804	52.76	3419	98.05	68	1.95	3487
	4.24
Balcatta East	No	130	32.66	268	67.34	398	98.27	7	1.73	405
	0.49
Balcatta North	No	993	43.94	1267	56.06	2260	98.05	45	1.95	2305
	2.80
Balga	No	675	27.55	1775	72.45	2450	98.75	31	1.25	2481	3.01
Balga North	No	524	28.62	1307	71.38	1831	98.34	31	1.66	1862	2.26
Carine	No	1414	42.05	1949	57.95	3363	99.35	22	0.65	3385	4.11
Deanmore	No	599	42.66	805	57.34	1404	99.01	14	0.99	1418	1.72
Dianella Heights	No	752	43.72	968	56.28	1720	98.96	18	1.04	1738
	2.11
Dianella West	No	618	40.68	901	59.32	1519	98.96	16	1.04	1535
	1.86
Doubleview (Stirling)	No	907	41.43	1282	58.57	2189	99.05	21	0.95
	2210	2.68
Doubleview North	No	752	37.56	1250	62.44	2002	99.31	14	0.69	2016
	2.45
Duncraig East (Stirling)	No	125	44.01	159	55.99	284	99.30	2
	0.70	286	0.35
Hamersley	No	741	34.72	1393	65.28	2134	98.93	23	1.07	2157	2.62
Hamersley East	No	413	39.67	628	60.33	1041	99.05	10	0.95	1051
	1.28
Innaloo North	No	947	36.89	1620	63.11	2567	98.50	39	1.50	2606
	3.17
Karrinyup	No	1042	42.12	1432	57.88	2474	99.16	21	0.84	2495	3.03
Lake Gwelup	No	791	41.83	1100	58.17	1891	98.54	28	1.46	1919	2.33
Marmion	No	699	41.56	983	58.44	1682	99.41	10	0.59	1692	2.06
Mirrabooka	No	999	42.22	1367	57.78	2366	98.87	27	1.13	2393	2.91
Mirrabooka Central	No	635	36.64	1098	63.36	1733	98.63	24	1.37
	1757	2.13
Mirrabooka East	No	705	40.99	1015	59.01	1720	98.62	24	1.38	1744
	2.12
Nollamara	No	761	35.85	1362	64.15	2123	98.61	30	1.39	2153	2.62
Nollamara North	No	214	35.31	392	64.69	606	99.18	5	0.82	611
	0.74
Noranda West (Stirling)	No	627	45.70	745	54.30	1372	98.78	17	1.22
	1389	1.69
North Beach	No	836	41.61	1173	58.39	2009	99.16	17	0.84	2026	2.46
North Beach Central	No	310	39.85	468	60.15	778	99.87	1	0.13
	779	0.95
Osborne	No	819	42.48	1109	57.52	1928	98.22	35	1.78	1963	2.38
Osborne East	No	243	39.07	379	60.93	622	98.42	10	1.58	632
	0.77
Osborne Park	No	355	42.93	472	57.07	827	97.41	22	2.59	849
	1.03
Perth (Stirling)	No	84	42.64	113	57.36	197	96.57	7	3.43	204
	0.25
Rottnest (Stirling)	No	47	42.73	63	57.27	110	100.00	0
	0.00	110	0.13
Scarborough	No	330	39.90	497	60.10	827	99.40	5	0.60	832	1.01
Scarborough Central (Stirling)	No	412	39.43	633	60.57	1045	99.15	9
	0.85	1054	1.28
Sorrento (Stirling)	No	401	45.52	480	54.48	881	98.66	12	1.34
	893	1.08
Sorrento Beach (Stirling)	No	572	43.56	741	56.44	1313	99.24	10
	0.76	1323	1.61
Trigg	No	438	42.94	582	57.06	1020	99.03	10	0.97	1030	1.25
Tuart Hill	No	1033	41.65	1447	58.35	2480	98.41	40	1.59	2520	3.06
Westminster	No	775	36.00	1378	64.00	2153	97.91	46	2.09	2199	2.67
Yokine	No	588	39.65	895	60.35	1483	98.60	21	1.40	1504	1.83
Yokine North	No	634	41.44	896	58.56	1530	98.90	17	1.10	1547
	1.88
Yokine West	No	569	39.00	890	61.00	1459	98.92	16	1.08	1475	1.79
Special Hospitals	No	218	46.88	247	53.12	465	99.36	3	0.64	468
	0.57
Total Ordinary	No	27063	40.23	40207	59.77	67270	98.74	859	1.26	68129
	82.76
ABSENT	No	3117	39.55	4764	60.45	7881	99.31	55	0.69	7936	9.64
POSTAL	No	617	32.71	1269	67.29	1886	99.47	10	0.53	1896	2.30
PRE_POLL	No	1541	43.26	2021	56.74	3562	99.58	15	0.42	3577	4.35
PROVISIONAL	No	306	39.84	462	60.16	768	98.59	11	1.41	779	0.95
Division Summary	No	32644	40.12	48723	59.88	81367	98.85	950	1.15	82317
	95.03
