Referendum: 6 November 1999									
		
Referendum Results										
	
By Division by Polling Place									
		

"A proposed law for the Alteration of the Constitution, entitled"			
								
   the Constitutional Alteration (Establishment of Republic) 1999			
								
											
											
New South Wales											
Sydney (91774)											

		Yes		No		Formal		Informal		Total	
Polling Place		Votes	%	Votes	%	Votes	%	Votes	%	Votes	%
Alexandria	Yes	868	64.49	478	35.51	1346	98.75	17	1.25	1363	1.61
Annandale North (Sydney)	Yes	1061	74.72	359	25.28	1420	98.61	20
	1.39	1440	1.70
Bald Rock	Yes	149	68.35	69	31.65	218	99.54	1	0.46	219	0.26
Balmain	Yes	1655	73.10	609	26.90	2264	99.25	17	0.75	2281	2.69
Balmain East	Yes	640	72.48	243	27.52	883	99.10	8	0.90	891
	1.05
Balmain Hospital	Yes	226	70.40	95	29.60	321	98.47	5	1.53	326
	0.39
Barcom	Yes	480	77.05	143	22.95	623	99.36	4	0.64	627	0.74
Beaconsfield	Yes	226	59.47	154	40.53	380	99.74	1	0.26	381
	0.45
Birchgrove	Yes	1539	77.69	442	22.31	1981	99.40	12	0.60	1993	2.35
Blackfriars	Yes	268	78.59	73	21.41	341	98.55	5	1.45	346	0.41
Camperdown (Sydney)	Yes	151	62.92	89	37.08	240	98.77	3	1.23
	243	0.29
Chippendale	Yes	743	75.82	237	24.18	980	98.20	18	1.80	998	1.18
Darlinghurst	Yes	607	73.49	219	26.51	826	98.69	11	1.31	837
	0.99
Darlington	Yes	697	76.17	218	23.83	915	99.24	7	0.76	922	1.09
East Sydney	Yes	1282	67.58	615	32.42	1897	98.44	30	1.56	1927	2.28
Erskineville	Yes	1774	75.11	588	24.89	2362	99.37	15	0.63	2377
	2.81
Flinders	Yes	482	67.51	232	32.49	714	98.76	9	1.24	723	0.85
Forest Lodge	Yes	815	73.96	287	26.04	1102	98.66	15	1.34	1117
	1.32
Gardeners Road	Yes	261	58.26	187	41.74	448	98.25	8	1.75	456
	0.54
Gladstone Park	Yes	1044	72.60	394	27.40	1438	99.65	5	0.35	1443
	1.70
Glebe	Yes	1010	68.85	457	31.15	1467	98.39	24	1.61	1491	1.76
Glebe East	Yes	906	66.18	463	33.82	1369	98.92	15	1.08	1384	1.64
Glebe North	Yes	708	72.62	267	27.38	975	99.29	7	0.71	982	1.16
Glenmore	Yes	1621	69.63	707	30.37	2328	99.36	15	0.64	2343	2.77
Holdsworth	Yes	563	59.08	390	40.92	953	99.58	4	0.42	957	1.13
Hyde Park	Yes	258	55.13	210	44.87	468	98.53	7	1.47	475	0.56
Kings Cross	Yes	1406	76.62	429	23.38	1835	98.87	21	1.13	1856	2.19
Lilyfield	Yes	906	61.34	571	38.66	1477	99.19	12	0.81	1489	1.76
Lilyfield North	Yes	606	65.30	322	34.70	928	99.25	7	0.75	935
	1.10
Lord Howe Island	Yes	101	52.06	93	47.94	194	100.00	0	0.00
	194	0.23
Millers Point	Yes	485	57.88	353	42.12	838	98.70	11	1.30	849
	1.00
Newtown East	Yes	357	79.16	94	20.84	451	99.34	3	0.66	454
	0.54
Newtown North (Sydney)	Yes	1355	78.05	381	21.95	1736	98.97	18	1.03
	1754	2.07
Paddington	Yes	765	65.44	404	34.56	1169	99.40	7	0.60	1176	1.39
Paddington North	Yes	389	72.17	150	27.83	539	98.90	6	1.10	545
	0.64
Paddington South	Yes	1280	67.30	622	32.70	1902	99.11	17	0.89	1919
	2.27
Plunkett Street	Yes	543	57.77	397	42.23	940	98.84	11	1.16	951
	1.12
Potts Point	Yes	1941	68.35	899	31.65	2840	99.37	18	0.63	2858	3.38
Prince Alfred Hospital	Yes	310	69.04	139	30.96	449	99.34	3	0.66
	452	0.53
Pyrmont	Yes	765	66.35	388	33.65	1153	99.74	3	0.26	1156	1.37
Rachel Forster Hospital	Yes	778	57.33	579	42.67	1357	98.69	18	1.31
	1375	1.62
Redfern	No	930	48.77	977	51.23	1907	98.81	23	1.19	1930	2.28
Redfern East	Yes	938	52.55	847	47.45	1785	98.13	34	1.87	1819
	2.15
Rosebery	Yes	726	58.22	521	41.78	1247	98.58	18	1.42	1265	1.49
Roslyn Gardens	Yes	675	62.85	399	37.15	1074	98.99	11	1.01	1085
	1.28
Rozelle	Yes	1972	69.98	846	30.02	2818	99.09	26	0.91	2844	3.36
St Vincents Hospital	Yes	125	65.45	66	34.55	191	98.96	2	1.04
	193	0.23
South Sydney Hospital	Yes	97	60.62	63	39.38	160	98.77	2	1.23
	162	0.19
Surry Hills	Yes	317	78.27	88	21.73	405	99.51	2	0.49	407	0.48
Surry Hills North	Yes	1034	76.37	320	23.63	1354	99.12	12	0.88	1366
	1.61
Surry Hills South	Yes	974	76.39	301	23.61	1275	99.30	9	0.70	1284
	1.52
Sydney (Sydney)	Yes	1908	67.83	905	32.17	2813	98.98	29	1.02	2842
	3.36
Toxteth	Yes	779	76.07	245	23.93	1024	98.65	14	1.35	1038	1.23
Ultimo	Yes	659	67.94	311	32.06	970	99.49	5	0.51	975	1.15
Waterloo	Yes	508	52.70	456	47.30	964	98.67	13	1.33	977	1.15
Zetland	No	48	48.98	50	51.02	98	100.00	0	0.00	98
	0.12
Special Hospitals	No	128	42.38	174	57.62	302	99.67	1	0.33	303
	0.36
Total Ordinary	Yes	43839	68.02	20615	31.98	64454	99.02	639	0.98	65093
	76.90
ABSENT	Yes	6367	68.34	2950	31.66	9317	99.41	55	0.59	9372	11.07
POSTAL	Yes	1350	53.61	1168	46.39	2518	99.64	9	0.36	2527	2.99
PRE_POLL	Yes	4265	70.53	1782	29.47	6047	99.49	31	0.51	6078	7.18
PROVISIONAL	Yes	1100	70.60	458	29.40	1558	98.86	18	1.14	1576	1.86
Division Summary	Yes	56921	67.85	26973	32.15	83894	99.11	752	0.89	84646
	92.23
