Referendum: 6 November 1999									
		
Referendum Results										
	
By Division by Polling Place									
		

"A proposed law for the Alteration of the Constitution, entitled"			
								
   the Constitutional Alteration (Preamble) 1999					
						
											
											
Western Australia											
Kalgoorlie (82624)										
	

		Yes		No		Formal		Informal		Total	
Polling Place		                                                             
Votes	%	Votes	%	Votes	%	Votes	%	Votes	%
Ajana	No	34	24.82	103	75.18	137	99.28	1	0.72	138	0.19
Argyle	No	14	36.84	24	63.16	38	100.00	0	0.00	38
	0.05
Balgo	No	36	45.00	44	55.00	80	100.00	0	0.00	80	0.11
Bodallin	No	9	12.50	63	87.50	72	100.00	0	0.00	72
	0.10
Boulder	No	959	27.37	2545	72.63	3504	98.68	47	1.32	3551	4.96
Broome	No	951	38.78	1501	61.22	2452	99.15	21	0.85	2473	3.45
Broome West	No	427	42.07	588	57.93	1015	99.02	10	0.98	1025	1.43
Bullfinch	No	9	16.98	44	83.02	53	100.00	0	0.00	53
	0.07
Burracoppin	No	16	20.00	64	80.00	80	100.00	0	0.00	80
	0.11
Carnarvon	No	378	25.37	1112	74.63	1490	99.07	14	0.93	1504	2.10
Carnarvon East	No	285	27.86	738	72.14	1023	98.94	11	1.06	1034
	1.44
Cascade	No	19	24.05	60	75.95	79	100.00	0	0.00	79
	0.11
Castletown	No	422	22.04	1493	77.96	1915	99.27	14	0.73	1929	2.69
Condingup	No	64	29.49	153	70.51	217	99.54	1	0.46	218	0.30
Cooke Point	No	222	39.93	334	60.07	556	98.93	6	1.07	562	0.78
Coolgardie	No	83	18.12	375	81.88	458	98.71	6	1.29	464	0.65
Coral Bay	No	21	28.77	52	71.23	73	97.33	2	2.67	75	0.10
Cue	No	33	23.57	107	76.43	140	97.90	3	2.10	143	0.20
Dalyup	No	33	26.61	91	73.39	124	99.20	1	0.80	125	0.17
Dampier	No	273	38.56	435	61.44	708	99.58	3	0.42	711	0.99
Denham	No	83	23.51	270	76.49	353	98.88	4	1.12	357	0.50
Derby	No	407	34.35	778	65.65	1185	99.25	9	0.75	1194	1.67
Esperance	No	656	26.39	1830	73.61	2486	99.00	25	1.00	2511	3.51
Exmouth	No	303	31.96	645	68.04	948	98.85	11	1.15	959	1.34
Fitzroy Crossing	No	110	28.50	276	71.50	386	97.47	10	2.53	396
	0.55
Gascoyne Junction	No	9	18.37	40	81.63	49	100.00	0	0.00	49
	0.07
Gibson	No	38	22.89	128	77.11	166	100.00	0	0.00	166
	0.23
Grass Patch	No	22	19.82	89	80.18	111	98.23	2	1.77	113	0.16
Halls Creek	No	122	27.29	325	72.71	447	98.46	7	1.54	454	0.63
Hines Hill	No	7	12.96	47	87.04	54	100.00	0	0.00	54
	0.08
Horrocks	No	16	18.82	69	81.18	85	98.84	1	1.16	86	0.12
Jigalong	Yes	55	77.46	16	22.54	71	98.61	1	1.39	72	0.10
Kalbarri	No	189	29.17	459	70.83	648	99.23	5	0.77	653	0.91
Kalgoorlie	No	1058	31.15	2338	68.85	3396	98.78	42	1.22	3438	4.80
Kalgoorlie East	No	32	22.38	111	77.62	143	99.31	1	0.69	144
	0.20
Kalgoorlie Eastern Goldfields	No	157	29.51	375	70.49	532	99.81	1
	0.19	533	0.74
Kalgoorlie Halfway	No	473	27.52	1246	72.48	1719	99.02	17	0.98
	1736	2.42
Kalgoorlie Hannans	No	305	39.77	462	60.23	767	99.74	2	0.26
	769	1.07
Kalgoorlie North	No	527	31.88	1126	68.12	1653	99.10	15	0.90	1668
	2.33
Kalgoorlie Regional Hospital	No	168	32.94	342	67.06	510	98.46	8
	1.54	518	0.72
Kalgoorlie Wallace Park	No	171	35.04	317	64.96	488	100.00	0
	0.00	488	0.68
Kambalda	No	108	29.59	257	70.41	365	97.86	8	2.14	373	0.52
Kambalda West	No	246	28.11	629	71.89	875	99.43	5	0.57	880
	1.23
Karratha	No	520	38.52	830	61.48	1350	99.19	11	0.81	1361	1.90
Karratha West	No	1090	39.62	1661	60.38	2751	99.35	18	0.65	2769
	3.87
Kununurra	No	491	29.61	1167	70.39	1658	99.16	14	0.84	1672	2.33
Laverton	No	45	19.48	186	80.52	231	98.30	4	1.70	235	0.33
Leinster	No	114	36.89	195	63.11	309	99.04	3	0.96	312	0.44
Leonora	No	100	28.90	246	71.10	346	100.00	0	0.00	346
	0.48
Looma	No	28	18.42	124	81.58	152	100.00	0	0.00	152	0.21
Marble Bar	No	50	42.02	69	57.98	119	99.17	1	0.83	120	0.17
Marvel Loch	No	41	32.54	85	67.46	126	99.21	1	0.79	127	0.18
Meekatharra	No	89	23.18	295	76.82	384	99.74	1	0.26	385	0.54
Menzies	No	14	21.21	52	78.79	66	98.51	1	1.49	67	0.09
Merredin	No	242	26.22	681	73.78	923	98.40	15	1.60	938	1.31
Merredin District Hospital	No	70	25.74	202	74.26	272	97.84	6
	2.16	278	0.39
Merredin South	No	101	22.20	354	77.80	455	98.48	7	1.52	462
	0.65
Moorine Rock	No	17	17.17	82	82.83	99	100.00	0	0.00	99
	0.14
Mount Magnet	No	69	21.97	245	78.03	314	99.37	2	0.63	316
	0.44
Mowanjum	No	20	21.28	74	78.72	94	98.95	1	1.05	95	0.13
Mullewa	No	85	23.68	274	76.32	359	98.90	4	1.10	363	0.51
Munglinup (Kalgoorlie)	No	15	27.27	40	72.73	55	100.00	0
	0.00	55	0.08
Muntadgin	No	12	22.22	42	77.78	54	100.00	0	0.00	54
	0.08
Nabawa	No	33	18.54	145	81.46	178	98.89	2	1.11	180	0.25
Newman	No	271	35.06	502	64.94	773	98.85	9	1.15	782	1.09
Newman North	No	265	35.57	480	64.43	745	99.07	7	0.93	752
	1.05
Noonkanbah	No	45	48.91	47	51.09	92	100.00	0	0.00	92
	0.13
Norseman	No	115	21.66	416	78.34	531	99.44	3	0.56	534	0.75
Northampton	No	166	20.07	661	79.93	827	99.28	6	0.72	833	1.16
Nullagine	No	19	19.00	81	81.00	100	99.01	1	0.99	101	0.14
Nulsen	No	308	26.28	864	73.72	1172	98.99	12	1.01	1184	1.65
Onslow	No	69	24.47	213	75.53	282	99.65	1	0.35	283	0.40
Pannawonica	No	97	33.45	193	66.55	290	98.31	5	1.69	295	0.41
Paraburdoo	No	163	27.26	435	72.74	598	99.01	6	0.99	604	0.84
Perth (Kalgoorlie)	No	30	44.78	37	55.22	67	95.71	3	4.29	70
	0.10
Port Hedland	No	376	37.94	615	62.06	991	99.00	10	1.00	1001
	1.40
Roebourne	No	106	28.80	262	71.20	368	98.92	4	1.08	372	0.52
Rottnest (Kalgoorlie)	Yes	5	55.56	4	44.44	9	100.00	0
	0.00	9	0.01
Salmon Gums	No	30	25.00	90	75.00	120	100.00	0	0.00	120
	0.17
Sandstone	No	15	38.46	24	61.54	39	97.50	1	2.50	40	0.06
Scaddan	No	29	35.80	52	64.20	81	100.00	0	0.00	81
	0.11
Southern Cross	No	138	25.05	413	74.95	551	99.46	3	0.54	554
	0.77
South Hedland	No	438	36.87	750	63.13	1188	98.92	13	1.08	1201
	1.68
South Hedland Baler	No	539	36.05	956	63.95	1495	99.27	11	0.73
	1506	2.10
Tardun	No	27	31.76	58	68.24	85	100.00	0	0.00	85
	0.12
Telfer	No	3	15.00	17	85.00	20	100.00	0	0.00	20
	0.03
Tom Price	No	441	35.06	817	64.94	1258	99.21	10	0.79	1268	1.77
Useless Loop	No	18	29.51	43	70.49	61	100.00	0	0.00	61
	0.09
Wangkatjungka	No	25	21.93	89	78.07	114	99.13	1	0.87	115
	0.16
Warmun	No	45	37.19	76	62.81	121	99.18	1	0.82	122	0.17
Westonia	No	20	23.81	64	76.19	84	100.00	0	0.00	84
	0.12
Wickham	No	243	31.64	525	68.36	768	99.10	7	0.90	775	1.08
Wiluna	No	33	30.28	76	69.72	109	100.00	0	0.00	109
	0.15
Wyndham	No	83	22.07	293	77.93	376	99.47	2	0.53	378	0.53
Yalgoo	No	8	17.78	37	82.22	45	100.00	0	0.00	45
	0.06
Yandeyarra	Yes	40	54.79	33	45.21	73	100.00	0	0.00	73
	0.10
Yuna	No	33	27.97	85	72.03	118	100.00	0	0.00	118	0.16
Special Hospitals	No	66	35.11	122	64.89	188	94.47	11	5.53	199
	0.28
Remote Mobiles	No	1007	49.80	1015	50.20	2022	98.59	29	1.41	2051
	2.86
Prison Mobiles	No	29	31.52	63	68.48	92	98.92	1	1.08	93
	0.13
Total Ordinary	No	18141	31.39	39658	68.61	57799	99.04	562	0.96	58361
	81.50
ABSENT	No	2000	32.75	4107	67.25	6107	99.30	43	0.70	6150	8.59
POSTAL	No	537	24.80	1628	75.20	2165	99.27	16	0.73	2181	3.05
PRE_POLL	No	1614	36.88	2762	63.12	4376	99.55	20	0.45	4396	6.14
PROVISIONAL	No	162	31.46	353	68.54	515	98.47	8	1.53	523	0.73
Division Summary	No	22454	31.64	48508	68.36	70962	99.09	649	0.91	71611
	86.67
