Referendum: 6 November 1999									
		
Referendum Results										
	
By Division by Polling Place									
		

"A proposed law for the Alteration of the Constitution, entitled"			
								
   the Constitutional Alteration (Preamble) 1999					
						
											
											
South Australia											
Port Adelaide (86325)										
	

		Yes		No		Formal		Informal		Total	
Polling Place		                                                             
Votes	%	Votes	%	Votes	%	Votes	%	Votes	%
Adelaide (Port Adelaide)	No	41	37.61	68	62.39	109	96.46	4
	3.54	113	0.14
Albert Park	No	376	39.45	577	60.55	953	97.94	20	2.06	973	1.18
Allenby Gardens	No	583	47.55	643	52.45	1226	99.19	10	0.81	1236
	1.50
Beverley	No	317	45.29	383	54.71	700	98.31	12	1.69	712	0.86
Birkenhead	No	730	36.89	1249	63.11	1979	97.87	43	2.13	2022	2.45
Cheltenham	No	570	41.01	820	58.99	1390	98.86	16	1.14	1406	1.70
Croydon (Port Adelaide)	Yes	524	52.72	470	47.28	994	98.71	13	1.29
	1007	1.22
Croydon Park West (Port Adelaide)	No	172	42.57	232	57.43	404	98.06	8
	1.94	412	0.50
Ethelton	No	360	39.22	558	60.78	918	98.39	15	1.61	933	1.13
Ferryden Park	No	407	35.86	728	64.14	1135	98.44	18	1.56	1153
	1.40
Findon	No	801	46.54	920	53.46	1721	98.29	30	1.71	1751	2.12
Findon North	No	508	43.42	662	56.58	1170	99.32	8	0.68	1178
	1.43
Grange	No	1482	44.99	1812	55.01	3294	98.86	38	1.14	3332	4.04
Kilkenny	No	529	47.36	588	52.64	1117	98.67	15	1.33	1132	1.37
Largs Bay	No	1183	35.57	2143	64.43	3326	99.05	32	0.95	3358	4.07
Largs Bay Central	No	385	44.15	487	55.85	872	99.20	7	0.80	879
	1.07
Mansfield Park	No	796	40.49	1170	59.51	1966	97.91	42	2.09	2008
	2.43
North Haven	No	1003	39.53	1534	60.47	2537	99.41	15	0.59	2552	3.09
Ottoway	No	761	46.04	892	53.96	1653	98.28	29	1.72	1682	2.04
Pennington	No	690	43.23	906	56.77	1596	98.64	22	1.36	1618	1.96
Port Adelaide	No	248	40.86	359	59.14	607	98.22	11	1.78	618
	0.75
Queenstown	No	631	36.79	1084	63.21	1715	98.45	27	1.55	1742	2.11
Rosewater	No	790	37.37	1324	62.63	2114	98.79	26	1.21	2140	2.59
Royal Park	No	844	43.06	1116	56.94	1960	98.20	36	1.80	1996	2.42
Royal Park South	No	745	40.49	1095	59.51	1840	98.61	26	1.39	1866
	2.26
Seaton	No	904	41.07	1297	58.93	2201	98.39	36	1.61	2237	2.71
Seaton Park	No	1055	43.13	1391	56.87	2446	98.99	25	1.01	2471	2.99
Seaton West	No	607	42.21	831	57.79	1438	98.70	19	1.30	1457	1.77
Semaphore	No	786	40.43	1158	59.57	1944	99.28	14	0.72	1958	2.37
Semaphore Park	No	528	38.12	857	61.88	1385	99.50	7	0.50	1392
	1.69
Semaphore Park South	No	418	33.85	817	66.15	1235	98.64	17	1.36
	1252	1.52
Semaphore South	No	529	40.44	779	59.56	1308	99.24	10	0.76	1318
	1.60
Taperoo	No	894	33.40	1783	66.60	2677	99.04	26	0.96	2703	3.28
Taperoo East	No	404	28.73	1002	71.27	1406	98.53	21	1.47	1427
	1.73
Virginia (Port Adelaide)	No	172	33.66	339	66.34	511	98.27	9
	1.73	520	0.63
West Croydon	No	907	46.39	1048	53.61	1955	98.39	32	1.61	1987
	2.41
West Lakes Shore	No	2066	45.57	2468	54.43	4534	99.32	31	0.68	4565
	5.53
Woodville	No	786	48.94	820	51.06	1606	99.01	16	0.99	1622	1.97
Woodville Gardens	No	1191	43.51	1546	56.49	2737	98.10	53	1.90	2790
	3.38
Woodville North	No	528	39.67	803	60.33	1331	98.52	20	1.48	1351
	1.64
Woodville South	No	748	41.39	1059	58.61	1807	98.69	24	1.31	1831
	2.22
Woodville West	No	677	36.57	1174	63.43	1851	98.35	31	1.65	1882
	2.28
Special Hospitals	No	167	38.13	271	61.87	438	97.99	9	2.01	447
	0.54
Total Ordinary	No	28843	41.14	41263	58.86	70106	98.70	923	1.30	71029
	86.07
ABSENT	No	2089	41.11	2992	58.89	5081	99.10	46	0.90	5127	6.21
POSTAL	No	1049	32.00	2229	68.00	3278	99.09	30	0.91	3308	4.01
PRE_POLL	No	1202	43.74	1546	56.26	2748	99.31	19	0.69	2767	3.35
PROVISIONAL	No	123	42.56	166	57.44	289	97.31	8	2.69	297	0.36
Division Summary	No	33306	40.87	48196	59.13	81502	98.76	1026	1.24	82528
	95.60
