Referendum: 6 November 1999									
		
Referendum Results										
	
By Division by Polling Place									
		

"A proposed law for the Alteration of the Constitution, entitled"			
								
   the Constitutional Alteration (Establishment of Republic) 1999			
								
											
											
Western Australia											
Tangney (85797)											

		Yes		No		Formal		Informal		Total	
Polling Place		Votes	%	Votes	%	Votes	%	Votes	%	Votes	%
Applecross	No	1557	47.37	1730	52.63	3287	99.58	14	0.42	3301	4.01
Ardross	No	316	45.08	385	54.92	701	99.01	7	0.99	708	0.86
Ardross West	Yes	656	51.74	612	48.26	1268	99.45	7	0.55	1275
	1.55
Bateman	Yes	1030	52.52	931	47.48	1961	99.19	16	0.81	1977	2.40
Booragoon	No	1190	47.64	1308	52.36	2498	99.32	17	0.68	2515	3.06
Brentwood	No	1438	48.29	1540	51.71	2978	99.04	29	0.96	3007	3.66
Bull Creek	No	971	49.95	973	50.05	1944	99.13	17	0.87	1961	2.39
Bull Creek East	Yes	770	50.36	759	49.64	1529	99.35	10	0.65	1539
	1.87
Bull Creek North	No	545	44.38	683	55.62	1228	99.43	7	0.57	1235
	1.50
Canning Vale	No	1417	43.44	1845	56.56	3262	99.51	16	0.49	3278
	3.99
Canning Vale South	No	449	46.67	513	53.33	962	99.69	3	0.31
	965	1.17
Ferndale	No	395	39.78	598	60.22	993	99.30	7	0.70	1000	1.22
Ferndale East	No	615	37.85	1010	62.15	1625	99.21	13	0.79	1638
	1.99
Kardinya (Tangney)	No	872	49.41	893	50.59	1765	99.16	15	0.84
	1780	2.16
Langford	No	849	37.92	1390	62.08	2239	98.98	23	1.02	2262	2.75
Leeming	Yes	1218	51.92	1128	48.08	2346	99.36	15	0.64	2361	2.87
Leeming East	Yes	913	50.36	900	49.64	1813	99.34	12	0.66	1825
	2.22
Leeming West	No	1077	49.75	1088	50.25	2165	99.49	11	0.51	2176
	2.65
Lynwood	No	469	35.67	846	64.33	1315	99.32	9	0.68	1324	1.61
Mt Pleasant	No	1337	48.30	1431	51.70	2768	99.21	22	0.79	2790	3.39
Parkwood	No	1778	42.85	2371	57.15	4149	99.07	39	0.93	4188	5.09
Perth (Tangney)	No	74	45.40	89	54.60	163	100.00	0	0.00
	163	0.20
Riverton	No	944	43.30	1236	56.70	2180	99.23	17	0.77	2197	2.67
Rossmoyne	Yes	1015	50.42	998	49.58	2013	99.55	9	0.45	2022	2.46
Rottnest (Tangney)	Yes	87	56.49	67	43.51	154	99.35	1	0.65
	155	0.19
Shelley	No	791	48.47	841	51.53	1632	99.45	9	0.55	1641	2.00
Thornlie (Tangney)	No	293	39.38	451	60.62	744	99.20	6	0.80
	750	0.91
Thornlie South (Tangney)	No	911	41.11	1305	58.89	2216	99.46	12
	0.54	2228	2.71
Thornlie West (Tangney)	No	658	37.09	1116	62.91	1774	98.56	26	1.44
	1800	2.19
Willetton	No	1421	46.00	1668	54.00	3089	99.13	27	0.87	3116	3.79
Willetton East	No	1692	48.82	1774	51.18	3466	99.28	25	0.72	3491
	4.25
Willetton North	No	517	44.65	641	55.35	1158	99.40	7	0.60	1165
	1.42
Willetton South	No	1670	49.96	1673	50.04	3343	99.26	25	0.74	3368
	4.10
Winthrop	Yes	2184	57.46	1617	42.54	3801	99.50	19	0.50	3820	4.65
Special Hospitals	No	97	25.59	282	74.41	379	99.74	1	0.26	380
	0.46
Prison Mobiles	Yes	3	100.00	0	0.00	3	100.00	0
	0.00	3	0.00
Total Ordinary	No	32219	46.75	36692	53.25	68911	99.29	493	0.71	69404
	84.41
ABSENT	No	2970	44.64	3683	55.36	6653	99.42	39	0.58	6692	8.14
POSTAL	No	608	37.32	1021	62.68	1629	99.51	8	0.49	1637	1.99
PRE_POLL	No	2025	49.96	2028	50.04	4053	99.48	21	0.52	4074	4.95
PROVISIONAL	No	175	42.58	236	57.42	411	99.28	3	0.72	414	0.50
Division Summary	No	37997	46.53	43660	53.47	81657	99.31	564	0.69	82221
	95.83
