Referendum: 6 November 1999									
		
Referendum Results										
	
By Division by Polling Place									
		

"A proposed law for the Alteration of the Constitution, entitled"			
								
   the Constitutional Alteration (Preamble) 1999					
						
											
											
New South Wales											
Richmond (90466)											

		Yes		No		Formal		Informal		Total	
Polling Place		                                                             
Votes	%	Votes	%	Votes	%	Votes	%	Votes	%
Alstonville	No	1272	38.99	1990	61.01	3262	99.30	23	0.70	3285	3.83
Ballina	No	1588	36.20	2799	63.80	4387	98.81	53	1.19	4440	5.18
Ballina East	No	1027	42.92	1366	57.08	2393	99.46	13	0.54	2406
	2.81
Ballina Hospital	No	586	36.79	1007	63.21	1593	99.31	11	0.69	1604
	1.87
Ballina West	No	420	33.52	833	66.48	1253	98.97	13	1.03	1266
	1.48
Bangalow	No	474	41.76	661	58.24	1135	99.13	10	0.87	1145	1.34
Banora Point	No	1011	36.47	1761	63.53	2772	99.04	27	0.96	2799
	3.27
Banora Point South	No	830	36.44	1448	63.56	2278	99.30	16	0.70
	2294	2.68
Banora Point West	No	607	37.45	1014	62.55	1621	98.78	20	1.22	1641
	1.91
Bilambil	No	558	40.61	816	59.39	1374	99.35	9	0.65	1383	1.61
Billinudgel	No	160	31.13	354	68.87	514	99.23	4	0.77	518	0.60
Bray Park	No	342	35.96	609	64.04	951	99.27	7	0.73	958	1.12
Brunswick Heads	No	520	33.77	1020	66.23	1540	99.29	11	0.71	1551
	1.81
Burringbar	No	227	39.07	354	60.93	581	99.49	3	0.51	584	0.68
Byron Bay	No	1172	46.71	1337	53.29	2509	98.24	45	1.76	2554	2.98
Byron Bay South	No	761	43.21	1000	56.79	1761	98.43	28	1.57	1789
	2.09
Cabarita Beach	No	633	39.54	968	60.46	1601	98.89	18	1.11	1619
	1.89
Carool	Yes	45	52.33	41	47.67	86	97.73	2	2.27	88	0.10
Chillingham	No	89	31.45	194	68.55	283	99.65	1	0.35	284	0.33
Chinderah	No	269	30.26	620	69.74	889	99.11	8	0.89	897	1.05
Condong	No	314	38.34	505	61.66	819	99.27	6	0.73	825	0.96
Coorabell	No	41	36.28	72	63.72	113	99.12	1	0.88	114	0.13
Crabbes Creek	No	38	37.25	64	62.75	102	100.00	0	0.00
	102	0.12
Crystal Creek	No	90	32.73	185	67.27	275	100.00	0	0.00
	275	0.32
Cudgen	No	182	37.76	300	62.24	482	98.37	8	1.63	490	0.57
Dungay	No	70	31.67	151	68.33	221	99.55	1	0.45	222	0.26
Duranbah	No	48	34.53	91	65.47	139	100.00	0	0.00	139
	0.16
Durrumbul	Yes	72	64.29	40	35.71	112	100.00	0	0.00	112
	0.13
Empire Vale	No	77	34.68	145	65.32	222	97.80	5	2.20	227	0.26
Eureka	No	60	36.14	106	63.86	166	100.00	0	0.00	166
	0.19
Ewingsdale	No	110	41.67	154	58.33	264	99.62	1	0.38	265	0.31
Federal	No	155	39.24	240	60.76	395	98.50	6	1.50	401	0.47
Fernleigh	No	89	38.53	142	61.47	231	99.14	2	0.86	233	0.27
Fingal Head	No	71	26.49	197	73.51	268	98.89	3	1.11	271	0.32
Goonengerry	No	48	39.34	74	60.66	122	100.00	0	0.00	122
	0.14
Hastings Point	No	101	33.78	198	66.22	299	98.03	6	1.97	305
	0.36
Kingscliff	No	1036	38.95	1624	61.05	2660	98.96	28	1.04	2688	3.14
Kunghur	No	51	30.36	117	69.64	168	100.00	0	0.00	168
	0.20
Lennox Head	No	1108	45.65	1319	54.35	2427	99.47	13	0.53	2440	2.85
Mcleans Ridges	No	21	35.00	39	65.00	60	100.00	0	0.00	60
	0.07
Main Arm Upper	No	33	36.26	58	63.74	91	98.91	1	1.09	92
	0.11
Meerschaum Vale	No	76	33.33	152	66.67	228	99.13	2	0.87	230
	0.27
Mooball	No	55	32.74	113	67.26	168	99.41	1	0.59	169	0.20
Mullumbimby	No	999	37.58	1659	62.42	2658	98.08	52	1.92	2710	3.16
Murwillumbah	No	1109	36.11	1962	63.89	3071	99.16	26	0.84	3097
	3.61
Murwillumbah South	No	321	30.31	738	69.69	1059	98.97	11	1.03
	1070	1.25
Newrybar	No	177	38.90	278	61.10	455	99.13	4	0.87	459	0.54
Ocean Shores	No	874	44.96	1070	55.04	1944	98.53	29	1.47	1973
	2.30
Piggabeen	No	188	32.58	389	67.42	577	99.14	5	0.86	582	0.68
Pimlico	No	42	32.06	89	67.94	131	97.04	4	2.96	135	0.16
Pottsville Beach	No	599	39.49	918	60.51	1517	99.48	8	0.52	1525
	1.78
Rous	No	161	38.52	257	61.48	418	100.00	0	0.00	418	0.49
Stokers Siding	No	89	39.56	136	60.44	225	100.00	0	0.00
	225	0.26
Sydney (Richmond)	No	14	48.28	15	51.72	29	96.67	1	3.33	30
	0.04
Terranora	No	457	39.64	696	60.36	1153	99.48	6	0.52	1159	1.35
Tintenbar	No	175	44.19	221	55.81	396	99.75	1	0.25	397	0.46
Tumbulgum	No	142	37.08	241	62.92	383	98.97	4	1.03	387	0.45
Tweed Heads	No	1230	36.39	2150	63.61	3380	98.98	35	1.02	3415	3.98
Tweed Heads Central	No	816	36.64	1411	63.36	2227	99.33	15	0.67
	2242	2.62
Tweed Heads South	No	1066	34.84	1994	65.16	3060	99.22	24	0.78	3084
	3.60
Tyalgum	No	144	33.03	292	66.97	436	99.54	2	0.46	438	0.51
Uki	No	299	42.11	411	57.89	710	98.75	9	1.25	719	0.84
Wardell	No	193	34.04	374	65.96	567	98.95	6	1.05	573	0.67
Wilsons Creek	No	51	40.16	76	59.84	127	98.45	2	1.55	129
	0.15
Wollongbar	No	533	38.93	836	61.07	1369	99.27	10	0.73	1379	1.61
Special Hospitals	No	187	41.65	262	58.35	449	98.25	8	1.75	457
	0.53
Total Ordinary	No	26403	38.18	42753	61.82	69156	99.04	668	0.96	69824
	81.48
ABSENT	No	1377	42.29	1879	57.71	3256	99.00	33	1.00	3289	3.84
POSTAL	No	978	31.47	2130	68.53	3108	99.36	20	0.64	3128	3.65
PRE_POLL	No	3324	37.23	5605	62.77	8929	99.58	38	0.42	8967	10.46
PROVISIONAL	No	227	46.71	259	53.29	486	98.98	5	1.02	491	0.57
Division Summary	No	32309	38.04	52626	61.96	84935	99.11	764	0.89	85699
	94.73
