Referendum: 6 November 1999									
		
Referendum Results										
	
By Division by Polling Place									
		

"A proposed law for the Alteration of the Constitution, entitled"			
								
   the Constitutional Alteration (Establishment of Republic) 1999			
								
											
											
New South Wales											
Bennelong (85000)											

		Yes		No		Formal		Informal		Total	
Polling Place		Votes	%	Votes	%	Votes	%	Votes	%	Votes	%
Balaclava	Yes	1453	60.64	943	39.36	2396	99.30	17	0.70	2413	2.98
Boronia Park	Yes	1390	59.00	966	41.00	2356	99.49	12	0.51	2368
	2.92
Denistone	Yes	427	51.63	400	48.37	827	99.28	6	0.72	833	1.03
Denistone East	Yes	1183	52.60	1066	47.40	2249	99.38	14	0.62	2263
	2.79
Eastview	No	309	47.18	346	52.82	655	99.54	3	0.46	658	0.81
Eastwood	Yes	2665	62.01	1633	37.99	4298	99.42	25	0.58	4323	5.33
Eastwood Heights	Yes	969	50.21	961	49.79	1930	99.08	18	0.92	1948
	2.40
Eastwood West	Yes	366	53.51	318	46.49	684	99.56	3	0.44	687
	0.85
Epping (Bennelong)	Yes	1223	58.38	872	41.62	2095	99.48	11	0.52
	2106	2.60
Epping East	Yes	1667	57.52	1231	42.48	2898	99.35	19	0.65	2917	3.60
Epping North	Yes	1285	53.03	1138	46.97	2423	99.55	11	0.45	2434
	3.00
Epping West (Bennelong)	Yes	543	52.57	490	47.43	1033	99.52	5	0.48
	1038	1.28
Ermington (Bennelong)	Yes	644	51.36	610	48.64	1254	99.29	9	0.71
	1263	1.56
Gladesville	Yes	1702	57.48	1259	42.52	2961	98.83	35	1.17	2996	3.69
Gladesville Central	Yes	307	52.12	282	47.88	589	99.33	4	0.67
	593	0.73
Gladesville East	Yes	173	54.06	147	45.94	320	99.38	2	0.62	322
	0.40
Gladesville North	Yes	939	53.08	830	46.92	1769	98.72	23	1.28	1792
	2.21
Gladesville West	Yes	523	54.82	431	45.18	954	99.48	5	0.52	959
	1.18
Hunters Hill	Yes	911	57.19	682	42.81	1593	99.50	8	0.50	1601
	1.97
Hunters Hill West	Yes	658	57.47	487	42.53	1145	99.13	10	0.87	1155
	1.42
Kent Road	Yes	1237	52.55	1117	47.45	2354	98.53	35	1.47	2389	2.95
Kittys Creek	Yes	173	54.92	142	45.08	315	98.44	5	1.56	320
	0.39
Lyon Park	Yes	832	57.38	618	42.62	1450	98.98	15	1.02	1465	1.81
Marsfield	Yes	1196	54.84	985	45.16	2181	99.09	20	0.91	2201	2.71
Meadowbank	Yes	626	57.01	472	42.99	1098	99.46	6	0.54	1104	1.36
Parkes Street	Yes	789	54.94	647	45.06	1436	99.24	11	0.76	1447
	1.78
Putney	Yes	1575	54.84	1297	45.16	2872	99.27	21	0.73	2893	3.57
Royal Ryde Homes	No	47	50.00	47	50.00	94	98.95	1	1.05	95
	0.12
Ryde	Yes	1982	55.47	1591	44.53	3573	98.57	52	1.43	3625	4.47
Ryde Central	No	530	49.95	531	50.05	1061	99.07	10	0.93	1071
	1.32
Ryde East	Yes	1729	54.32	1454	45.68	3183	99.34	21	0.66	3204	3.95
Ryde Heights	Yes	294	53.16	259	46.84	553	98.05	11	1.95	564
	0.70
Ryde Hospital	No	310	49.28	319	50.72	629	99.06	6	0.94	635
	0.78
Ryde North	Yes	1776	53.27	1558	46.73	3334	98.90	37	1.10	3371	4.16
Ryde South	No	266	49.44	272	50.56	538	99.45	3	0.55	541	0.67
Sydney (Bennelong)	Yes	134	69.43	59	30.57	193	98.47	3	1.53
	196	0.24
Truscott	No	685	44.34	860	55.66	1545	99.42	9	0.58	1554	1.92
Water Tanks	No	665	48.15	716	51.85	1381	98.71	18	1.29	1399	1.73
West Ryde	Yes	1905	55.38	1535	44.62	3440	99.16	29	0.84	3469	4.28
Wicks	Yes	192	56.64	147	43.36	339	99.41	2	0.59	341	0.42
Woolwich	Yes	405	61.27	256	38.73	661	100.00	0	0.00	661
	0.82
Special Hospitals	No	183	31.12	405	68.88	588	98.66	8	1.34	596
	0.74
Total Ordinary	Yes	36868	54.82	30379	45.18	67247	99.17	563	0.83	67810
	83.63
ABSENT	Yes	3439	57.98	2492	42.02	5931	99.45	33	0.55	5964	7.36
POSTAL	No	1085	38.37	1743	61.63	2828	99.65	10	0.35	2838	3.50
PRE_POLL	Yes	2323	57.15	1742	42.85	4065	99.56	18	0.44	4083	5.04
PROVISIONAL	Yes	235	60.72	152	39.28	387	98.72	5	1.28	392	0.48
Division Summary	Yes	43950	54.62	36508	45.38	80458	99.22	629	0.78	81087
	95.40
