Referendum: 6 November 1999									
		
Referendum Results										
	
By Division by Polling Place									
		

"A proposed law for the Alteration of the Constitution, entitled"			
								
   the Constitutional Alteration (Establishment of Republic) 1999			
								
											
											
New South Wales											
New England (75295)										
	

		Yes		No		Formal		Informal		Total	
Polling Place		Votes	%	Votes	%	Votes	%	Votes	%	Votes	%
Arding	No	104	43.70	134	56.30	238	98.35	4	1.65	242	0.34
Armidale	No	1533	49.37	1572	50.63	3105	99.07	29	0.93	3134	4.35
Armidale East	No	483	39.92	727	60.08	1210	99.18	10	0.82	1220
	1.69
Armidale Hospital	No	215	41.51	303	58.49	518	99.04	5	0.96	523
	0.73
Armidale South	Yes	565	54.48	472	45.52	1037	99.62	4	0.38	1041
	1.45
Armidale University	Yes	158	50.16	157	49.84	315	99.37	2	0.63
	317	0.44
Armidale West	No	886	39.47	1359	60.53	2245	98.81	27	1.19	2272
	3.16
Attunga	No	86	20.67	330	79.33	416	99.52	2	0.48	418	0.58
Bendemeer	No	88	28.85	217	71.15	305	99.35	2	0.65	307	0.43
Ben Lomond	No	23	21.30	85	78.70	108	100.00	0	0.00	108
	0.15
Ben Venue	No	1197	46.52	1376	53.48	2573	99.57	11	0.43	2584	3.59
Black Mountain	No	53	43.09	70	56.91	123	100.00	0	0.00
	123	0.17
Bundarra	No	98	25.86	281	74.14	379	99.74	1	0.26	380	0.53
Calala	No	371	33.64	732	66.36	1103	99.46	6	0.54	1109	1.54
Dangarsleigh	No	38	23.17	126	76.83	164	100.00	0	0.00
	164	0.23
Deepwater	No	84	24.49	259	75.51	343	100.00	0	0.00	343
	0.48
Dundee	No	19	25.00	57	75.00	76	98.70	1	1.30	77	0.11
Dungowan	No	69	26.64	190	73.36	259	99.23	2	0.77	261	0.36
Duri	No	98	32.56	203	67.44	301	100.00	0	0.00	301	0.42
Ebor	No	33	33.00	67	67.00	100	99.01	1	0.99	101	0.14
Elsmore	No	23	25.00	69	75.00	92	100.00	0	0.00	92
	0.13
Emmaville	No	95	25.07	284	74.93	379	99.74	1	0.26	380	0.53
Gilgai	No	72	20.00	288	80.00	360	99.72	1	0.28	361	0.50
Glencoe	No	30	24.79	91	75.21	121	100.00	0	0.00	121
	0.17
Glen Innes	No	566	27.79	1471	72.21	2037	99.41	12	0.59	2049	2.85
Glen Innes Hospital	No	122	23.37	400	76.63	522	99.62	2	0.38
	524	0.73
Glen Innes West	No	377	23.07	1257	76.93	1634	99.09	15	0.91	1649
	2.29
Gum Flat	No	25	35.71	45	64.29	70	97.22	2	2.78	72	0.10
Guyra	No	340	21.05	1275	78.95	1615	99.63	6	0.37	1621	2.25
Hallsville	No	45	20.45	175	79.55	220	100.00	0	0.00	220
	0.31
Hillgrove	No	22	25.58	64	74.42	86	96.63	3	3.37	89	0.12
Hillvue	No	1013	32.46	2108	67.54	3121	99.27	23	0.73	3144	4.37
Inverell	No	706	25.81	2029	74.19	2735	99.42	16	0.58	2751	3.82
Inverell East	No	354	23.29	1166	76.71	1520	99.61	6	0.39	1526
	2.12
Jennings	No	35	32.11	74	67.89	109	98.20	2	1.80	111	0.15
Kentucky	No	64	34.22	123	65.78	187	99.47	1	0.53	188	0.26
Kingstown	No	12	12.63	83	87.37	95	100.00	0	0.00	95
	0.13
Kootingal	No	306	24.62	937	75.38	1243	99.52	6	0.48	1249	1.73
Loomberah	No	33	23.08	110	76.92	143	100.00	0	0.00	143
	0.20
Martins Gully	Yes	304	50.41	299	49.59	603	99.50	3	0.50	606
	0.84
Mole Crossing	No	34	40.48	50	59.52	84	100.00	0	0.00	84
	0.12
Moonbi	No	107	21.97	380	78.03	487	98.78	6	1.22	493	0.68
Moor Creek	No	147	36.48	256	63.52	403	99.02	4	0.98	407	0.57
Nazareth House	No	67	33.84	131	66.16	198	100.00	0	0.00
	198	0.27
Nemingha	No	194	27.48	512	72.52	706	99.58	3	0.42	709	0.98
Niangala	No	26	25.24	77	74.76	103	100.00	0	0.00	103
	0.14
Nowendoc	No	15	19.48	62	80.52	77	98.72	1	1.28	78	0.11
Nundle	No	95	23.87	303	76.13	398	98.27	7	1.73	405	0.56
Oxley Vale	No	495	32.89	1010	67.11	1505	99.27	11	0.73	1516	2.11
Peel High	No	419	25.52	1223	74.48	1642	99.15	14	0.85	1656	2.30
Red Range	No	18	13.14	119	86.86	137	99.28	1	0.72	138	0.19
Rocky River	No	80	37.74	132	62.26	212	99.53	1	0.47	213	0.30
Ross Hill	No	475	28.02	1220	71.98	1695	99.65	6	0.35	1701	2.36
Somerton	No	33	18.33	147	81.67	180	100.00	0	0.00	180
	0.25
Sunnyside	No	28	19.44	116	80.56	144	100.00	0	0.00	144
	0.20
Sydney (New England)	Yes	27	60.00	18	40.00	45	100.00	0
	0.00	45	0.06
Tamworth	No	518	32.76	1063	67.24	1581	99.00	16	1.00	1597	2.22
Tamworth High	No	1117	28.39	2817	71.61	3934	98.82	47	1.18	3981
	5.53
Tamworth Primary	No	1425	38.03	2322	61.97	3747	99.42	22	0.58	3769
	5.23
Tamworth West	No	576	32.21	1212	67.79	1788	99.28	13	0.72	1801
	2.50
Tenterfield	No	614	26.89	1669	73.11	2283	99.30	16	0.70	2299	3.19
Timbumburi	No	125	28.54	313	71.46	438	99.55	2	0.45	440	0.61
Tingha	No	106	21.37	390	78.63	496	99.60	2	0.40	498	0.69
Uralla	No	624	36.77	1073	63.23	1697	99.30	12	0.70	1709	2.37
Walcha	No	405	27.48	1069	72.52	1474	99.33	10	0.67	1484	2.06
Westdale	No	232	28.82	573	71.18	805	99.38	5	0.62	810	1.12
Wollomombi	No	34	31.19	75	68.81	109	100.00	0	0.00	109
	0.15
Woolbrook	No	26	22.03	92	77.97	118	99.16	1	0.84	119	0.17
Woolomin	No	50	26.04	142	73.96	192	98.97	2	1.03	194	0.27
Yarrowitch	No	22	24.44	68	75.56	90	98.90	1	1.10	91	0.13
Special Hospitals	No	112	25.57	326	74.43	438	98.43	7	1.57	445
	0.62
Total Ordinary	No	18991	32.18	40025	67.82	59016	99.30	416	0.70	59432
	82.54
ABSENT	No	1706	39.58	2604	60.42	4310	99.61	17	0.39	4327	6.01
POSTAL	No	589	25.33	1736	74.67	2325	99.49	12	0.51	2337	3.25
PRE_POLL	No	1836	35.20	3380	64.80	5216	99.64	19	0.36	5235	7.27
PROVISIONAL	No	206	31.02	458	68.98	664	99.25	5	0.75	669	0.93
Division Summary	No	23328	32.61	48203	67.39	71531	99.35	469	0.65	72000
	95.62
